0 0.6442307692307693 0.026442307692307765 0.5865384615384616 0.02644230769230776 0.5865384615384616 0.09134615384615391 0.6442307692307693 0.09134615384615391
0 0.5793269230769231 0.06730769230769237 0.5216346153846154 0.06730769230769237 0.5216346153846154 0.13701923076923084 0.5793269230769231 0.13701923076923084
0 0.5072115384615384 0.10576923076923084 0.44711538461538464 0.10576923076923084 0.44711538461538464 0.18269230769230776 0.5072115384615384 0.18269230769230776
0 0.44711538461538464 0.1658653846153847 0.38221153846153844 0.1658653846153847 0.38221153846153844 0.2524038461538462 0.44711538461538464 0.2524038461538462
0 0.38461538461538464 0.22115384615384623 0.31490384615384615 0.22115384615384623 0.31490384615384615 0.32211538461538464 0.38461538461538464 0.32211538461538464
0 0.3173076923076923 0.2716346153846154 0.25961538461538464 0.27163461538461536 0.25961538461538464 0.3485576923076923 0.3173076923076923 0.3485576923076923
0 0.24519230769230776 0.32211538461538464 0.1850961538461539 0.32211538461538464 0.1850961538461539 0.41346153846153844 0.24519230769230776 0.41346153846153844
0 0.17067307692307698 0.38221153846153844 0.10096153846153849 0.38221153846153844 0.10096153846153852 0.4567307692307692 0.17067307692307698 0.4567307692307692
0 0.2475961538461539 0.4543269230769231 0.18028846153846162 0.4543269230769231 0.18028846153846162 0.5456730769230769 0.2475961538461539 0.5456730769230769
0 0.31971153846153855 0.49759615384615385 0.2524038461538462 0.49759615384615385 0.2524038461538462 0.5985576923076923 0.3197115384615386 0.5985576923076923
0 0.3846153846153847 0.5096153846153846 0.31490384615384615 0.5096153846153846 0.3149038461538462 0.6177884615384616 0.38461538461538475 0.6177884615384616
0 0.4615384615384617 0.6057692307692307 0.40384615384615397 0.6057692307692307 0.40384615384615397 0.6802884615384616 0.4615384615384617 0.6802884615384616
0 0.5384615384615385 0.6129807692307693 0.47355769230769246 0.6129807692307693 0.47355769230769246 0.7211538461538461 0.5384615384615385 0.7211538461538461
0 0.6105769230769232 0.71875 0.5504807692307694 0.71875 0.5504807692307694 0.7836538461538461 0.6105769230769232 0.7836538461538461
0 0.6850961538461539 0.7716346153846154 0.625 0.7716346153846154 0.625 0.8533653846153846 0.6850961538461539 0.8533653846153846
0 0.7740384615384616 0.8293269230769231 0.7115384615384616 0.8293269230769231 0.7115384615384616 0.8966346153846154 0.7740384615384616 0.8966346153846154
0 0.8677884615384616 0.8461538461538461 0.7932692307692307 0.8461538461538461 0.7932692307692307 0.9543269230769231 0.8677884615384616 0.9543269230769231