0 0.108173076923077 0.6394230769230769 0.0408653846153847 0.6394230769230769 0.0408653846153847 0.6971153846153846 0.108173076923077 0.6971153846153846
0 0.14663461538461545 0.5673076923076923 0.07451923076923084 0.5673076923076923 0.07451923076923084 0.6274038461538461 0.14663461538461545 0.6274038461538461
0 0.17788461538461545 0.4951923076923077 0.108173076923077 0.4951923076923077 0.108173076923077 0.5480769230769231 0.17788461538461545 0.5480769230769231
0 0.24278846153846162 0.4206730769230769 0.16105769230769237 0.4206730769230769 0.16105769230769237 0.4807692307692308 0.24278846153846162 0.4807692307692308
0 0.3028846153846155 0.34615384615384615 0.20432692307692316 0.34615384615384615 0.20432692307692316 0.4110576923076923 0.3028846153846155 0.4110576923076923
0 0.3245192307692308 0.2836538461538462 0.2475961538461539 0.28365384615384615 0.2475961538461539 0.34134615384615385 0.3245192307692308 0.34134615384615385
0 0.37740384615384615 0.20432692307692316 0.29086538461538464 0.20432692307692316 0.29086538461538464 0.26201923076923084 0.37740384615384615 0.26201923076923084
0 0.41346153846153844 0.11298076923076926 0.3389423076923077 0.11298076923076926 0.3389423076923077 0.1850961538461539 0.41346153846153844 0.1850961538461539
0 0.5096153846153846 0.18269230769230776 0.4206730769230769 0.18269230769230776 0.4206730769230769 0.2475961538461539 0.5096153846153846 0.2475961538461539
0 0.5697115384615384 0.25000000000000006 0.47115384615384615 0.25000000000000006 0.47115384615384615 0.31250000000000006 0.5697115384615384 0.3125000000000001
0 0.5985576923076923 0.3100961538461539 0.49278846153846156 0.31009615384615385 0.49278846153846156 0.3774038461538462 0.5985576923076923 0.3774038461538463
0 0.6706730769230769 0.3870192307692309 0.5961538461538461 0.3870192307692309 0.5961538461538461 0.4447115384615386 0.6706730769230769 0.4447115384615386
0 0.7163461538461539 0.45432692307692324 0.6129807692307693 0.45432692307692324 0.6129807692307693 0.5144230769230771 0.7163461538461539 0.5144230769230771
0 0.7884615384615384 0.5216346153846155 0.7259615384615384 0.5216346153846155 0.7259615384615384 0.5769230769230771 0.7884615384615384 0.5769230769230771
0 0.8653846153846154 0.5889423076923078 0.7884615384615384 0.5889423076923078 0.7884615384615384 0.6466346153846154 0.8653846153846154 0.6466346153846154
0 0.9206730769230769 0.6682692307692307 0.8605769230769231 0.6682692307692307 0.8605769230769231 0.7235576923076923 0.9206730769230769 0.7235576923076923
0 0.9903846153846154 0.7451923076923077 0.8870192307692307 0.7451923076923077 0.8870192307692307 0.8125 0.9903846153846154 0.8125