0 0.6634615384615384 0.03125000000000008 0.6105769230769231 0.031250000000000076 0.6105769230769231 0.09615384615384623 0.6634615384615384 0.09615384615384623
0 0.5961538461538461 0.06971153846153853 0.5432692307692307 0.06971153846153853 0.5432692307692307 0.13701923076923084 0.5961538461538461 0.13701923076923084
0 0.5216346153846154 0.108173076923077 0.46875 0.108173076923077 0.46875 0.1754807692307693 0.5216346153846154 0.1754807692307693
0 0.4567307692307692 0.16826923076923084 0.40384615384615385 0.16826923076923084 0.40384615384615385 0.2475961538461539 0.4567307692307692 0.2475961538461539
0 0.3894230769230769 0.21875000000000006 0.3317307692307692 0.21875000000000006 0.3317307692307692 0.3125 0.3894230769230769 0.3125
0 0.3245192307692308 0.264423076923077 0.27163461538461536 0.2644230769230769 0.2716346153846154 0.3389423076923077 0.3245192307692308 0.3389423076923077
0 0.25000000000000006 0.31009615384615385 0.19471153846153852 0.31009615384615385 0.19471153846153852 0.39663461538461536 0.25000000000000006 0.39663461538461536
0 0.17307692307692316 0.36538461538461536 0.10576923076923081 0.36538461538461536 0.10576923076923082 0.4375 0.17307692307692316 0.4375
0 0.24038461538461545 0.43990384615384615 0.1850961538461539 0.43990384615384615 0.1850961538461539 0.5264423076923077 0.24038461538461545 0.5264423076923077
0 0.31250000000000006 0.4879807692307692 0.25721153846153855 0.4879807692307692 0.25721153846153855 0.5817307692307693 0.3125000000000001 0.5817307692307693
0 0.37500000000000006 0.5048076923076923 0.31971153846153844 0.5048076923076923 0.31971153846153855 0.6057692307692307 0.3750000000000001 0.6057692307692307
0 0.45192307692307704 0.6033653846153846 0.3990384615384617 0.6033653846153846 0.3990384615384617 0.6754807692307693 0.45192307692307704 0.6754807692307693
0 0.5240384615384617 0.6153846153846154 0.46634615384615397 0.6153846153846154 0.46634615384615397 0.71875 0.5240384615384617 0.71875
0 0.5937500000000001 0.7259615384615384 0.5408653846153848 0.7259615384615384 0.5408653846153848 0.7836538461538461 0.5937500000000001 0.7836538461538461
0 0.6658653846153846 0.78125 0.6153846153846154 0.78125 0.6153846153846154 0.8557692307692307 0.6658653846153846 0.8557692307692307
0 0.75 0.8461538461538461 0.6971153846153846 0.8461538461538461 0.6971153846153846 0.9038461538461539 0.75 0.9038461538461539
0 0.8365384615384616 0.8677884615384616 0.7788461538461539 0.8677884615384616 0.7788461538461539 0.9663461538461539 0.8365384615384616 0.9663461538461539