0 0.6706730769230769 0.03605769230769239 0.6177884615384616 0.03605769230769239 0.6177884615384616 0.09855769230769237 0.6706730769230769 0.09855769230769237
0 0.6033653846153846 0.07211538461538468 0.5504807692307693 0.07211538461538468 0.5504807692307693 0.13942307692307698 0.6033653846153846 0.13942307692307698
0 0.5264423076923077 0.108173076923077 0.47596153846153844 0.108173076923077 0.47596153846153844 0.1754807692307693 0.5264423076923077 0.1754807692307693
0 0.46153846153846156 0.1658653846153847 0.40865384615384615 0.1658653846153847 0.40865384615384615 0.24278846153846162 0.46153846153846156 0.24278846153846162
0 0.3942307692307692 0.21394230769230776 0.3389423076923077 0.21394230769230776 0.3389423076923077 0.3076923076923077 0.3942307692307692 0.3076923076923077
0 0.3269230769230769 0.25961538461538464 0.2764423076923077 0.25961538461538464 0.2764423076923077 0.3317307692307692 0.3269230769230769 0.3317307692307692
0 0.2524038461538462 0.30528846153846156 0.19951923076923084 0.30528846153846156 0.19951923076923084 0.3894230769230769 0.2524038461538462 0.3894230769230769
0 0.17307692307692316 0.3605769230769231 0.11057692307692311 0.3605769230769231 0.11057692307692313 0.43028846153846156 0.17307692307692316 0.43028846153846156
0 0.24038461538461545 0.4375 0.18750000000000006 0.4375 0.18750000000000006 0.5216346153846154 0.24038461538461545 0.5216346153846154
0 0.3100961538461539 0.4855769230769231 0.25721153846153855 0.4855769230769231 0.25721153846153855 0.5793269230769231 0.31009615384615397 0.5793269230769231
0 0.37500000000000006 0.5024038461538461 0.31971153846153844 0.5024038461538461 0.31971153846153855 0.6033653846153846 0.3750000000000001 0.6033653846153846
0 0.4495192307692309 0.6033653846153846 0.39663461538461553 0.6033653846153846 0.39663461538461553 0.6730769230769231 0.4495192307692309 0.6730769230769231
0 0.5192307692307694 0.6153846153846154 0.46634615384615397 0.6153846153846154 0.46634615384615397 0.7163461538461539 0.5192307692307694 0.7163461538461539
0 0.5865384615384617 0.7259615384615384 0.5360576923076924 0.7259615384615384 0.5360576923076924 0.7836538461538461 0.5865384615384617 0.7836538461538461
0 0.6586538461538461 0.7836538461538461 0.6105769230769232 0.7836538461538461 0.6105769230769232 0.8581730769230769 0.6586538461538461 0.8581730769230769
0 0.7427884615384616 0.8509615384615384 0.6899038461538461 0.8509615384615384 0.6899038461538461 0.9086538461538461 0.7427884615384616 0.9086538461538461
0 0.8293269230769231 0.8725961538461539 0.7716346153846154 0.8725961538461539 0.7716346153846154 0.9711538461538461 0.8293269230769231 0.9711538461538461