0 0.7043269230769231 0.04326923076923085 0.6466346153846154 0.04326923076923085 0.6466346153846154 0.11057692307692316 0.7043269230769231 0.11057692307692318
0 0.6322115384615384 0.07932692307692314 0.5769230769230769 0.07932692307692314 0.5769230769230769 0.14663461538461545 0.6322115384615384 0.14663461538461545
0 0.5528846153846154 0.108173076923077 0.49759615384615385 0.108173076923077 0.49759615384615385 0.17788461538461545 0.5528846153846154 0.17788461538461545
0 0.4855769230769231 0.15865384615384623 0.42788461538461536 0.15865384615384623 0.42788461538461536 0.24278846153846162 0.4855769230769231 0.24278846153846162
0 0.41346153846153844 0.20432692307692316 0.35096153846153844 0.20432692307692316 0.35096153846153844 0.3028846153846155 0.41346153846153844 0.3028846153846155
0 0.34375 0.24519230769230776 0.28846153846153844 0.24519230769230776 0.2884615384615385 0.32211538461538464 0.34375 0.32211538461538464
0 0.264423076923077 0.28365384615384615 0.2067307692307693 0.28365384615384615 0.2067307692307693 0.37259615384615385 0.264423076923077 0.37259615384615385
0 0.1850961538461539 0.3317307692307692 0.11538461538461542 0.3317307692307692 0.11538461538461542 0.40625 0.1850961538461539 0.40625
0 0.24519230769230776 0.41586538461538464 0.1850961538461539 0.41586538461538464 0.1850961538461539 0.5048076923076923 0.24519230769230776 0.5048076923076923
0 0.3100961538461539 0.46634615384615385 0.2524038461538462 0.46634615384615385 0.2524038461538462 0.5649038461538461 0.31009615384615397 0.5649038461538461
0 0.3725961538461539 0.4879807692307692 0.3125 0.4879807692307692 0.31250000000000006 0.59375 0.37259615384615397 0.59375
0 0.44230769230769246 0.5961538461538461 0.38461538461538475 0.5961538461538461 0.38461538461538475 0.6682692307692307 0.44230769230769246 0.6682692307692307
0 0.512019230769231 0.6129807692307693 0.4495192307692309 0.6129807692307693 0.4495192307692309 0.7163461538461539 0.512019230769231 0.7163461538461539
0 0.5721153846153848 0.7283653846153846 0.5144230769230771 0.7283653846153846 0.5144230769230771 0.7908653846153846 0.5721153846153848 0.7908653846153846
0 0.6370192307692307 0.7908653846153846 0.5841346153846155 0.7908653846153846 0.5841346153846155 0.8677884615384616 0.6370192307692307 0.8677884615384616
0 0.7163461538461539 0.8629807692307693 0.6586538461538461 0.8629807692307693 0.6586538461538461 0.9230769230769231 0.7163461538461539 0.9230769230769231
0 0.8028846153846154 0.8918269230769231 0.7403846153846154 0.8918269230769231 0.7403846153846154 0.9927884615384616 0.8028846153846154 0.9927884615384616