0 0.2764423076923077 0.08173076923076926 0.20432692307692307 0.08173076923076926 0.20432692307692307 0.16346153846153846 0.2764423076923077 0.16346153846153846
0 0.3557692307692308 0.10096153846153849 0.28125 0.10096153846153849 0.28125 0.1850961538461539 0.3557692307692308 0.1850961538461539
0 0.43990384615384615 0.11538461538461543 0.3629807692307692 0.11538461538461542 0.3629807692307692 0.19951923076923084 0.43990384615384615 0.19951923076923084
0 0.5192307692307693 0.14903846153846162 0.43990384615384615 0.14903846153846162 0.43990384615384615 0.2475961538461539 0.5192307692307693 0.2475961538461539
0 0.6105769230769231 0.17788461538461545 0.5192307692307693 0.17788461538461545 0.5192307692307693 0.29326923076923084 0.6105769230769231 0.29326923076923084
0 0.6754807692307693 0.20432692307692316 0.5961538461538461 0.20432692307692316 0.5961538461538461 0.29807692307692313 0.6754807692307693 0.29807692307692313
0 0.7644230769230769 0.22596153846153852 0.6826923076923077 0.22596153846153852 0.6826923076923077 0.32932692307692324 0.7644230769230769 0.32932692307692324
0 0.8605769230769231 0.25240384615384626 0.7716346153846154 0.2524038461538462 0.7716346153846154 0.3461538461538463 0.8605769230769231 0.3461538461538463
0 0.8149038461538461 0.3461538461538463 0.7259615384615384 0.3461538461538463 0.7259615384615384 0.45432692307692324 0.8149038461538461 0.45432692307692324
0 0.7620192307692307 0.4134615384615386 0.6754807692307693 0.4134615384615386 0.6754807692307693 0.5264423076923078 0.7620192307692307 0.5264423076923078
0 0.7091346153846154 0.44711538461538475 0.6153846153846154 0.44711538461538475 0.6153846153846154 0.5697115384615385 0.7091346153846154 0.5697115384615385
0 0.6514423076923077 0.5673076923076924 0.574519230769231 0.5673076923076924 0.574519230769231 0.65625 0.6514423076923077 0.65625
0 0.5937500000000001 0.6009615384615385 0.512019230769231 0.6009615384615384 0.512019230769231 0.7139423076923077 0.5937500000000001 0.7139423076923077
0 0.5504807692307694 0.7235576923076923 0.4759615384615386 0.7235576923076923 0.4759615384615386 0.8028846153846154 0.5504807692307694 0.8028846153846154
0 0.49759615384615397 0.8004807692307693 0.42307692307692324 0.8004807692307693 0.42307692307692324 0.8918269230769231 0.49759615384615397 0.8918269230769231
0 0.4326923076923078 0.8894230769230769 0.3629807692307694 0.8894230769230769 0.3629807692307694 0.9591346153846154 0.4326923076923078 0.9591346153846154
0 0.37259615384615397 0.9278846153846154 0.2812500000000001 0.9278846153846154 0.2812500000000001 1 0.37259615384615397 1