0 0.9471153846153846 0.26442307692307704 0.875 0.26442307692307704 0.875 0.32932692307692324 0.9471153846153846 0.32932692307692324
0 0.9206730769230769 0.3365384615384617 0.84375 0.3365384615384617 0.84375 0.40384615384615397 0.9206730769230769 0.40384615384615397
0 0.8942307692307693 0.41586538461538475 0.8149038461538461 0.41586538461538475 0.8149038461538461 0.48317307692307704 0.8942307692307693 0.48317307692307704
0 0.84375 0.49038461538461553 0.7596153846153846 0.49038461538461553 0.7596153846153846 0.5552884615384617 0.84375 0.5552884615384617
0 0.8100961538461539 0.5625000000000001 0.7019230769230769 0.5625000000000001 0.7019230769230769 0.6418269230769231 0.8100961538461539 0.6418269230769231
0 0.7692307692307693 0.6370192307692307 0.6899038461538461 0.6370192307692307 0.6899038461538461 0.6995192307692307 0.7692307692307693 0.6995192307692307
0 0.7403846153846154 0.7139423076923077 0.6394230769230769 0.7139423076923077 0.6394230769230769 0.7908653846153846 0.7403846153846154 0.7908653846153846
0 0.6971153846153846 0.8028846153846154 0.6153846153846154 0.8028846153846154 0.6153846153846154 0.8798076923076923 0.6971153846153846 0.8798076923076923
0 0.6129807692307694 0.7427884615384616 0.512019230769231 0.7427884615384616 0.512019230769231 0.8197115384615384 0.6129807692307694 0.8197115384615384
0 0.5528846153846155 0.6826923076923077 0.4495192307692309 0.6826923076923077 0.4495192307692309 0.7548076923076923 0.5528846153846155 0.7548076923076923
0 0.5264423076923078 0.6201923076923077 0.41105769230769246 0.6201923076923077 0.41105769230769246 0.7019230769230769 0.5264423076923078 0.7019230769230769
0 0.4182692307692309 0.5600961538461539 0.3317307692307694 0.5600961538461539 0.3317307692307694 0.6322115384615384 0.4182692307692309 0.6322115384615384
0 0.39182692307692313 0.4951923076923077 0.28125000000000006 0.4951923076923077 0.28125000000000006 0.5697115384615384 0.39182692307692324 0.5697115384615384
0 0.2716346153846155 0.4423076923076923 0.20432692307692316 0.4423076923076923 0.20432692307692316 0.5072115384615384 0.2716346153846155 0.5072115384615384
0 0.2067307692307693 0.3798076923076923 0.12259615384615388 0.3798076923076923 0.1225961538461539 0.44471153846153844 0.2067307692307693 0.44471153846153844
0 0.12980769230769235 0.3076923076923077 0.06250000000000003 0.3076923076923077 0.06250000000000004 0.37259615384615385 0.12980769230769235 0.37259615384615385
0 0.09375000000000003 0.22596153846153846 2.767230748073346e-17 0.22596153846153846 3.2088101227659013e-17 0.2980769230769231 0.09375000000000003 0.2980769230769231