0 0.7692307692307693 0.0673076923076924 0.6971153846153846 0.06730769230769239 0.6971153846153846 0.14663461538461547 0.7692307692307693 0.14663461538461547
0 0.6947115384615384 0.08894230769230776 0.6225961538461539 0.08894230769230776 0.6225961538461539 0.17307692307692316 0.6947115384615384 0.17307692307692316
0 0.6081730769230769 0.11057692307692314 0.5408653846153846 0.11057692307692314 0.5408653846153846 0.18990384615384623 0.6081730769230769 0.18990384615384623
0 0.5360576923076923 0.15144230769230776 0.46153846153846156 0.15144230769230776 0.46153846153846156 0.24519230769230776 0.5360576923076923 0.24519230769230776
0 0.46153846153846156 0.18269230769230776 0.37259615384615385 0.18269230769230776 0.37259615384615385 0.295673076923077 0.46153846153846156 0.295673076923077
0 0.38461538461538464 0.2163461538461539 0.3125 0.2163461538461539 0.3125 0.3028846153846155 0.38461538461538464 0.3028846153846155
0 0.30528846153846156 0.24278846153846156 0.22355769230769232 0.24278846153846154 0.22355769230769235 0.34615384615384615 0.3052884615384616 0.34615384615384615
0 0.21394230769230774 0.27884615384615385 0.12980769230769235 0.27884615384615385 0.12980769230769235 0.36778846153846156 0.21394230769230776 0.36778846153846156
0 0.26201923076923084 0.3701923076923077 0.1850961538461539 0.3701923076923077 0.1850961538461539 0.46875 0.26201923076923084 0.46875
0 0.3245192307692308 0.43028846153846156 0.24038461538461545 0.43028846153846156 0.24038461538461545 0.5408653846153846 0.3245192307692308 0.5408653846153846
0 0.38221153846153855 0.46153846153846156 0.295673076923077 0.46153846153846156 0.295673076923077 0.5793269230769231 0.3822115384615386 0.5793269230769231
0 0.4326923076923078 0.5745192307692307 0.35817307692307704 0.5745192307692307 0.35817307692307704 0.6634615384615384 0.4326923076923078 0.6634615384615384
0 0.5024038461538463 0.6033653846153846 0.4134615384615386 0.6033653846153846 0.4134615384615386 0.7211538461538461 0.5024038461538463 0.7211538461538461
0 0.543269230769231 0.7283653846153846 0.47355769230769246 0.7283653846153846 0.47355769230769246 0.8004807692307693 0.543269230769231 0.8004807692307693
0 0.6009615384615385 0.7980769230769231 0.528846153846154 0.7980769230769231 0.528846153846154 0.8846153846153846 0.6009615384615385 0.8846153846153846
0 0.6682692307692307 0.8798076923076923 0.5985576923076924 0.8798076923076923 0.5985576923076924 0.9519230769230769 0.6682692307692307 0.9519230769230769
0 0.75 0.9134615384615384 0.6610576923076923 0.9134615384615384 0.6610576923076923 1 0.75 1