0 0.11298076923076932 0.6442307692307693 0.0408653846153847 0.6442307692307693 0.0408653846153847 0.7067307692307693 0.11298076923076933 0.7067307692307693
0 0.14903846153846162 0.5745192307692307 0.076923076923077 0.5745192307692307 0.076923076923077 0.6370192307692307 0.14903846153846162 0.6370192307692307
0 0.18028846153846162 0.4951923076923077 0.108173076923077 0.4951923076923077 0.108173076923077 0.5552884615384616 0.18028846153846162 0.5552884615384616
0 0.24519230769230776 0.42788461538461536 0.15865384615384623 0.42788461538461536 0.15865384615384623 0.4879807692307692 0.24519230769230776 0.4879807692307692
0 0.3052884615384616 0.3485576923076923 0.20432692307692316 0.3485576923076923 0.20432692307692316 0.41586538461538464 0.3052884615384616 0.41586538461538464
0 0.3245192307692308 0.2884615384615385 0.24519230769230776 0.28846153846153844 0.24519230769230776 0.34615384615384615 0.3245192307692308 0.34615384615384615
0 0.375 0.20192307692307698 0.28125 0.20192307692307698 0.28125 0.2692307692307693 0.375 0.2692307692307693
0 0.40865384615384615 0.11298076923076926 0.3317307692307692 0.11298076923076926 0.3317307692307692 0.18750000000000006 0.40865384615384615 0.18750000000000006
0 0.5072115384615384 0.18269230769230776 0.41346153846153844 0.18269230769230776 0.41346153846153844 0.2475961538461539 0.5072115384615384 0.2475961538461539
0 0.5649038461538461 0.25000000000000006 0.4639423076923077 0.25000000000000006 0.4639423076923077 0.3149038461538462 0.5649038461538461 0.3149038461538463
0 0.5961538461538461 0.30769230769230776 0.4855769230769231 0.3076923076923077 0.4855769230769231 0.3774038461538462 0.5961538461538461 0.3774038461538463
0 0.6706730769230769 0.38461538461538475 0.5961538461538461 0.38461538461538475 0.5961538461538461 0.44230769230769246 0.6706730769230769 0.44230769230769246
0 0.7211538461538461 0.4447115384615386 0.6105769230769231 0.4447115384615386 0.6105769230769231 0.5192307692307694 0.7211538461538461 0.5192307692307694
0 0.7908653846153846 0.5144230769230771 0.7283653846153846 0.5144230769230771 0.7283653846153846 0.5721153846153848 0.7908653846153846 0.5721153846153848
0 0.8701923076923077 0.5817307692307694 0.7908653846153846 0.5817307692307694 0.7908653846153846 0.6394230769230769 0.8701923076923077 0.6394230769230769
0 0.9254807692307693 0.6586538461538461 0.8629807692307693 0.6586538461538461 0.8629807692307693 0.7163461538461539 0.9254807692307693 0.7163461538461539
0 0.9927884615384616 0.7403846153846154 0.8918269230769231 0.7403846153846154 0.8918269230769231 0.8028846153846154 0.9927884615384616 0.8028846153846154