0 0.7788461538461539 0.8846153846153846 0.6706730769230769 0.8846153846153846 0.6706730769230769 0.9591346153846154 0.7788461538461539 0.9591346153846154
0 0.7932692307692307 0.7067307692307693 0.7091346153846154 0.7067307692307693 0.7091346153846154 0.7884615384615384 0.7932692307692307 0.7884615384615384
0 0.75 0.512019230769231 0.6730769230769231 0.512019230769231 0.6730769230769231 0.5841346153846155 0.75 0.5841346153846155
0 0.7956730769230769 0.4086538461538463 0.7211538461538461 0.4086538461538463 0.7211538461538461 0.4495192307692309 0.7956730769230769 0.4495192307692309
0 0.7932692307692307 0.36538461538461553 0.7259615384615384 0.36538461538461553 0.7259615384615384 0.41586538461538475 0.7932692307692307 0.41586538461538475
0 0.8365384615384616 0.3437500000000001 0.7764423076923077 0.3437500000000001 0.7764423076923077 0.3942307692307694 0.8365384615384616 0.3942307692307694
0 0.7836538461538461 0.2524038461538462 0.7331730769230769 0.2524038461538462 0.7331730769230769 0.29326923076923084 0.7836538461538461 0.29326923076923084
0 0.6225961538461539 0.5649038461538463 0.5408653846153848 0.5649038461538461 0.5408653846153848 0.6201923076923077 0.6225961538461539 0.6201923076923077
0 0.560096153846154 0.5168269230769231 0.4807692307692308 0.5168269230769231 0.48076923076923084 0.576923076923077 0.560096153846154 0.5769230769230771
0 0.6177884615384616 0.6802884615384616 0.543269230769231 0.6802884615384616 0.543269230769231 0.7259615384615384 0.6177884615384616 0.7259615384615384
0 0.5937500000000001 0.7211538461538461 0.5192307692307694 0.7211538461538461 0.5192307692307694 0.7740384615384616 0.5937500000000001 0.7740384615384616
0 0.49038461538461553 0.6995192307692307 0.3942307692307694 0.6995192307692307 0.3942307692307694 0.7451923076923077 0.49038461538461553 0.7451923076923077
0 0.4807692307692309 0.7475961538461539 0.39663461538461553 0.7475961538461539 0.39663461538461553 0.8076923076923077 0.4807692307692309 0.8076923076923077