0 0.12019230769230772 0.2091346153846154 0.05528846153846156 0.2091346153846154 0.055288461538461564 0.3125 0.12019230769230772 0.3125
0 0.2980769230769231 0.20192307692307696 0.22596153846153846 0.20192307692307693 0.22596153846153846 0.27884615384615385 0.2980769230769231 0.2788461538461539
0 0.49278846153846156 0.2524038461538462 0.4254807692307692 0.2524038461538462 0.4254807692307692 0.3245192307692308 0.49278846153846156 0.3245192307692308
0 0.5961538461538461 0.20913461538461545 0.5625 0.20913461538461545 0.5625 0.2788461538461539 0.5961538461538461 0.2788461538461539
0 0.6394230769230769 0.21394230769230776 0.5985576923076923 0.21394230769230776 0.5985576923076923 0.27644230769230776 0.6394230769230769 0.27644230769230776
0 0.6634615384615384 0.17307692307692316 0.6201923076923077 0.17307692307692316 0.6201923076923077 0.22596153846153852 0.6634615384615384 0.22596153846153852
0 0.7572115384615384 0.2283653846153847 0.7163461538461539 0.2283653846153847 0.7163461538461539 0.27644230769230776 0.7572115384615384 0.27644230769230776
0 0.43509615384615385 0.37740384615384615 0.3870192307692308 0.37740384615384615 0.3870192307692308 0.4543269230769231 0.43509615384615385 0.4543269230769231
0 0.4807692307692308 0.44471153846153844 0.43028846153846156 0.44471153846153844 0.43028846153846156 0.5168269230769231 0.4807692307692308 0.5168269230769231
0 0.31971153846153844 0.37740384615384615 0.28125000000000006 0.37740384615384615 0.28125000000000006 0.4495192307692308 0.31971153846153844 0.4495192307692308
0 0.2788461538461539 0.4014423076923077 0.23076923076923084 0.4014423076923077 0.23076923076923084 0.47115384615384615 0.2788461538461539 0.47115384615384615
0 0.295673076923077 0.5048076923076923 0.2548076923076924 0.5048076923076923 0.2548076923076924 0.5961538461538461 0.295673076923077 0.5961538461538461
0 0.24519230769230776 0.5144230769230769 0.19471153846153852 0.5144230769230769 0.19471153846153852 0.59375 0.24519230769230776 0.59375