0 0.23317307692307704 0.8052884615384616 0.11778846153846165 0.8052884615384616 0.11778846153846165 0.8918269230769231 0.23317307692307707 0.8918269230769231
0 0.24278846153846162 0.625 0.1442307692307693 0.625 0.14423076923076933 0.7211538461538461 0.24278846153846162 0.7211538461538461
0 0.3293269230769231 0.4495192307692308 0.2379807692307693 0.4495192307692308 0.2379807692307693 0.5360576923076923 0.3293269230769231 0.5360576923076923
0 0.3076923076923077 0.34134615384615385 0.2283653846153847 0.34134615384615385 0.2283653846153847 0.3918269230769231 0.3076923076923077 0.3918269230769231
0 0.3173076923076923 0.295673076923077 0.24038461538461545 0.2956730769230769 0.24038461538461545 0.3581730769230769 0.3173076923076923 0.3581730769230769
0 0.2716346153846154 0.2668269230769231 0.20673076923076922 0.2668269230769231 0.20673076923076927 0.3245192307692308 0.2716346153846155 0.3245192307692308
0 0.3389423076923077 0.18750000000000006 0.28125 0.18750000000000006 0.28125 0.24038461538461545 0.3389423076923077 0.24038461538461545
0 0.44471153846153855 0.53125 0.35096153846153844 0.53125 0.35096153846153855 0.6057692307692307 0.4447115384615386 0.6057692307692307
0 0.5120192307692308 0.5048076923076923 0.42788461538461536 0.5048076923076923 0.4278846153846155 0.5745192307692307 0.512019230769231 0.5745192307692307
0 0.41105769230769246 0.6490384615384616 0.3317307692307694 0.6490384615384616 0.3317307692307694 0.7019230769230769 0.41105769230769246 0.7019230769230769
0 0.42307692307692324 0.6947115384615384 0.3437500000000001 0.6947115384615384 0.3437500000000001 0.7572115384615384 0.42307692307692324 0.7572115384615384
0 0.5480769230769232 0.6995192307692307 0.4495192307692309 0.6995192307692307 0.4495192307692309 0.7620192307692307 0.5480769230769232 0.7620192307692307
0 0.5336538461538463 0.75 0.4447115384615386 0.75 0.4447115384615386 0.8197115384615384 0.5336538461538463 0.8197115384615384