0 0.17067307692307704 0.8100961538461539 0.045673076923077024 0.8100961538461539 0.04567307692307703 0.9182692307692307 0.17067307692307707 0.9182692307692307
0 0.33413461538461536 0.47115384615384615 0.24038461538461545 0.47115384615384615 0.24038461538461545 0.5360576923076923 0.33413461538461536 0.5360576923076923
0 0.17067307692307696 0.27163461538461536 0.10096153846153849 0.27163461538461536 0.10096153846153849 0.31490384615384615 0.17067307692307698 0.31490384615384615
0 0.19230769230769232 0.048076923076923093 0.0985576923076923 0.048076923076923093 0.0985576923076923 0.12500000000000003 0.19230769230769232 0.12500000000000003
0 0.3942307692307692 0.18750000000000003 0.24519230769230768 0.1875 0.24519230769230774 0.29807692307692313 0.3942307692307692 0.29807692307692313
0 0.5168269230769231 0.17067307692307698 0.37740384615384615 0.17067307692307698 0.37740384615384615 0.2548076923076924 0.5168269230769231 0.2548076923076924
0 0.6129807692307693 0.040865384615384685 0.49278846153846156 0.040865384615384685 0.49278846153846156 0.12740384615384623 0.6129807692307693 0.12740384615384623
0 0.6682692307692307 0.295673076923077 0.5697115384615384 0.295673076923077 0.5697115384615384 0.36538461538461553 0.6682692307692307 0.36538461538461553
0 0.9206730769230769 0.2596153846153847 0.7836538461538461 0.2596153846153847 0.7836538461538461 0.34855769230769246 0.9206730769230769 0.34855769230769246
0 0.9951923076923077 0.24519230769230782 0.8774038461538461 0.24519230769230782 0.8774038461538461 0.31730769230769246 0.9951923076923077 0.31730769230769246
0 0.9735576923076923 0.40384615384615397 0.9278846153846154 0.40384615384615397 0.9278846153846154 0.4495192307692309 0.9735576923076923 0.4495192307692309
0 0.8149038461538461 0.5240384615384617 0.7524038461538461 0.5240384615384617 0.7524038461538461 0.5769230769230771 0.8149038461538461 0.5769230769230771
0 0.6923076923076923 0.543269230769231 0.6177884615384616 0.543269230769231 0.6177884615384616 0.6081730769230771 0.6923076923076923 0.6081730769230771
0 0.42307692307692324 0.6586538461538461 0.3317307692307694 0.6586538461538461 0.3317307692307694 0.7283653846153846 0.42307692307692324 0.7283653846153846
0 0.43509615384615397 0.8052884615384616 0.3197115384615386 0.8052884615384616 0.3197115384615386 0.9038461538461539 0.43509615384615397 0.9038461538461539
0 0.6418269230769231 0.7115384615384616 0.5312500000000001 0.7115384615384616 0.5312500000000001 0.7788461538461539 0.6418269230769231 0.7788461538461539
0 0.7403846153846154 0.7620192307692307 0.6274038461538461 0.7620192307692307 0.6274038461538461 0.8557692307692307 0.7403846153846154 0.8557692307692307
0 0.8245192307692307 0.8557692307692307 0.7668269230769231 0.8557692307692307 0.7668269230769231 0.8894230769230769 0.8245192307692307 0.8894230769230769
0 0.8942307692307693 0.78125 0.8004807692307693 0.78125 0.8004807692307693 0.8533653846153846 0.8942307692307693 0.8533653846153846
0 0.9302884615384616 0.4014423076923078 0.84375 0.4014423076923078 0.84375 0.45913461538461553 0.9302884615384616 0.45913461538461553