0 0.9735576923076923 0.7884615384615384 0.8485576923076923 0.7884615384615384 0.8485576923076923 0.8942307692307693 0.9735576923076923 0.8942307692307693
0 0.7620192307692307 0.4567307692307694 0.6634615384615384 0.4567307692307694 0.6634615384615384 0.528846153846154 0.7620192307692307 0.528846153846154
0 0.8894230769230769 0.2548076923076924 0.8197115384615384 0.2548076923076924 0.8197115384615384 0.29567307692307704 0.8894230769230769 0.29567307692307704
0 0.8822115384615384 0.02884615384615395 0.7860576923076923 0.02884615384615394 0.7860576923076923 0.10576923076923087 0.8822115384615384 0.10576923076923087
0 0.7403846153846154 0.18269230769230776 0.5961538461538461 0.18269230769230776 0.5961538461538461 0.2860576923076924 0.7403846153846154 0.2860576923076924
0 0.6105769230769231 0.16826923076923084 0.46634615384615385 0.16826923076923084 0.46634615384615385 0.2524038461538462 0.6105769230769231 0.2524038461538462
0 0.49278846153846156 0.03846153846153852 0.3629807692307692 0.03846153846153851 0.3629807692307692 0.13942307692307698 0.49278846153846156 0.13942307692307698
0 0.4230769230769231 0.3004807692307693 0.3245192307692308 0.3004807692307693 0.3245192307692308 0.37259615384615385 0.4230769230769231 0.37259615384615385
0 0.21153846153846156 0.27403846153846156 0.06730769230769235 0.27403846153846156 0.06730769230769235 0.375 0.21153846153846162 0.375
0 0.11057692307692311 0.2668269230769231 3.267687372724909e-17 0.2668269230769231 3.7092667474174644e-17 0.3389423076923077 0.11057692307692311 0.3389423076923077
0 0.06971153846153852 0.42788461538461536 0.02403846153846159 0.42788461538461536 0.024038461538461595 0.4735576923076923 0.06971153846153852 0.4735576923076923
0 0.2524038461538462 0.5384615384615384 0.18990384615384623 0.5384615384615384 0.18990384615384623 0.5913461538461539 0.2524038461538462 0.5913461538461539
0 0.38701923076923084 0.5480769230769231 0.31009615384615385 0.5480769230769231 0.3100961538461539 0.6177884615384616 0.3870192307692309 0.6177884615384616
0 0.6778846153846154 0.6514423076923077 0.5889423076923078 0.6514423076923077 0.5889423076923078 0.71875 0.6778846153846154 0.71875
0 0.7019230769230769 0.7932692307692307 0.5817307692307694 0.7932692307692307 0.5817307692307694 0.8990384615384616 0.7019230769230769 0.8990384615384616
0 0.48317307692307704 0.7139423076923077 0.37259615384615397 0.7139423076923077 0.37259615384615397 0.7836538461538461 0.48317307692307704 0.7836538461538461
0 0.38942307692307704 0.7740384615384616 0.2788461538461539 0.7740384615384616 0.27884615384615397 0.8653846153846154 0.38942307692307704 0.8653846153846154
0 0.25480769230769246 0.8677884615384616 0.19711538461538475 0.8677884615384616 0.19711538461538475 0.9038461538461539 0.25480769230769246 0.9038461538461539
0 0.22115384615384626 0.7956730769230769 0.12259615384615395 0.7956730769230769 0.12259615384615395 0.875 0.22115384615384628 0.875
0 0.15144230769230776 0.4206730769230769 0.06730769230769236 0.4206730769230769 0.06730769230769236 0.47836538461538464 0.15144230769230776 0.47836538461538464