0 0.9110576923076923 0.04807692307692319 0.8149038461538461 0.04807692307692318 0.8149038461538461 0.16586538461538472 0.9110576923076923 0.16586538461538475
0 0.5360576923076923 0.24038461538461545 0.47115384615384615 0.24038461538461545 0.47115384615384615 0.33413461538461536 0.5360576923076923 0.33413461538461536
0 0.3125 0.10096153846153849 0.2764423076923077 0.10096153846153849 0.2764423076923077 0.1682692307692308 0.3125 0.16826923076923084
0 0.12019230769230771 0.10096153846153846 0.050480769230769246 0.10096153846153846 0.050480769230769246 0.18990384615384615 0.12019230769230772 0.18990384615384615
0 0.29086538461538464 0.25000000000000006 0.19471153846153846 0.25 0.1947115384615385 0.3894230769230769 0.2908653846153847 0.3894230769230769
0 0.25000000000000006 0.3798076923076923 0.17788461538461545 0.3798076923076923 0.17788461538461545 0.5168269230769231 0.25000000000000006 0.5168269230769231
0 0.12500000000000006 0.49278846153846156 0.04326923076923084 0.49278846153846156 0.04326923076923084 0.6105769230769231 0.12500000000000006 0.6105769230769231
0 0.36057692307692324 0.5721153846153846 0.29807692307692313 0.5721153846153846 0.29807692307692313 0.6658653846153846 0.36057692307692324 0.6658653846153846
0 0.3461538461538463 0.7836538461538461 0.26201923076923084 0.7836538461538461 0.2620192307692309 0.9182692307692307 0.3461538461538463 0.9182692307692307
0 0.3125000000000001 0.8798076923076923 0.2500000000000001 0.8798076923076923 0.2500000000000001 0.9927884615384616 0.3125000000000001 0.9927884615384616
0 0.4495192307692309 0.9278846153846154 0.4062500000000001 0.9278846153846154 0.4062500000000001 0.9711538461538461 0.4495192307692309 0.9711538461538461
0 0.574519230769231 0.7524038461538461 0.5264423076923078 0.7524038461538461 0.5264423076923078 0.8125 0.574519230769231 0.8125
0 0.6033653846153848 0.6201923076923077 0.5456730769230771 0.6201923076923077 0.5456730769230771 0.6899038461538461 0.6033653846153848 0.6899038461538461
0 0.7235576923076923 0.33413461538461553 0.6610576923076923 0.33413461538461553 0.6610576923076923 0.42067307692307704 0.7235576923076923 0.42067307692307704
0 0.9014423076923077 0.3245192307692309 0.8076923076923077 0.3245192307692309 0.8076923076923077 0.4326923076923078 0.9014423076923077 0.4326923076923078
0 0.7740384615384616 0.5360576923076924 0.7163461538461539 0.5360576923076924 0.7163461538461539 0.6394230769230769 0.7740384615384616 0.6394230769230769
0 0.8509615384615384 0.6322115384615384 0.7668269230769231 0.6322115384615384 0.7668269230769231 0.7355769230769231 0.8509615384615384 0.7355769230769231
0 0.8870192307692307 0.7668269230769231 0.8557692307692307 0.7668269230769231 0.8557692307692307 0.8221153846153846 0.8870192307692307 0.8221153846153846
0 0.8509615384615384 0.8004807692307693 0.78125 0.8004807692307693 0.78125 0.8918269230769231 0.8509615384615384 0.8918269230769231
0 0.45432692307692324 0.8461538461538461 0.40384615384615397 0.8461538461538461 0.40384615384615397 0.9302884615384616 0.45432692307692324 0.9302884615384616