0 0.20913461538461545 0.7139423076923077 0.16105769230769237 0.7139423076923077 0.16105769230769237 0.8221153846153846 0.20913461538461545 0.8221153846153846
0 0.44951923076923084 0.5528846153846154 0.40865384615384615 0.5528846153846154 0.4086538461538462 0.6274038461538461 0.4495192307692309 0.6274038461538461
0 0.5817307692307693 0.48076923076923084 0.5336538461538461 0.4807692307692308 0.5336538461538461 0.5504807692307693 0.5817307692307693 0.5504807692307694
0 0.5264423076923077 0.4014423076923077 0.47115384615384615 0.4014423076923077 0.47115384615384615 0.4519230769230769 0.5264423076923077 0.4519230769230769
0 0.49038461538461536 0.2716346153846155 0.4543269230769231 0.2716346153846155 0.4543269230769231 0.3485576923076923 0.49038461538461536 0.3485576923076923
0 0.7788461538461539 0.10817307692307702 0.7115384615384616 0.10817307692307702 0.7115384615384616 0.15625000000000006 0.7788461538461539 0.15625000000000006
0 0.7235576923076923 0.26201923076923084 0.6658653846153846 0.26201923076923084 0.6658653846153846 0.3317307692307694 0.7235576923076923 0.3317307692307694
0 0.6754807692307693 0.3870192307692309 0.6081730769230769 0.3870192307692309 0.6081730769230769 0.44711538461538475 0.6754807692307693 0.44711538461538475
0 0.6177884615384616 0.38701923076923084 0.5576923076923077 0.3870192307692308 0.5576923076923077 0.4567307692307693 0.6177884615384616 0.4567307692307694
0 0.8894230769230769 0.3245192307692309 0.8269230769230769 0.3245192307692309 0.8269230769230769 0.3822115384615386 0.8894230769230769 0.3822115384615386
0 0.7908653846153846 0.4879807692307694 0.7043269230769231 0.4879807692307694 0.7043269230769231 0.5456730769230771 0.7908653846153846 0.5456730769230771
0 0.6899038461538461 0.7019230769230769 0.6274038461538461 0.7019230769230769 0.6274038461538461 0.7692307692307693 0.6899038461538461 0.7692307692307693
0 0.7019230769230769 0.7668269230769231 0.6490384615384616 0.7668269230769231 0.6490384615384616 0.8173076923076923 0.7019230769230769 0.8173076923076923
0 0.6538461538461539 0.8990384615384616 0.591346153846154 0.8990384615384616 0.591346153846154 0.9567307692307693 0.6538461538461539 0.9567307692307693