0 0.3365384615384617 0.8173076923076923 0.22355769230769237 0.8173076923076923 0.2235576923076924 0.8798076923076923 0.3365384615384617 0.8798076923076923
0 0.4615384615384616 0.5576923076923077 0.38221153846153844 0.5576923076923077 0.38221153846153855 0.6105769230769231 0.4615384615384617 0.6105769230769231
0 0.5168269230769231 0.41586538461538464 0.43990384615384615 0.41586538461538464 0.43990384615384615 0.47596153846153844 0.5168269230769231 0.47596153846153844
0 0.6033653846153846 0.4615384615384616 0.5456730769230769 0.46153846153846156 0.5456730769230769 0.5240384615384616 0.6033653846153846 0.5240384615384617
0 0.7355769230769231 0.47836538461538475 0.6538461538461539 0.47836538461538475 0.6538461538461539 0.5240384615384617 0.7355769230769231 0.5240384615384617
0 0.8629807692307693 0.16586538461538472 0.8004807692307693 0.1658653846153847 0.8004807692307693 0.2451923076923078 0.8629807692307693 0.24519230769230782
0 0.7163461538461539 0.24278846153846162 0.6346153846153846 0.24278846153846162 0.6346153846153846 0.3149038461538463 0.7163461538461539 0.3149038461538463
0 0.5985576923076923 0.3100961538461539 0.5288461538461539 0.31009615384615385 0.5288461538461539 0.38701923076923084 0.5985576923076923 0.3870192307692309
0 0.6081730769230769 0.3653846153846155 0.5264423076923077 0.36538461538461536 0.5264423076923077 0.4399038461538462 0.6081730769230769 0.4399038461538463
0 0.6274038461538461 0.09134615384615391 0.5625 0.09134615384615391 0.5625 0.16105769230769237 0.6274038461538461 0.16105769230769237
0 0.49038461538461536 0.20913461538461545 0.4110576923076923 0.20913461538461545 0.4110576923076923 0.31009615384615385 0.49038461538461536 0.31009615384615385
0 0.2860576923076924 0.3389423076923077 0.2067307692307693 0.3389423076923077 0.2067307692307693 0.41586538461538464 0.2860576923076924 0.41586538461538464
0 0.21875000000000006 0.33653846153846156 0.15625000000000006 0.33653846153846156 0.15625000000000006 0.39903846153846156 0.21875000000000006 0.39903846153846156
0 0.0961538461538462 0.4014423076923077 0.02403846153846159 0.4014423076923077 0.024038461538461595 0.47596153846153844 0.09615384615384623 0.47596153846153844