0 0.8894230769230769 0.65625 0.8173076923076923 0.65625 0.8173076923076923 0.7740384615384616 0.8894230769230769 0.7740384615384616
0 0.6129807692307693 0.5384615384615385 0.5576923076923077 0.5384615384615384 0.5576923076923077 0.6177884615384616 0.6129807692307694 0.6177884615384616
0 0.47596153846153855 0.4855769230769231 0.4182692307692308 0.4855769230769231 0.41826923076923084 0.5600961538461539 0.4759615384615386 0.5600961538461539
0 0.5240384615384616 0.39663461538461536 0.4567307692307692 0.39663461538461536 0.4567307692307692 0.46153846153846156 0.5240384615384616 0.46153846153846156
0 0.5240384615384616 0.26682692307692313 0.4735576923076923 0.26682692307692313 0.4735576923076923 0.3485576923076923 0.5240384615384616 0.3485576923076923
0 0.2403846153846154 0.14423076923076927 0.16346153846153846 0.14423076923076927 0.16346153846153846 0.20673076923076922 0.2403846153846154 0.20673076923076922
0 0.31009615384615385 0.2884615384615385 0.24038461538461545 0.28846153846153844 0.24038461538461545 0.3701923076923077 0.31009615384615385 0.3701923076923077
0 0.3894230769230769 0.40384615384615385 0.3076923076923077 0.40384615384615385 0.3076923076923077 0.47836538461538464 0.3894230769230769 0.47836538461538464
0 0.43990384615384615 0.3942307692307692 0.3629807692307692 0.3942307692307692 0.3629807692307692 0.47836538461538464 0.43990384615384615 0.47836538461538464
0 0.16346153846153852 0.375 0.08653846153846158 0.375 0.08653846153846159 0.44711538461538464 0.16346153846153852 0.44711538461538464
0 0.3100961538461539 0.5192307692307693 0.21153846153846162 0.5192307692307693 0.21153846153846162 0.59375 0.31009615384615397 0.59375
0 0.4182692307692309 0.7163461538461539 0.34134615384615397 0.7163461538461539 0.34134615384615397 0.7980769230769231 0.4182692307692309 0.7980769230769231
0 0.4062500000000001 0.7836538461538461 0.34134615384615397 0.7836538461538461 0.34134615384615397 0.8485576923076923 0.4062500000000001 0.8485576923076923
0 0.48317307692307704 0.9086538461538461 0.41105769230769246 0.9086538461538461 0.41105769230769246 0.9783653846153846 0.48317307692307704 0.9783653846153846