0 0.26682692307692313 0.5528846153846154 0.1850961538461539 0.5528846153846154 0.1850961538461539 0.6057692307692307 0.26682692307692313 0.6057692307692307
0 0.3052884615384616 0.5360576923076923 0.24038461538461545 0.5360576923076923 0.24038461538461545 0.5913461538461539 0.3052884615384616 0.5913461538461539
0 0.3870192307692308 0.5048076923076923 0.31971153846153844 0.5048076923076923 0.31971153846153844 0.5552884615384616 0.3870192307692308 0.5552884615384616
0 0.4326923076923077 0.44471153846153844 0.34375 0.44471153846153844 0.34375 0.4951923076923077 0.4326923076923077 0.4951923076923077
0 0.5096153846153846 0.37740384615384615 0.4375 0.37740384615384615 0.4375 0.4182692307692308 0.5096153846153846 0.4182692307692308
0 0.5144230769230769 0.4543269230769231 0.4423076923076923 0.4543269230769231 0.4423076923076923 0.49278846153846156 0.5144230769230769 0.49278846153846156
0 0.5432692307692307 0.53125 0.4831730769230769 0.53125 0.4831730769230769 0.5552884615384616 0.5432692307692307 0.5552884615384616
0 0.514423076923077 0.5384615384615384 0.46634615384615385 0.5384615384615384 0.4663461538461539 0.5600961538461539 0.5144230769230771 0.5600961538461539
0 0.574519230769231 0.6418269230769231 0.5144230769230771 0.6418269230769231 0.5144230769230771 0.6706730769230769 0.574519230769231 0.6706730769230769
0 0.6153846153846154 0.6418269230769231 0.560096153846154 0.6418269230769231 0.560096153846154 0.6706730769230769 0.6153846153846154 0.6706730769230769
0 0.6466346153846154 0.6225961538461539 0.5721153846153848 0.6225961538461539 0.5721153846153848 0.6658653846153846 0.6466346153846154 0.6658653846153846
0 0.6081730769230771 0.7043269230769231 0.5576923076923078 0.7043269230769231 0.5576923076923078 0.7355769230769231 0.6081730769230771 0.7355769230769231
0 0.6105769230769232 0.7932692307692307 0.5384615384615385 0.7932692307692307 0.5384615384615385 0.84375 0.6105769230769232 0.84375
0 0.6850961538461539 0.7956730769230769 0.6322115384615384 0.7956730769230769 0.6322115384615384 0.8389423076923077 0.6850961538461539 0.8389423076923077