0 0.6490384615384616 0.21153846153846162 0.6177884615384616 0.21153846153846162 0.6177884615384616 0.2836538461538462 0.6490384615384616 0.2836538461538462
0 0.6298076923076923 0.26201923076923084 0.5889423076923077 0.26201923076923084 0.5889423076923077 0.3197115384615386 0.6298076923076923 0.3197115384615386
0 0.5745192307692307 0.3341346153846155 0.5432692307692307 0.33413461538461536 0.5432692307692307 0.39182692307692313 0.5745192307692307 0.39182692307692324
0 0.5048076923076923 0.34134615384615385 0.4807692307692308 0.34134615384615385 0.4807692307692308 0.4254807692307692 0.5048076923076923 0.4254807692307692
0 0.4182692307692308 0.4182692307692308 0.39663461538461536 0.4182692307692308 0.39663461538461536 0.4855769230769231 0.4182692307692308 0.4855769230769231
0 0.4855769230769231 0.4375 0.47115384615384615 0.4375 0.47115384615384615 0.5072115384615384 0.4855769230769231 0.5072115384615384
0 0.5456730769230769 0.49278846153846156 0.5336538461538461 0.49278846153846156 0.5336538461538461 0.5504807692307693 0.5456730769230769 0.5504807692307693
0 0.5552884615384616 0.47836538461538464 0.5456730769230769 0.47836538461538464 0.5456730769230769 0.5240384615384616 0.5552884615384616 0.5240384615384616
0 0.6514423076923077 0.5456730769230771 0.6370192307692307 0.5456730769230771 0.6370192307692307 0.6033653846153848 0.6514423076923077 0.6033653846153848
0 0.6442307692307693 0.5937500000000001 0.625 0.5937500000000001 0.625 0.6442307692307693 0.6442307692307693 0.6442307692307693
0 0.6298076923076923 0.6009615384615385 0.6081730769230771 0.6009615384615385 0.6081730769230771 0.6706730769230769 0.6298076923076923 0.6706730769230769
0 0.7091346153846154 0.6033653846153848 0.6899038461538461 0.6033653846153848 0.6899038461538461 0.6490384615384616 0.7091346153846154 0.6490384615384616
0 0.8125 0.605769230769231 0.7764423076923077 0.605769230769231 0.7764423076923077 0.6706730769230769 0.8125 0.6706730769230769
0 0.7932692307692307 0.6971153846153846 0.7620192307692307 0.6971153846153846 0.7620192307692307 0.7427884615384616 0.7932692307692307 0.7427884615384616