0 0.8173076923076923 0.5480769230769232 0.7355769230769231 0.5480769230769232 0.7355769230769231 0.6009615384615385 0.8173076923076923 0.6009615384615385
0 0.7668269230769231 0.528846153846154 0.6947115384615384 0.528846153846154 0.6947115384615384 0.5889423076923078 0.7668269230769231 0.5889423076923078
0 0.6802884615384616 0.5024038461538463 0.6129807692307693 0.5024038461538463 0.6129807692307693 0.5504807692307694 0.6802884615384616 0.5504807692307694
0 0.65625 0.4447115384615386 0.5697115384615384 0.4447115384615386 0.5697115384615384 0.4879807692307694 0.65625 0.4879807692307694
0 0.5625 0.3798076923076924 0.49038461538461536 0.3798076923076923 0.49038461538461536 0.41826923076923084 0.5625 0.4182692307692309
0 0.5600961538461539 0.45432692307692313 0.4855769230769231 0.4543269230769231 0.4855769230769231 0.4927884615384616 0.5600961538461539 0.4927884615384617
0 0.5192307692307693 0.53125 0.45913461538461536 0.53125 0.45913461538461536 0.5576923076923077 0.5192307692307693 0.5576923076923077
0 0.5336538461538463 0.5384615384615384 0.4855769230769231 0.5384615384615384 0.48557692307692313 0.5625 0.5336538461538463 0.5625
0 0.49038461538461553 0.6418269230769231 0.4302884615384617 0.6418269230769231 0.4302884615384617 0.6730769230769231 0.49038461538461553 0.6730769230769231
0 0.4447115384615386 0.6394230769230769 0.3870192307692309 0.6394230769230769 0.3870192307692309 0.6754807692307693 0.4447115384615386 0.6754807692307693
0 0.4326923076923078 0.625 0.35817307692307704 0.625 0.35817307692307704 0.6682692307692307 0.4326923076923078 0.6682692307692307
0 0.44711538461538475 0.7067307692307693 0.39663461538461553 0.7067307692307693 0.39663461538461553 0.7379807692307693 0.44711538461538475 0.7379807692307693
0 0.4687500000000001 0.7908653846153846 0.3942307692307694 0.7908653846153846 0.3942307692307694 0.8461538461538461 0.4687500000000001 0.8461538461538461
0 0.3750000000000001 0.8004807692307693 0.3245192307692309 0.8004807692307693 0.3245192307692309 0.8413461538461539 0.3750000000000001 0.8413461538461539