0 0.9591346153846154 0.32932692307692324 0.8389423076923077 0.32932692307692324 0.8389423076923077 0.41105769230769246 0.9591346153846154 0.41105769230769246
0 0.8725961538461539 0.39663461538461553 0.7860576923076923 0.39663461538461553 0.7860576923076923 0.46634615384615397 0.8725961538461539 0.46634615384615397
0 0.8149038461538461 0.45192307692307704 0.7163461538461539 0.45192307692307704 0.7163461538461539 0.5192307692307694 0.8149038461538461 0.5192307692307694
0 0.7283653846153846 0.5528846153846155 0.6346153846153846 0.5528846153846155 0.6346153846153846 0.6177884615384616 0.7283653846153846 0.6177884615384616
0 0.6418269230769231 0.6514423076923077 0.5552884615384617 0.6514423076923077 0.5552884615384617 0.7091346153846154 0.6418269230769231 0.7091346153846154
0 0.5360576923076924 0.7331730769230769 0.44230769230769246 0.7331730769230769 0.44230769230769246 0.7908653846153846 0.5360576923076924 0.7908653846153846
0 0.512019230769231 0.625 0.42788461538461553 0.625 0.42788461538461553 0.6875 0.512019230769231 0.6875
0 0.4927884615384616 0.5288461538461539 0.42788461538461536 0.5288461538461539 0.4278846153846155 0.5817307692307693 0.4927884615384617 0.5817307692307693
0 0.47836538461538464 0.4495192307692308 0.39663461538461536 0.4495192307692308 0.39663461538461536 0.5072115384615384 0.47836538461538464 0.5072115384615384
0 0.4639423076923077 0.40384615384615385 0.3605769230769231 0.40384615384615385 0.3605769230769231 0.4639423076923077 0.4639423076923077 0.4639423076923077
0 0.44471153846153844 0.31490384615384615 0.34375 0.31490384615384615 0.34375 0.3798076923076923 0.44471153846153844 0.3798076923076923
0 0.4326923076923077 0.17307692307692316 0.34375 0.17307692307692316 0.34375 0.2283653846153847 0.4326923076923077 0.2283653846153847
0 0.4326923076923077 0.07211538461538466 0.3485576923076923 0.07211538461538465 0.3485576923076923 0.1274038461538462 0.4326923076923077 0.12740384615384623