0 0.5841346153846154 0.03125000000000006 0.5216346153846154 0.03125000000000006 0.5216346153846154 0.13942307692307698 0.5841346153846154 0.13942307692307698
0 0.5288461538461539 0.12740384615384623 0.4807692307692308 0.12740384615384623 0.4807692307692308 0.19951923076923084 0.5288461538461539 0.19951923076923084
0 0.49038461538461536 0.19230769230769237 0.43990384615384615 0.19230769230769237 0.43990384615384615 0.2836538461538462 0.49038461538461536 0.2836538461538462
0 0.40384615384615385 0.295673076923077 0.3605769230769231 0.295673076923077 0.3605769230769231 0.3798076923076923 0.40384615384615385 0.3798076923076923
0 0.3245192307692308 0.39903846153846156 0.2836538461538462 0.39903846153846156 0.2836538461538462 0.47836538461538464 0.3245192307692308 0.47836538461538464
0 0.264423076923077 0.5168269230769231 0.22596153846153852 0.5168269230769231 0.22596153846153852 0.6033653846153846 0.264423076923077 0.6033653846153846
0 0.37500000000000006 0.5216346153846154 0.3317307692307692 0.5216346153846154 0.3317307692307693 0.5961538461538461 0.3750000000000001 0.5961538461538461
0 0.47596153846153855 0.5216346153846154 0.43509615384615385 0.5216346153846154 0.4350961538461539 0.5793269230769231 0.4759615384615386 0.5793269230769231
0 0.5528846153846154 0.5216346153846154 0.5168269230769231 0.5216346153846154 0.5168269230769231 0.59375 0.5528846153846155 0.59375
0 0.6009615384615385 0.528846153846154 0.5649038461538461 0.528846153846154 0.5649038461538463 0.6225961538461539 0.6009615384615385 0.6225961538461539
0 0.6947115384615384 0.528846153846154 0.6490384615384616 0.528846153846154 0.6490384615384616 0.6225961538461539 0.6947115384615384 0.6225961538461539
0 0.8365384615384616 0.5144230769230771 0.7980769230769231 0.5144230769230771 0.7980769230769231 0.5937500000000001 0.8365384615384616 0.5937500000000001
0 0.9302884615384616 0.4951923076923078 0.8990384615384616 0.4951923076923078 0.8990384615384616 0.5697115384615385 0.9302884615384616 0.5697115384615385