0 0.9663461538461539 0.5673076923076924 0.8485576923076923 0.5673076923076924 0.8485576923076923 0.6418269230769231 0.9663461538461539 0.6418269230769231
0 0.875 0.5144230769230771 0.7908653846153846 0.5144230769230771 0.7908653846153846 0.5793269230769232 0.875 0.5793269230769232
0 0.8173076923076923 0.4615384615384617 0.7139423076923077 0.4615384615384617 0.7139423076923077 0.5336538461538463 0.8173076923076923 0.5336538461538463
0 0.7211538461538461 0.3750000000000001 0.6322115384615384 0.3750000000000001 0.6322115384615384 0.4326923076923078 0.7211538461538461 0.4326923076923078
0 0.6274038461538461 0.2836538461538462 0.5408653846153846 0.2836538461538462 0.5408653846153846 0.34375000000000006 0.6274038461538461 0.3437500000000001
0 0.5192307692307693 0.21153846153846162 0.4254807692307692 0.21153846153846162 0.4254807692307692 0.2692307692307693 0.5192307692307693 0.2692307692307693
0 0.5 0.3173076923076923 0.4182692307692308 0.3173076923076923 0.4182692307692308 0.37740384615384615 0.5 0.37740384615384615
0 0.4879807692307692 0.4230769230769231 0.4254807692307692 0.4230769230769231 0.4254807692307692 0.4735576923076923 0.4879807692307692 0.4735576923076923
0 0.47836538461538464 0.5024038461538461 0.4014423076923077 0.5024038461538461 0.4014423076923077 0.5528846153846154 0.47836538461538464 0.5528846153846154
0 0.4663461538461539 0.5456730769230769 0.36538461538461536 0.5456730769230769 0.3653846153846155 0.6009615384615384 0.46634615384615397 0.6009615384615384
0 0.45432692307692324 0.6346153846153846 0.35817307692307704 0.6346153846153846 0.35817307692307704 0.6875 0.45432692307692324 0.6875
0 0.45192307692307704 0.78125 0.36538461538461553 0.78125 0.36538461538461553 0.8341346153846154 0.45192307692307704 0.8341346153846154
0 0.45913461538461553 0.8846153846153846 0.3774038461538463 0.8846153846153846 0.3774038461538463 0.9326923076923077 0.45913461538461553 0.9326923076923077