0 0.3629807692307692 0.3942307692307692 0.3173076923076923 0.3942307692307692 0.3173076923076923 0.4423076923076923 0.3629807692307692 0.4423076923076923
0 0.3798076923076923 0.4543269230769231 0.31971153846153844 0.4543269230769231 0.31971153846153844 0.5072115384615384 0.3798076923076923 0.5072115384615384
0 0.4110576923076924 0.5072115384615384 0.34134615384615385 0.5072115384615384 0.3413461538461539 0.5649038461538461 0.41105769230769246 0.5649038461538461
0 0.47596153846153855 0.5216346153846154 0.42788461538461536 0.5216346153846154 0.4278846153846155 0.5673076923076923 0.4759615384615386 0.5673076923076923
0 0.5745192307692307 0.4302884615384616 0.5360576923076923 0.43028846153846156 0.5360576923076923 0.46875000000000006 0.5745192307692307 0.4687500000000001
0 0.6995192307692307 0.6394230769230769 0.6514423076923077 0.6394230769230769 0.6514423076923077 0.6899038461538461 0.6995192307692307 0.6899038461538461
0 0.6370192307692307 0.7764423076923077 0.5841346153846155 0.7764423076923077 0.5841346153846155 0.8341346153846154 0.6370192307692307 0.8341346153846154
0 0.47355769230769246 0.7163461538461539 0.41586538461538475 0.7163461538461539 0.41586538461538475 0.7764423076923077 0.47355769230769246 0.7764423076923077
0 0.37259615384615397 0.6923076923076923 0.3028846153846155 0.6923076923076923 0.3028846153846155 0.7572115384615384 0.37259615384615397 0.7572115384615384
0 0.2475961538461539 0.6298076923076923 0.18990384615384623 0.6298076923076923 0.18990384615384623 0.6923076923076923 0.2475961538461539 0.6923076923076923
0 0.1850961538461539 0.6730769230769231 0.11057692307692314 0.6730769230769231 0.11057692307692316 0.7403846153846154 0.1850961538461539 0.7403846153846154
0 0.10096153846153856 0.7235576923076923 0.0408653846153847 0.7235576923076923 0.040865384615384706 0.7860576923076923 0.10096153846153856 0.7860576923076923
0 0.8341346153846154 0.6153846153846154 0.7932692307692307 0.6153846153846154 0.7932692307692307 0.6682692307692307 0.8341346153846154 0.6682692307692307