0 0.6346153846153846 0.3461538461538463 0.5961538461538461 0.3461538461538463 0.5961538461538461 0.3822115384615386 0.6346153846153846 0.3822115384615386
0 0.5745192307692307 0.3341346153846155 0.5336538461538461 0.33413461538461536 0.5336538461538461 0.38221153846153855 0.5745192307692307 0.3822115384615386
0 0.5144230769230769 0.34375 0.4735576923076923 0.34375 0.4735576923076923 0.4014423076923077 0.5144230769230769 0.4014423076923077
0 0.4855769230769231 0.4230769230769231 0.4495192307692308 0.4230769230769231 0.4495192307692308 0.46153846153846156 0.4855769230769231 0.46153846153846156
0 0.5528846153846154 0.5480769230769231 0.5216346153846154 0.5480769230769231 0.5216346153846154 0.5793269230769231 0.5528846153846155 0.5793269230769231
0 0.32211538461538475 0.6153846153846154 0.28125000000000006 0.6153846153846154 0.28125000000000006 0.6514423076923077 0.32211538461538475 0.6514423076923077
0 0.20432692307692316 0.5192307692307693 0.1538461538461539 0.5192307692307693 0.1538461538461539 0.5600961538461539 0.20432692307692316 0.5600961538461539
0 0.29807692307692313 0.36778846153846156 0.25000000000000006 0.36778846153846156 0.25000000000000006 0.41346153846153844 0.29807692307692313 0.41346153846153844
0 0.34615384615384615 0.26201923076923084 0.2932692307692308 0.26201923076923084 0.2932692307692308 0.32211538461538464 0.34615384615384615 0.32211538461538464
0 0.43509615384615385 0.1658653846153847 0.38221153846153844 0.1658653846153847 0.38221153846153844 0.21394230769230776 0.43509615384615385 0.21394230769230776
0 0.40625 0.07932692307692311 0.35096153846153844 0.07932692307692311 0.35096153846153844 0.1418269230769231 0.40625 0.1418269230769231
0 0.375 4.283319934517786e-17 0.3245192307692308 3.9742143722329966e-17 0.3245192307692308 0.050480769230769273 0.375 0.05048076923076928
0 0.3149038461538463 0.7572115384615384 0.26682692307692313 0.7572115384615384 0.26682692307692313 0.7884615384615384 0.3149038461538463 0.7884615384615384