0 0.6033653846153846 0.3245192307692309 0.5649038461538461 0.3245192307692309 0.5649038461538461 0.36057692307692324 0.6033653846153846 0.36057692307692324
0 0.5432692307692307 0.3245192307692308 0.5 0.3245192307692308 0.5 0.375 0.5432692307692307 0.375
0 0.49038461538461536 0.34615384615384615 0.44471153846153844 0.34615384615384615 0.44471153846153844 0.40384615384615385 0.49038461538461536 0.40384615384615385
0 0.47596153846153844 0.43028846153846156 0.4375 0.43028846153846156 0.4375 0.47115384615384615 0.47596153846153844 0.47115384615384615
0 0.5673076923076924 0.5384615384615385 0.5360576923076923 0.5384615384615384 0.5360576923076924 0.5697115384615385 0.5673076923076924 0.5697115384615385
0 0.35336538461538475 0.6514423076923077 0.31009615384615397 0.6514423076923077 0.31009615384615397 0.6899038461538461 0.35336538461538475 0.6899038461538461
0 0.22115384615384623 0.5841346153846154 0.16826923076923084 0.5841346153846154 0.16826923076923084 0.6298076923076923 0.22115384615384623 0.6298076923076923
0 0.2836538461538462 0.41586538461538464 0.23076923076923084 0.41586538461538464 0.23076923076923084 0.4639423076923077 0.2836538461538462 0.4639423076923077
0 0.31009615384615385 0.3028846153846154 0.2524038461538462 0.30288461538461536 0.2524038461538462 0.36538461538461536 0.31009615384615385 0.36538461538461536
0 0.37259615384615385 0.18990384615384623 0.31490384615384615 0.18990384615384623 0.31490384615384615 0.24038461538461545 0.37259615384615385 0.24038461538461545
0 0.3293269230769231 0.11298076923076926 0.27163461538461536 0.11298076923076926 0.27163461538461536 0.17548076923076927 0.3293269230769231 0.1754807692307693
0 0.28365384615384615 0.028846153846153876 0.23076923076923078 0.028846153846153872 0.23076923076923078 0.09615384615384619 0.28365384615384615 0.09615384615384619
0 0.3750000000000001 0.7932692307692307 0.32692307692307704 0.7932692307692307 0.32692307692307704 0.8269230769230769 0.3750000000000001 0.8269230769230769