0 0.6153846153846154 0.3317307692307694 0.5793269230769231 0.3317307692307694 0.5793269230769231 0.3677884615384617 0.6153846153846154 0.3677884615384617
0 0.5552884615384616 0.3293269230769231 0.5168269230769231 0.3293269230769231 0.5168269230769231 0.37740384615384615 0.5552884615384616 0.37740384615384615
0 0.5 0.34375 0.45913461538461536 0.34375 0.45913461538461536 0.4014423076923077 0.5 0.4014423076923077
0 0.47836538461538464 0.42788461538461536 0.4423076923076923 0.42788461538461536 0.4423076923076923 0.46634615384615385 0.47836538461538464 0.46634615384615385
0 0.560096153846154 0.5432692307692308 0.53125 0.5432692307692307 0.5312500000000001 0.5745192307692308 0.560096153846154 0.574519230769231
0 0.3389423076923078 0.6370192307692307 0.29807692307692313 0.6370192307692307 0.29807692307692313 0.6730769230769231 0.3389423076923078 0.6730769230769231
0 0.21153846153846162 0.5576923076923077 0.16346153846153852 0.5576923076923077 0.16346153846153852 0.6009615384615384 0.21153846153846162 0.6009615384615384
0 0.28846153846153855 0.39663461538461536 0.24038461538461545 0.39663461538461536 0.24038461538461545 0.4423076923076923 0.28846153846153855 0.4423076923076923
0 0.32211538461538464 0.28605769230769235 0.2692307692307693 0.2860576923076923 0.2692307692307693 0.34615384615384615 0.32211538461538464 0.34615384615384615
0 0.39663461538461536 0.17788461538461545 0.34375 0.17788461538461545 0.34375 0.22596153846153852 0.39663461538461536 0.22596153846153852
0 0.3581730769230769 0.09855769230769235 0.30528846153846156 0.09855769230769235 0.30528846153846156 0.15865384615384623 0.3581730769230769 0.15865384615384623
0 0.31971153846153844 0.012019230769230806 0.27163461538461536 0.012019230769230803 0.27163461538461536 0.07451923076923081 0.31971153846153844 0.07451923076923081
0 0.34855769230769246 0.7836538461538461 0.3004807692307693 0.7836538461538461 0.3004807692307693 0.8100961538461539 0.34855769230769246 0.8100961538461539