0 0.44711538461538464 0.3173076923076923 0.40384615384615385 0.3173076923076923 0.40384615384615385 0.3581730769230769 0.44711538461538464 0.3581730769230769
0 0.5096153846153846 0.3245192307692308 0.4639423076923077 0.3245192307692308 0.4639423076923077 0.37740384615384615 0.5096153846153846 0.37740384615384615
0 0.5673076923076923 0.34375000000000006 0.5120192307692307 0.34375 0.5120192307692307 0.41346153846153855 0.5673076923076923 0.4134615384615386
0 0.5673076923076923 0.43269230769230776 0.5264423076923077 0.4326923076923077 0.5264423076923077 0.47596153846153855 0.5673076923076923 0.4759615384615386
0 0.46394230769230776 0.5336538461538461 0.43028846153846156 0.5336538461538461 0.4302884615384616 0.5697115384615384 0.4639423076923078 0.5697115384615384
0 0.6850961538461539 0.6586538461538461 0.6370192307692307 0.6586538461538461 0.6370192307692307 0.7019230769230769 0.6850961538461539 0.7019230769230769
0 0.8269230769230769 0.5961538461538463 0.7716346153846154 0.5961538461538463 0.7716346153846154 0.6490384615384616 0.8269230769230769 0.6490384615384616
0 0.7740384615384616 0.4254807692307694 0.71875 0.4254807692307694 0.71875 0.4807692307692309 0.7740384615384616 0.4807692307692309
0 0.7620192307692307 0.31009615384615397 0.6947115384615384 0.31009615384615397 0.6947115384615384 0.3822115384615386 0.7620192307692307 0.3822115384615386
0 0.6995192307692307 0.19471153846153852 0.6394230769230769 0.19471153846153852 0.6394230769230769 0.25000000000000006 0.6995192307692307 0.25000000000000006
0 0.75 0.12019230769230778 0.6899038461538461 0.12019230769230776 0.6899038461538461 0.18990384615384623 0.75 0.18990384615384623
0 0.7980769230769231 0.040865384615384706 0.7355769230769231 0.0408653846153847 0.7355769230769231 0.11298076923076933 0.7980769230769231 0.11298076923076933
0 0.6586538461538461 0.8004807692307693 0.605769230769231 0.8004807692307693 0.605769230769231 0.8389423076923077 0.6586538461538461 0.8389423076923077