0 0.6057692307692307 0.3245192307692309 0.5673076923076923 0.3245192307692309 0.5673076923076923 0.3629807692307694 0.6057692307692307 0.3629807692307694
0 0.5480769230769231 0.3245192307692308 0.5 0.3245192307692308 0.5 0.37740384615384615 0.5480769230769231 0.37740384615384615
0 0.4951923076923077 0.34375 0.44471153846153844 0.34375 0.44471153846153844 0.40625 0.4951923076923077 0.40625
0 0.47836538461538464 0.42788461538461536 0.4375 0.42788461538461536 0.4375 0.47115384615384615 0.47836538461538464 0.47115384615384615
0 0.5673076923076924 0.5408653846153847 0.5336538461538461 0.5408653846153846 0.5336538461538463 0.5721153846153847 0.5673076923076924 0.5721153846153848
0 0.3509615384615386 0.6490384615384616 0.3076923076923078 0.6490384615384616 0.3076923076923078 0.6875 0.3509615384615386 0.6875
0 0.21875000000000006 0.5793269230769231 0.1658653846153847 0.5793269230769231 0.1658653846153847 0.6274038461538461 0.21875000000000006 0.6274038461538461
0 0.2860576923076924 0.4110576923076923 0.23317307692307698 0.4110576923076923 0.23317307692307698 0.46153846153846156 0.2860576923076924 0.46153846153846156
0 0.31490384615384615 0.29807692307692313 0.2524038461538462 0.2980769230769231 0.2524038461538462 0.36538461538461536 0.31490384615384615 0.36538461538461536
0 0.3798076923076923 0.1850961538461539 0.31971153846153844 0.1850961538461539 0.31971153846153844 0.24038461538461545 0.3798076923076923 0.24038461538461545
0 0.33413461538461536 0.10817307692307696 0.2764423076923077 0.10817307692307696 0.2764423076923077 0.1730769230769231 0.33413461538461536 0.17307692307692316
0 0.2956730769230769 0.024038461538461568 0.23317307692307693 0.024038461538461564 0.23317307692307693 0.09615384615384619 0.2956730769230769 0.09615384615384619
0 0.3701923076923078 0.7908653846153846 0.32211538461538475 0.7908653846153846 0.32211538461538475 0.8269230769230769 0.3701923076923078 0.8269230769230769