0 0.3822115384615386 0.5913461538461539 0.3389423076923078 0.5913461538461539 0.3389423076923078 0.6346153846153846 0.3822115384615386 0.6346153846153846
0 0.3846153846153847 0.5288461538461539 0.3317307692307692 0.5288461538461539 0.3317307692307693 0.5721153846153846 0.38461538461538475 0.5721153846153846
0 0.40625 0.4639423076923077 0.3389423076923077 0.4639423076923077 0.3389423076923077 0.5192307692307693 0.40625 0.5192307692307693
0 0.46634615384615385 0.44471153846153844 0.4230769230769231 0.44471153846153844 0.4230769230769231 0.4879807692307692 0.46634615384615385 0.4879807692307692
0 0.5817307692307693 0.5240384615384616 0.5480769230769231 0.5240384615384616 0.5480769230769231 0.5552884615384616 0.5817307692307693 0.5552884615384617
0 0.65625 0.2788461538461539 0.6129807692307693 0.2788461538461539 0.6129807692307693 0.32692307692307704 0.65625 0.32692307692307704
0 0.5721153846153846 0.1538461538461539 0.5216346153846154 0.1538461538461539 0.5216346153846154 0.20913461538461545 0.5721153846153846 0.20913461538461545
0 0.4206730769230769 0.2475961538461539 0.36778846153846156 0.2475961538461539 0.36778846153846156 0.3004807692307693 0.4206730769230769 0.3004807692307693
0 0.3293269230769231 0.28605769230769235 0.264423076923077 0.2860576923076923 0.264423076923077 0.34615384615384615 0.3293269230769231 0.34615384615384615
0 0.2163461538461539 0.375 0.16346153846153852 0.375 0.16346153846153852 0.4326923076923077 0.2163461538461539 0.4326923076923077
0 0.14663461538461542 0.34134615384615385 0.07932692307692311 0.34134615384615385 0.07932692307692311 0.4014423076923077 0.14663461538461542 0.4014423076923077
0 0.06009615384615389 0.3125 3.827021247335479e-17 0.3125 4.1950040595792747e-17 0.37259615384615385 0.060096153846153896 0.37259615384615385
0 0.7932692307692307 0.2692307692307693 0.7596153846153846 0.2692307692307693 0.7596153846153846 0.3197115384615386 0.7932692307692307 0.3197115384615386