0 0.36538461538461536 0.3918269230769231 0.3245192307692308 0.3918269230769231 0.3245192307692308 0.43509615384615385 0.36538461538461536 0.43509615384615385
0 0.37740384615384615 0.4519230769230769 0.3245192307692308 0.4519230769230769 0.3245192307692308 0.5 0.37740384615384615 0.5
0 0.40625 0.5072115384615384 0.34615384615384615 0.5072115384615384 0.34615384615384615 0.5552884615384616 0.40625 0.5552884615384616
0 0.4711538461538462 0.5240384615384616 0.42788461538461536 0.5240384615384616 0.4278846153846155 0.5649038461538461 0.4711538461538463 0.5649038461538461
0 0.5721153846153846 0.4350961538461539 0.5384615384615384 0.43509615384615385 0.5384615384615384 0.46875000000000006 0.5721153846153846 0.4687500000000001
0 0.6875 0.6490384615384616 0.6490384615384616 0.6490384615384616 0.6490384615384616 0.6923076923076923 0.6875 0.6923076923076923
0 0.6274038461538461 0.78125 0.5793269230769232 0.78125 0.5793269230769232 0.8365384615384616 0.6274038461538461 0.8365384615384616
0 0.4615384615384617 0.7139423076923077 0.4086538461538463 0.7139423076923077 0.4086538461538463 0.7692307692307693 0.4615384615384617 0.7692307692307693
0 0.3629807692307694 0.6875 0.29807692307692313 0.6875 0.29807692307692313 0.7475961538461539 0.3629807692307694 0.7475961538461539
0 0.24038461538461545 0.6225961538461539 0.18750000000000006 0.6225961538461539 0.18750000000000006 0.6826923076923077 0.24038461538461545 0.6826923076923077
0 0.17307692307692316 0.6658653846153846 0.11057692307692314 0.6658653846153846 0.11057692307692316 0.7235576923076923 0.17307692307692316 0.7235576923076923
0 0.0937500000000001 0.7115384615384616 0.02644230769230778 0.7115384615384616 0.026442307692307782 0.7644230769230769 0.0937500000000001 0.7644230769230769
0 0.8269230769230769 0.6298076923076923 0.7908653846153846 0.6298076923076923 0.7908653846153846 0.6778846153846154 0.8269230769230769 0.6778846153846154