0 0.6033653846153846 0.3149038461538462 0.5552884615384616 0.31490384615384615 0.5552884615384616 0.3629807692307693 0.6033653846153846 0.3629807692307694
0 0.5456730769230769 0.31971153846153844 0.49038461538461536 0.31971153846153844 0.49038461538461536 0.38221153846153844 0.5456730769230769 0.38221153846153844
0 0.49038461538461536 0.34375 0.43509615384615385 0.34375 0.43509615384615385 0.4110576923076923 0.49038461538461536 0.4110576923076923
0 0.47836538461538464 0.43028846153846156 0.4326923076923077 0.43028846153846156 0.4326923076923077 0.47596153846153844 0.47836538461538464 0.47596153846153844
0 0.5721153846153847 0.5336538461538463 0.53125 0.5336538461538461 0.5312500000000001 0.5745192307692308 0.5721153846153848 0.574519230769231
0 0.36538461538461553 0.6538461538461539 0.3149038461538463 0.6538461538461539 0.3149038461538463 0.7019230769230769 0.36538461538461553 0.7019230769230769
0 0.22596153846153852 0.5913461538461539 0.16826923076923084 0.5913461538461539 0.16826923076923084 0.6418269230769231 0.22596153846153852 0.6418269230769231
0 0.2836538461538462 0.4182692307692308 0.22355769230769237 0.4182692307692308 0.22355769230769237 0.47596153846153844 0.2836538461538462 0.47596153846153844
0 0.3076923076923077 0.3076923076923077 0.24278846153846162 0.3076923076923077 0.24278846153846162 0.3798076923076923 0.3076923076923077 0.3798076923076923
0 0.36778846153846156 0.18990384615384623 0.30528846153846156 0.18990384615384623 0.30528846153846156 0.25000000000000006 0.36778846153846156 0.25000000000000006
0 0.3245192307692308 0.11538461538461542 0.25240384615384615 0.11538461538461542 0.25240384615384615 0.1899038461538462 0.3245192307692308 0.18990384615384623
0 0.2692307692307692 0.04567307692307695 0.20673076923076922 0.04567307692307694 0.20673076923076922 0.10817307692307696 0.2692307692307692 0.10817307692307696
0 0.39182692307692324 0.7956730769230769 0.3365384615384617 0.7956730769230769 0.3365384615384617 0.8365384615384616 0.39182692307692324 0.8365384615384616