0 0.7548076923076923 0.49038461538461553 0.7331730769230769 0.49038461538461553 0.7331730769230769 0.5168269230769232 0.7548076923076923 0.5168269230769232
0 0.7596153846153846 0.5000000000000001 0.7451923076923077 0.5000000000000001 0.7451923076923077 0.5192307692307694 0.7596153846153846 0.5192307692307694
0 0.5504807692307693 0.43028846153846156 0.5264423076923077 0.43028846153846156 0.5264423076923077 0.4543269230769231 0.5504807692307693 0.4543269230769231
0 0.5817307692307693 0.45432692307692313 0.5552884615384616 0.4543269230769231 0.5552884615384616 0.48076923076923084 0.5817307692307693 0.4807692307692309
0 0.5841346153846154 0.4759615384615386 0.5600961538461539 0.4759615384615386 0.5600961538461539 0.5024038461538463 0.5841346153846154 0.5024038461538463
0 0.5432692307692307 0.28125000000000006 0.53125 0.28125000000000006 0.53125 0.295673076923077 0.5432692307692307 0.295673076923077
0 0.5384615384615384 0.28846153846153855 0.5240384615384616 0.28846153846153855 0.5240384615384616 0.31009615384615385 0.5384615384615384 0.31009615384615385
0 0.5360576923076923 0.21153846153846162 0.5120192307692307 0.21153846153846162 0.5120192307692307 0.23076923076923084 0.5360576923076923 0.23076923076923084
0 0.5120192307692307 0.19951923076923084 0.49038461538461536 0.19951923076923084 0.49038461538461536 0.22355769230769237 0.5120192307692307 0.22355769230769237
0 0.49278846153846156 0.21153846153846162 0.47115384615384615 0.21153846153846162 0.47115384615384615 0.23317307692307698 0.49278846153846156 0.23317307692307698
0 0.47115384615384615 0.25721153846153855 0.44471153846153844 0.25721153846153855 0.44471153846153844 0.2788461538461539 0.47115384615384615 0.2788461538461539
0 0.4495192307692308 0.25721153846153855 0.42788461538461536 0.25721153846153855 0.42788461538461536 0.28125000000000006 0.4495192307692308 0.28125000000000006
0 0.40865384615384615 0.25000000000000006 0.3870192307692308 0.25000000000000006 0.3870192307692308 0.2692307692307693 0.40865384615384615 0.2692307692307693
0 0.3942307692307692 0.2692307692307693 0.37259615384615385 0.2692307692307693 0.37259615384615385 0.2908653846153847 0.3942307692307692 0.2908653846153847
0 0.40865384615384615 0.29326923076923084 0.38461538461538464 0.29326923076923084 0.38461538461538464 0.3173076923076923 0.40865384615384615 0.3173076923076923
0 0.4014423076923077 0.3173076923076923 0.37740384615384615 0.3173076923076923 0.37740384615384615 0.34375 0.4014423076923077 0.34375
0 0.3557692307692308 0.3701923076923077 0.3293269230769231 0.3701923076923077 0.3293269230769231 0.3918269230769231 0.3557692307692308 0.3918269230769231
0 0.3557692307692308 0.39903846153846156 0.33653846153846156 0.39903846153846156 0.33653846153846156 0.4206730769230769 0.3557692307692308 0.4206730769230769
0 0.3581730769230769 0.43028846153846156 0.33653846153846156 0.43028846153846156 0.33653846153846156 0.4519230769230769 0.3581730769230769 0.4519230769230769
0 0.38461538461538464 0.43028846153846156 0.36538461538461536 0.43028846153846156 0.36538461538461536 0.4567307692307692 0.38461538461538464 0.4567307692307692
0 0.4110576923076923 0.39903846153846156 0.3942307692307692 0.39903846153846156 0.3942307692307692 0.4206730769230769 0.4110576923076923 0.4206730769230769
0 0.4230769230769231 0.39663461538461536 0.40865384615384615 0.39663461538461536 0.40865384615384615 0.41346153846153844 0.4230769230769231 0.41346153846153844
0 0.39663461538461536 0.3605769230769231 0.37259615384615385 0.3605769230769231 0.37259615384615385 0.38221153846153844 0.39663461538461536 0.38221153846153844
0 0.40865384615384615 0.3581730769230769 0.3894230769230769 0.3581730769230769 0.3894230769230769 0.3798076923076923 0.40865384615384615 0.3798076923076923
0 0.4230769230769231 0.34615384615384615 0.39903846153846156 0.34615384615384615 0.39903846153846156 0.36778846153846156 0.4230769230769231 0.36778846153846156
0 0.44471153846153844 0.35336538461538464 0.4182692307692308 0.35336538461538464 0.4182692307692308 0.375 0.44471153846153844 0.375
0 0.4567307692307692 0.37259615384615385 0.43509615384615385 0.37259615384615385 0.43509615384615385 0.3918269230769231 0.4567307692307692 0.3918269230769231
0 0.44711538461538464 0.3245192307692308 0.4254807692307692 0.3245192307692308 0.4254807692307692 0.3485576923076923 0.44711538461538464 0.3485576923076923
0 0.47115384615384615 0.34375 0.44711538461538464 0.34375 0.44711538461538464 0.3605769230769231 0.47115384615384615 0.3605769230769231
0 0.46153846153846156 0.33413461538461536 0.43990384615384615 0.33413461538461536 0.43990384615384615 0.3605769230769231 0.46153846153846156 0.3605769230769231
0 0.4831730769230769 0.32211538461538464 0.4567307692307692 0.32211538461538464 0.4567307692307692 0.34375 0.4831730769230769 0.34375
0 0.49759615384615385 0.2788461538461539 0.47596153846153844 0.2788461538461539 0.47596153846153844 0.3028846153846155 0.49759615384615385 0.3028846153846155
0 0.4639423076923077 0.2908653846153847 0.43990384615384615 0.2908653846153847 0.43990384615384615 0.31490384615384615 0.4639423076923077 0.31490384615384615
0 0.4495192307692308 0.2836538461538462 0.4326923076923077 0.2836538461538462 0.4326923076923077 0.3076923076923077 0.4495192307692308 0.3076923076923077
0 0.44471153846153844 0.2908653846153847 0.4206730769230769 0.2908653846153847 0.4206730769230769 0.3125 0.44471153846153844 0.3125
0 0.43028846153846156 0.27644230769230776 0.40865384615384615 0.27644230769230776 0.40865384615384615 0.29807692307692313 0.43028846153846156 0.29807692307692313
0 0.36538461538461536 0.38461538461538464 0.3485576923076923 0.38461538461538464 0.3485576923076923 0.40625 0.36538461538461536 0.40625
0 0.39663461538461536 0.3076923076923077 0.37259615384615385 0.3076923076923077 0.37259615384615385 0.33413461538461536 0.39663461538461536 0.33413461538461536