0 0.7524038461538461 0.5192307692307694 0.7331730769230769 0.5192307692307694 0.7331730769230769 0.543269230769231 0.7524038461538461 0.543269230769231
0 0.7620192307692307 0.5168269230769232 0.7451923076923077 0.5168269230769232 0.7451923076923077 0.5360576923076924 0.7620192307692307 0.5360576923076924
0 0.5408653846153847 0.5504807692307693 0.5192307692307693 0.5504807692307693 0.5192307692307693 0.5745192307692307 0.5408653846153848 0.5745192307692307
0 0.5769230769230769 0.5312500000000001 0.5528846153846154 0.53125 0.5528846153846154 0.5552884615384616 0.5769230769230769 0.5552884615384617
0 0.5841346153846154 0.5096153846153848 0.5600961538461539 0.5096153846153848 0.5600961538461539 0.5336538461538463 0.5841346153846154 0.5336538461538463
0 0.512019230769231 0.7043269230769231 0.49759615384615397 0.7043269230769231 0.49759615384615397 0.7211538461538461 0.512019230769231 0.7211538461538461
0 0.5096153846153848 0.6923076923076923 0.4951923076923078 0.6923076923076923 0.4951923076923078 0.7139423076923077 0.5096153846153848 0.7139423076923077
0 0.49759615384615397 0.7716346153846154 0.47355769230769246 0.7716346153846154 0.47355769230769246 0.7908653846153846 0.49759615384615397 0.7908653846153846
0 0.47355769230769246 0.7740384615384616 0.45192307692307704 0.7740384615384616 0.45192307692307704 0.7980769230769231 0.47355769230769246 0.7980769230769231
0 0.45432692307692324 0.7644230769230769 0.43509615384615397 0.7644230769230769 0.43509615384615397 0.7860576923076923 0.45432692307692324 0.7860576923076923
0 0.4399038461538463 0.7163461538461539 0.4134615384615386 0.7163461538461539 0.4134615384615386 0.7379807692307693 0.4399038461538463 0.7379807692307693
0 0.4182692307692309 0.7091346153846154 0.39663461538461553 0.7091346153846154 0.39663461538461553 0.7331730769230769 0.4182692307692309 0.7331730769230769
0 0.37259615384615397 0.7139423076923077 0.35336538461538475 0.7139423076923077 0.35336538461538475 0.7331730769230769 0.37259615384615397 0.7331730769230769
0 0.3629807692307694 0.6923076923076923 0.34134615384615397 0.6923076923076923 0.34134615384615397 0.7139423076923077 0.3629807692307694 0.7139423076923077
0 0.3822115384615386 0.6682692307692307 0.35817307692307704 0.6682692307692307 0.35817307692307704 0.6923076923076923 0.3822115384615386 0.6923076923076923
0 0.37980769230769246 0.6394230769230769 0.3557692307692309 0.6394230769230769 0.3557692307692309 0.6634615384615384 0.37980769230769246 0.6634615384615384
0 0.34134615384615397 0.5865384615384616 0.31730769230769246 0.5865384615384616 0.31730769230769246 0.6057692307692307 0.34134615384615397 0.6057692307692307
0 0.3437500000000001 0.5600961538461539 0.32211538461538475 0.5600961538461539 0.32211538461538475 0.5841346153846154 0.3437500000000001 0.5841346153846154
0 0.35096153846153844 0.5240384615384616 0.3293269230769231 0.5240384615384616 0.3293269230769231 0.5480769230769231 0.35096153846153844 0.5480769230769231
0 0.37740384615384615 0.5288461538461539 0.3581730769230769 0.5288461538461539 0.3581730769230769 0.5528846153846154 0.37740384615384615 0.5528846153846154
0 0.3990384615384617 0.5697115384615384 0.3822115384615386 0.5697115384615384 0.3822115384615386 0.5865384615384616 0.3990384615384617 0.5865384615384616
0 0.41105769230769246 0.5745192307692307 0.39663461538461553 0.5745192307692307 0.39663461538461553 0.5913461538461539 0.41105769230769246 0.5913461538461539
0 0.3774038461538463 0.6009615384615384 0.35336538461538475 0.6009615384615384 0.35336538461538475 0.6225961538461539 0.3774038461538463 0.6225961538461539
0 0.39182692307692324 0.6033653846153846 0.3701923076923078 0.6033653846153846 0.3701923076923078 0.6274038461538461 0.39182692307692324 0.6274038461538461
0 0.40384615384615397 0.6201923076923077 0.37980769230769246 0.6201923076923077 0.37980769230769246 0.6418269230769231 0.40384615384615397 0.6418269230769231
0 0.42788461538461553 0.6153846153846154 0.4014423076923078 0.6153846153846154 0.4014423076923078 0.6394230769230769 0.42788461538461553 0.6394230769230769
0 0.4399038461538463 0.5985576923076923 0.4182692307692309 0.5985576923076923 0.4182692307692309 0.6177884615384616 0.4399038461538463 0.6177884615384616
0 0.4254807692307694 0.6442307692307693 0.4062500000000001 0.6442307692307693 0.4062500000000001 0.6658653846153846 0.4254807692307694 0.6658653846153846
0 0.45192307692307704 0.6298076923076923 0.4254807692307694 0.6298076923076923 0.4254807692307694 0.6490384615384616 0.45192307692307704 0.6490384615384616
0 0.4399038461538463 0.6322115384615384 0.4182692307692309 0.6322115384615384 0.4182692307692309 0.6586538461538461 0.4399038461538463 0.6586538461538461
0 0.45913461538461553 0.6514423076923077 0.4326923076923078 0.6514423076923077 0.4326923076923078 0.6754807692307693 0.45913461538461553 0.6754807692307693
0 0.4687500000000001 0.6947115384615384 0.4495192307692309 0.6947115384615384 0.4495192307692309 0.7163461538461539 0.4687500000000001 0.7163461538461539
0 0.4399038461538463 0.6778846153846154 0.4134615384615386 0.6778846153846154 0.4134615384615386 0.7019230769230769 0.4399038461538463 0.7019230769230769
0 0.42307692307692324 0.6850961538461539 0.40384615384615397 0.6850961538461539 0.40384615384615397 0.7067307692307693 0.42307692307692324 0.7067307692307693
0 0.4182692307692309 0.6754807692307693 0.3942307692307694 0.6754807692307693 0.3942307692307694 0.6995192307692307 0.4182692307692309 0.6995192307692307
0 0.4014423076923078 0.6899038461538461 0.3774038461538463 0.6899038461538461 0.3774038461538463 0.7115384615384616 0.4014423076923078 0.7115384615384616
0 0.3509615384615386 0.5745192307692307 0.33413461538461553 0.5745192307692307 0.33413461538461553 0.59375 0.3509615384615386 0.59375
0 0.37259615384615397 0.6490384615384616 0.3509615384615386 0.6490384615384616 0.3509615384615386 0.6754807692307693 0.37259615384615397 0.6754807692307693