0 0.2740384615384616 0.5576923076923077 0.25721153846153855 0.5576923076923077 0.25721153846153855 0.5817307692307693 0.2740384615384616 0.5817307692307693
0 0.26201923076923084 0.5576923076923077 0.2475961538461539 0.5576923076923077 0.2475961538461539 0.5745192307692307 0.26201923076923084 0.5745192307692307
0 0.4903846153846155 0.5576923076923077 0.47115384615384615 0.5576923076923077 0.4711538461538462 0.5793269230769231 0.49038461538461553 0.5793269230769231
0 0.45432692307692313 0.5432692307692307 0.4326923076923077 0.5432692307692307 0.43269230769230776 0.5649038461538461 0.45432692307692324 0.5649038461538461
0 0.44471153846153844 0.5216346153846154 0.4230769230769231 0.5216346153846154 0.4230769230769231 0.5432692307692307 0.44471153846153844 0.5432692307692307
0 0.5360576923076924 0.7043269230769231 0.5240384615384617 0.7043269230769231 0.5240384615384617 0.71875 0.5360576923076924 0.71875
0 0.5360576923076924 0.6923076923076923 0.5240384615384617 0.6923076923076923 0.5240384615384617 0.7115384615384616 0.5360576923076924 0.7115384615384616
0 0.5721153846153848 0.7668269230769231 0.5480769230769232 0.7668269230769231 0.5480769230769232 0.7836538461538461 0.5721153846153848 0.7836538461538461
0 0.591346153846154 0.7668269230769231 0.5721153846153848 0.7668269230769231 0.5721153846153848 0.7884615384615384 0.591346153846154 0.7884615384615384
0 0.6081730769230771 0.7524038461538461 0.5889423076923078 0.7524038461538461 0.5889423076923078 0.7740384615384616 0.6081730769230771 0.7740384615384616
0 0.6225961538461539 0.7019230769230769 0.5985576923076924 0.7019230769230769 0.5985576923076924 0.7211538461538461 0.6225961538461539 0.7211538461538461
0 0.6370192307692307 0.6923076923076923 0.6177884615384616 0.6923076923076923 0.6177884615384616 0.7139423076923077 0.6370192307692307 0.7139423076923077
0 0.6778846153846154 0.6923076923076923 0.6610576923076923 0.6923076923076923 0.6610576923076923 0.7091346153846154 0.6778846153846154 0.7091346153846154
0 0.6875 0.6682692307692307 0.6682692307692307 0.6682692307692307 0.6682692307692307 0.6875 0.6875 0.6875
0 0.6682692307692307 0.6466346153846154 0.6466346153846154 0.6466346153846154 0.6466346153846154 0.6682692307692307 0.6682692307692307 0.6682692307692307
0 0.6682692307692307 0.6177884615384616 0.6466346153846154 0.6177884615384616 0.6466346153846154 0.6394230769230769 0.6682692307692307 0.6394230769230769
0 0.6971153846153846 0.560096153846154 0.6730769230769231 0.560096153846154 0.6730769230769231 0.5769230769230771 0.6971153846153846 0.5769230769230771
0 0.6875 0.5336538461538463 0.6682692307692307 0.5336538461538463 0.6682692307692307 0.5552884615384617 0.6875 0.5552884615384617
0 0.6730769230769231 0.5024038461538463 0.65625 0.5024038461538463 0.65625 0.5216346153846155 0.6730769230769231 0.5216346153846155
0 0.6466346153846154 0.5072115384615385 0.6298076923076923 0.5072115384615385 0.6298076923076923 0.5312500000000001 0.6466346153846154 0.5312500000000001
0 0.6298076923076923 0.5504807692307694 0.6129807692307693 0.5504807692307694 0.6129807692307693 0.5673076923076924 0.6298076923076923 0.5673076923076924
0 0.6153846153846154 0.560096153846154 0.6033653846153848 0.560096153846154 0.6033653846153848 0.574519230769231 0.6153846153846154 0.574519230769231
0 0.6610576923076923 0.5793269230769232 0.6394230769230769 0.5793269230769232 0.6394230769230769 0.5985576923076924 0.6610576923076923 0.5985576923076924
0 0.6442307692307693 0.5865384615384617 0.6274038461538461 0.5865384615384617 0.6274038461538461 0.605769230769231 0.6442307692307693 0.605769230769231
0 0.6394230769230769 0.6033653846153848 0.6177884615384616 0.6033653846153848 0.6177884615384616 0.6225961538461539 0.6394230769230769 0.6225961538461539
0 0.6177884615384616 0.6009615384615385 0.5937500000000001 0.6009615384615385 0.5937500000000001 0.6225961538461539 0.6177884615384616 0.6225961538461539
0 0.5985576923076924 0.5889423076923078 0.5769230769230771 0.5889423076923078 0.5769230769230771 0.605769230769231 0.5985576923076924 0.605769230769231
0 0.6177884615384616 0.6274038461538461 0.5985576923076924 0.6274038461538461 0.5985576923076924 0.6490384615384616 0.6177884615384616 0.6490384615384616
0 0.5937500000000001 0.6201923076923077 0.5697115384615385 0.6201923076923077 0.5697115384615385 0.6370192307692307 0.5937500000000001 0.6370192307692307
0 0.6009615384615385 0.6225961538461539 0.5841346153846155 0.6225961538461539 0.5841346153846155 0.6442307692307693 0.6009615384615385 0.6442307692307693
0 0.591346153846154 0.6418269230769231 0.5673076923076924 0.6418269230769231 0.5673076923076924 0.6634615384615384 0.591346153846154 0.6634615384615384
0 0.5841346153846155 0.6850961538461539 0.5649038461538463 0.6850961538461539 0.5649038461538463 0.7067307692307693 0.5841346153846155 0.7067307692307693
0 0.6153846153846154 0.6658653846153846 0.591346153846154 0.6658653846153846 0.591346153846154 0.6875 0.6153846153846154 0.6875
0 0.6274038461538461 0.6682692307692307 0.6081730769230771 0.6682692307692307 0.6081730769230771 0.6899038461538461 0.6274038461538461 0.6899038461538461
0 0.6346153846153846 0.6610576923076923 0.6129807692307694 0.6610576923076923 0.6129807692307694 0.6826923076923077 0.6346153846153846 0.6826923076923077
0 0.6538461538461539 0.6706730769230769 0.6298076923076923 0.6706730769230769 0.6298076923076923 0.6923076923076923 0.6538461538461539 0.6923076923076923
0 0.6754807692307693 0.5504807692307694 0.6634615384615384 0.5504807692307694 0.6634615384615384 0.5673076923076924 0.6754807692307693 0.5673076923076924
0 0.6706730769230769 0.6274038461538461 0.6538461538461539 0.6274038461538461 0.6538461538461539 0.6514423076923077 0.6706730769230769 0.6514423076923077