0 0.574519230769231 0.7283653846153846 0.5528846153846155 0.7283653846153846 0.5528846153846155 0.7427884615384616 0.574519230769231 0.7427884615384616
0 0.5697115384615385 0.7379807692307693 0.5528846153846155 0.7379807692307693 0.5528846153846155 0.75 0.5697115384615385 0.75
0 0.5769230769230769 0.514423076923077 0.5576923076923077 0.5144230769230769 0.5576923076923077 0.5312500000000001 0.5769230769230769 0.5312500000000001
0 0.5625000000000001 0.5480769230769231 0.5432692307692307 0.5480769230769231 0.5432692307692308 0.5673076923076924 0.5625000000000001 0.5673076923076924
0 0.5408653846153847 0.5576923076923077 0.5216346153846154 0.5576923076923077 0.5216346153846154 0.5769230769230769 0.5408653846153848 0.5769230769230769
0 0.71875 0.4711538461538463 0.7043269230769231 0.4711538461538463 0.7043269230769231 0.4807692307692309 0.71875 0.4807692307692309
0 0.7115384615384616 0.4687500000000001 0.6923076923076923 0.4687500000000001 0.6923076923076923 0.47836538461538475 0.7115384615384616 0.47836538461538475
0 0.7836538461538461 0.43509615384615397 0.7692307692307693 0.43509615384615397 0.7692307692307693 0.45432692307692324 0.7836538461538461 0.45432692307692324
0 0.7884615384615384 0.4134615384615386 0.7692307692307693 0.4134615384615386 0.7692307692307693 0.4302884615384617 0.7884615384615384 0.4302884615384617
0 0.7716346153846154 0.3990384615384617 0.7548076923076923 0.3990384615384617 0.7548076923076923 0.4134615384615386 0.7716346153846154 0.4134615384615386
0 0.7211538461538461 0.38461538461538475 0.7043269230769231 0.38461538461538475 0.7043269230769231 0.40384615384615397 0.7211538461538461 0.40384615384615397
0 0.7163461538461539 0.3677884615384617 0.6971153846153846 0.3677884615384617 0.6971153846153846 0.38461538461538475 0.7163461538461539 0.38461538461538475
0 0.7091346153846154 0.32692307692307704 0.6947115384615384 0.32692307692307704 0.6947115384615384 0.3437500000000001 0.7091346153846154 0.3437500000000001
0 0.6875 0.31730769230769246 0.6730769230769231 0.31730769230769246 0.6730769230769231 0.33413461538461553 0.6875 0.33413461538461553
0 0.6706730769230769 0.3389423076923078 0.6514423076923077 0.3389423076923078 0.6514423076923077 0.35817307692307704 0.6706730769230769 0.35817307692307704
0 0.6418269230769231 0.3365384615384617 0.6225961538461539 0.3365384615384617 0.6225961538461539 0.3557692307692309 0.6418269230769231 0.3557692307692309
0 0.5793269230769231 0.3076923076923078 0.5649038461538461 0.3076923076923078 0.5649038461538461 0.32692307692307704 0.5793269230769231 0.32692307692307704
0 0.5576923076923077 0.3173076923076923 0.5384615384615384 0.3173076923076923 0.5384615384615384 0.3317307692307692 0.5576923076923077 0.3317307692307692
0 0.5240384615384616 0.3293269230769231 0.5072115384615384 0.3293269230769231 0.5072115384615384 0.34615384615384615 0.5240384615384616 0.34615384615384615
0 0.53125 0.3557692307692308 0.5120192307692307 0.3557692307692308 0.5120192307692307 0.3701923076923077 0.53125 0.3701923076923077
0 0.5697115384615384 0.37500000000000006 0.5528846153846154 0.375 0.5528846153846154 0.389423076923077 0.5697115384615384 0.38942307692307704
0 0.5745192307692307 0.3870192307692309 0.5600961538461539 0.3870192307692309 0.5600961538461539 0.3990384615384617 0.5745192307692307 0.3990384615384617
0 0.6009615384615384 0.34134615384615397 0.5841346153846154 0.34134615384615397 0.5841346153846154 0.3629807692307694 0.6009615384615384 0.3629807692307694
0 0.6057692307692307 0.36057692307692324 0.5913461538461539 0.36057692307692324 0.5913461538461539 0.3750000000000001 0.6057692307692307 0.3750000000000001
0 0.6225961538461539 0.36538461538461553 0.6057692307692307 0.36538461538461553 0.6057692307692307 0.3822115384615386 0.6225961538461539 0.3822115384615386
0 0.6201923076923077 0.3870192307692309 0.6033653846153846 0.3870192307692309 0.6033653846153846 0.4062500000000001 0.6201923076923077 0.4062500000000001
0 0.6057692307692307 0.4062500000000001 0.5913461538461539 0.4062500000000001 0.5913461538461539 0.42307692307692324 0.6057692307692307 0.42307692307692324
0 0.6514423076923077 0.38461538461538475 0.6322115384615384 0.38461538461538475 0.6322115384615384 0.4014423076923078 0.6514423076923077 0.4014423076923078
0 0.6394230769230769 0.4086538461538463 0.625 0.4086538461538463 0.625 0.4302884615384617 0.6394230769230769 0.4302884615384617
0 0.6442307692307693 0.4014423076923078 0.625 0.4014423076923078 0.625 0.4182692307692309 0.6442307692307693 0.4182692307692309
0 0.6634615384615384 0.4134615384615386 0.6466346153846154 0.4134615384615386 0.6466346153846154 0.4326923076923078 0.6634615384615384 0.4326923076923078
0 0.7067307692307693 0.42307692307692324 0.6875 0.42307692307692324 0.6875 0.4375000000000001 0.7067307692307693 0.4375000000000001
0 0.6875 0.38942307692307704 0.6706730769230769 0.38942307692307704 0.6706730769230769 0.4086538461538463 0.6875 0.4086538461538463
0 0.6899038461538461 0.37980769230769246 0.6730769230769231 0.37980769230769246 0.6730769230769231 0.3942307692307694 0.6899038461538461 0.3942307692307694
0 0.6826923076923077 0.3701923076923078 0.6634615384615384 0.3701923076923078 0.6634615384615384 0.38942307692307704 0.6826923076923077 0.38942307692307704
0 0.6923076923076923 0.35336538461538475 0.6754807692307693 0.35336538461538475 0.6754807692307693 0.37259615384615397 0.6923076923076923 0.37259615384615397
0 0.5697115384615384 0.326923076923077 0.5528846153846154 0.3269230769230769 0.5528846153846154 0.33894230769230776 0.5697115384615384 0.3389423076923078
0 0.6538461538461539 0.3317307692307694 0.6322115384615384 0.3317307692307694 0.6322115384615384 0.34855769230769246 0.6538461538461539 0.34855769230769246