0 0.27644230769230776 0.41346153846153844 0.26201923076923084 0.41346153846153844 0.26201923076923084 0.43509615384615385 0.27644230769230776 0.43509615384615385
0 0.26682692307692313 0.4182692307692308 0.2548076923076924 0.4182692307692308 0.2548076923076924 0.43509615384615385 0.26682692307692313 0.43509615384615385
0 0.49038461538461536 0.4230769230769231 0.47596153846153844 0.4230769230769231 0.47596153846153844 0.4423076923076923 0.49038461538461536 0.4423076923076923
0 0.4543269230769231 0.4375 0.43509615384615385 0.4375 0.43509615384615385 0.4567307692307692 0.4543269230769231 0.4567307692307692
0 0.44471153846153844 0.4567307692307692 0.4254807692307692 0.4567307692307692 0.4254807692307692 0.47596153846153844 0.44471153846153844 0.47596153846153844
0 0.5408653846153846 0.2836538461538462 0.53125 0.2836538461538462 0.53125 0.29807692307692313 0.5408653846153846 0.29807692307692313
0 0.5432692307692307 0.2908653846153847 0.5336538461538461 0.2908653846153847 0.5336538461538461 0.31009615384615385 0.5432692307692307 0.31009615384615385
0 0.5817307692307693 0.22115384615384623 0.5625 0.22115384615384623 0.5625 0.23557692307692316 0.5817307692307693 0.23557692307692316
0 0.6009615384615384 0.21875000000000006 0.5841346153846154 0.21875000000000006 0.5841346153846154 0.2379807692307693 0.6009615384615384 0.2379807692307693
0 0.6153846153846154 0.23317307692307698 0.6009615384615384 0.23317307692307698 0.6009615384615384 0.25000000000000006 0.6153846153846154 0.25000000000000006
0 0.6274038461538461 0.2860576923076924 0.6081730769230769 0.2860576923076924 0.6081730769230769 0.3028846153846155 0.6274038461538461 0.3028846153846155
0 0.6442307692307693 0.2908653846153847 0.6274038461538461 0.2908653846153847 0.6274038461538461 0.31009615384615397 0.6442307692307693 0.31009615384615397
0 0.6850961538461539 0.3004807692307693 0.6706730769230769 0.3004807692307693 0.6706730769230769 0.3149038461538463 0.6850961538461539 0.3149038461538463
0 0.6947115384615384 0.32211538461538475 0.6754807692307693 0.32211538461538475 0.6754807692307693 0.3389423076923078 0.6947115384615384 0.3389423076923078
0 0.6706730769230769 0.3389423076923078 0.6514423076923077 0.3389423076923078 0.6514423076923077 0.35817307692307704 0.6706730769230769 0.35817307692307704
0 0.6730769230769231 0.3677884615384617 0.6538461538461539 0.3677884615384617 0.6538461538461539 0.3870192307692309 0.6730769230769231 0.3870192307692309
0 0.6971153846153846 0.4326923076923078 0.6778846153846154 0.4326923076923078 0.6778846153846154 0.44711538461538475 0.6971153846153846 0.44711538461538475
0 0.6850961538461539 0.45432692307692324 0.6706730769230769 0.45432692307692324 0.6706730769230769 0.47355769230769246 0.6850961538461539 0.47355769230769246
0 0.6706730769230769 0.48557692307692324 0.6538461538461539 0.48557692307692324 0.6538461538461539 0.5048076923076924 0.6706730769230769 0.5048076923076924
0 0.6466346153846154 0.4759615384615386 0.6322115384615384 0.4759615384615386 0.6322115384615384 0.4951923076923078 0.6466346153846154 0.4951923076923078
0 0.6298076923076923 0.4375000000000001 0.6153846153846154 0.4375000000000001 0.6153846153846154 0.45432692307692324 0.6298076923076923 0.45432692307692324
0 0.6177884615384616 0.4326923076923078 0.6057692307692307 0.4326923076923078 0.6057692307692307 0.44711538461538475 0.6177884615384616 0.44711538461538475
0 0.6634615384615384 0.4086538461538463 0.6418269230769231 0.4086538461538463 0.6418269230769231 0.4254807692307694 0.6634615384615384 0.4254807692307694
0 0.6442307692307693 0.4014423076923078 0.6298076923076923 0.4014423076923078 0.6298076923076923 0.41586538461538475 0.6442307692307693 0.41586538461538475
0 0.6418269230769231 0.38461538461538475 0.6225961538461539 0.38461538461538475 0.6225961538461539 0.4014423076923078 0.6418269230769231 0.4014423076923078
0 0.6201923076923077 0.3870192307692309 0.6009615384615384 0.3870192307692309 0.6009615384615384 0.40384615384615397 0.6201923076923077 0.40384615384615397
0 0.6009615384615384 0.4014423076923078 0.5817307692307693 0.4014423076923078 0.5817307692307693 0.41586538461538475 0.6009615384615384 0.41586538461538475
0 0.625 0.3557692307692309 0.6057692307692307 0.3557692307692309 0.6057692307692307 0.3750000000000001 0.625 0.3750000000000001
0 0.5985576923076923 0.3677884615384617 0.5769230769230769 0.3677884615384617 0.5769230769230769 0.3822115384615386 0.5985576923076923 0.3822115384615386
0 0.6057692307692307 0.36057692307692324 0.5889423076923077 0.36057692307692324 0.5889423076923077 0.37980769230769246 0.6057692307692307 0.37980769230769246
0 0.5961538461538461 0.34134615384615397 0.5769230769230769 0.34134615384615397 0.5769230769230769 0.36057692307692324 0.5961538461538461 0.36057692307692324
0 0.5889423076923077 0.29807692307692313 0.5721153846153846 0.29807692307692313 0.5721153846153846 0.31730769230769246 0.5889423076923077 0.31730769230769246
0 0.6225961538461539 0.3197115384615386 0.6009615384615384 0.3197115384615386 0.6009615384615384 0.3389423076923078 0.6225961538461539 0.3389423076923078
0 0.6298076923076923 0.3197115384615386 0.6153846153846154 0.3197115384615386 0.6153846153846154 0.33413461538461553 0.6298076923076923 0.33413461538461553
0 0.6394230769230769 0.3245192307692309 0.6201923076923077 0.3245192307692309 0.6201923076923077 0.3437500000000001 0.6394230769230769 0.3437500000000001
0 0.65625 0.3149038461538463 0.6370192307692307 0.3149038461538463 0.6370192307692307 0.3317307692307694 0.65625 0.3317307692307694
0 0.6754807692307693 0.44230769230769246 0.6634615384615384 0.44230769230769246 0.6634615384615384 0.4567307692307694 0.6754807692307693 0.4567307692307694
0 0.6778846153846154 0.3557692307692309 0.6586538461538461 0.3557692307692309 0.6586538461538461 0.37980769230769246 0.6778846153846154 0.37980769230769246