0 0.2740384615384616 0.5625 0.2596153846153847 0.5625 0.2596153846153847 0.5841346153846154 0.2740384615384616 0.5841346153846154
0 0.264423076923077 0.5625 0.2524038461538462 0.5625 0.2524038461538462 0.5793269230769231 0.264423076923077 0.5793269230769231
0 0.49038461538461553 0.5600961538461539 0.47355769230769246 0.5600961538461539 0.47355769230769246 0.5793269230769231 0.49038461538461553 0.5793269230769231
0 0.45432692307692313 0.5456730769230769 0.43509615384615385 0.5456730769230769 0.4350961538461539 0.5649038461538461 0.45432692307692324 0.5649038461538461
0 0.44471153846153844 0.5240384615384616 0.4254807692307692 0.5240384615384616 0.4254807692307692 0.5432692307692307 0.44471153846153844 0.5432692307692307
0 0.5360576923076924 0.7043269230769231 0.5264423076923078 0.7043269230769231 0.5264423076923078 0.71875 0.5360576923076924 0.71875
0 0.5384615384615385 0.6923076923076923 0.528846153846154 0.6923076923076923 0.528846153846154 0.7115384615384616 0.5384615384615385 0.7115384615384616
0 0.5769230769230771 0.7668269230769231 0.5576923076923078 0.7668269230769231 0.5576923076923078 0.78125 0.5769230769230771 0.78125
0 0.5961538461538463 0.7668269230769231 0.5793269230769232 0.7668269230769231 0.5793269230769232 0.7860576923076923 0.5961538461538463 0.7860576923076923
0 0.6105769230769232 0.7524038461538461 0.5961538461538463 0.7524038461538461 0.5961538461538463 0.7692307692307693 0.6105769230769232 0.7692307692307693
0 0.625 0.6995192307692307 0.6033653846153848 0.6995192307692307 0.6033653846153848 0.71875 0.625 0.71875
0 0.6418269230769231 0.6923076923076923 0.6225961538461539 0.6923076923076923 0.6225961538461539 0.7115384615384616 0.6418269230769231 0.7115384615384616
0 0.6802884615384616 0.6899038461538461 0.6658653846153846 0.6899038461538461 0.6658653846153846 0.7043269230769231 0.6802884615384616 0.7043269230769231
0 0.6899038461538461 0.6682692307692307 0.6730769230769231 0.6682692307692307 0.6730769230769231 0.6826923076923077 0.6899038461538461 0.6826923076923077
0 0.6682692307692307 0.6466346153846154 0.6490384615384616 0.6466346153846154 0.6490384615384616 0.6658653846153846 0.6682692307692307 0.6658653846153846
0 0.6706730769230769 0.6153846153846154 0.6514423076923077 0.6153846153846154 0.6514423076923077 0.6346153846153846 0.6706730769230769 0.6346153846153846
0 0.6971153846153846 0.5576923076923078 0.6778846153846154 0.5576923076923078 0.6778846153846154 0.5721153846153848 0.6971153846153846 0.5721153846153848
0 0.6850961538461539 0.5312500000000001 0.6706730769230769 0.5312500000000001 0.6706730769230769 0.5504807692307694 0.6850961538461539 0.5504807692307694
0 0.6706730769230769 0.5000000000000001 0.6538461538461539 0.5000000000000001 0.6538461538461539 0.5192307692307694 0.6706730769230769 0.5192307692307694
0 0.6466346153846154 0.5072115384615385 0.6322115384615384 0.5072115384615385 0.6322115384615384 0.5264423076923078 0.6466346153846154 0.5264423076923078
0 0.6298076923076923 0.5504807692307694 0.6153846153846154 0.5504807692307694 0.6153846153846154 0.5673076923076924 0.6298076923076923 0.5673076923076924
0 0.6153846153846154 0.5576923076923078 0.6033653846153846 0.5576923076923078 0.6033653846153847 0.5721153846153848 0.6153846153846154 0.5721153846153848
0 0.6634615384615384 0.5793269230769232 0.6418269230769231 0.5793269230769232 0.6418269230769231 0.5961538461538463 0.6634615384615384 0.5961538461538463
0 0.6442307692307693 0.5865384615384617 0.6274038461538461 0.5865384615384617 0.6274038461538461 0.6033653846153848 0.6442307692307693 0.6033653846153848
0 0.6394230769230769 0.6009615384615385 0.6225961538461539 0.6009615384615385 0.6225961538461539 0.6177884615384616 0.6394230769230769 0.6177884615384616
0 0.6177884615384616 0.5985576923076924 0.5961538461538463 0.5985576923076924 0.5961538461538463 0.6177884615384616 0.6177884615384616 0.6177884615384616
0 0.5985576923076924 0.5865384615384617 0.5817307692307694 0.5865384615384617 0.5817307692307694 0.6009615384615385 0.5985576923076924 0.6009615384615385
0 0.6225961538461539 0.6274038461538461 0.6033653846153848 0.6274038461538461 0.6033653846153848 0.6466346153846154 0.6225961538461539 0.6466346153846154
0 0.5961538461538463 0.6225961538461539 0.574519230769231 0.6225961538461539 0.574519230769231 0.6370192307692307 0.5961538461538463 0.6370192307692307
0 0.6033653846153848 0.6225961538461539 0.5865384615384617 0.6225961538461539 0.5865384615384617 0.6418269230769231 0.6033653846153848 0.6418269230769231
0 0.5937500000000001 0.6418269230769231 0.5721153846153848 0.6418269230769231 0.5721153846153848 0.6610576923076923 0.5937500000000001 0.6610576923076923
0 0.5865384615384617 0.6850961538461539 0.5697115384615385 0.6850961538461539 0.5697115384615385 0.7043269230769231 0.5865384615384617 0.7043269230769231
0 0.6177884615384616 0.6658653846153846 0.5961538461538463 0.6658653846153846 0.5961538461538463 0.6850961538461539 0.6177884615384616 0.6850961538461539
0 0.6274038461538461 0.6682692307692307 0.6105769230769232 0.6682692307692307 0.6105769230769232 0.6850961538461539 0.6274038461538461 0.6850961538461539
0 0.6370192307692307 0.6586538461538461 0.6177884615384616 0.6586538461538461 0.6177884615384616 0.6778846153846154 0.6370192307692307 0.6778846153846154
0 0.6538461538461539 0.6706730769230769 0.6322115384615384 0.6706730769230769 0.6322115384615384 0.6899038461538461 0.6538461538461539 0.6899038461538461
0 0.6778846153846154 0.5456730769230771 0.6634615384615384 0.5456730769230771 0.6634615384615384 0.5625000000000001 0.6778846153846154 0.5625000000000001
0 0.6754807692307693 0.625 0.65625 0.625 0.65625 0.6490384615384616 0.6754807692307693 0.6490384615384616