0 0.27644230769230776 0.5600961538461539 0.25721153846153855 0.5600961538461539 0.25721153846153855 0.5865384615384616 0.27644230769230776 0.5865384615384616
0 0.264423076923077 0.5625 0.25000000000000006 0.5625 0.25000000000000006 0.5817307692307693 0.264423076923077 0.5817307692307693
0 0.49519230769230776 0.5576923076923077 0.47115384615384615 0.5576923076923077 0.4711538461538462 0.5817307692307693 0.4951923076923078 0.5817307692307693
0 0.4591346153846155 0.5408653846153846 0.4326923076923077 0.5408653846153846 0.43269230769230776 0.5673076923076923 0.45913461538461553 0.5673076923076923
0 0.4495192307692308 0.5192307692307693 0.4230769230769231 0.5192307692307693 0.4230769230769231 0.5480769230769231 0.4495192307692308 0.5480769230769231
0 0.5384615384615385 0.7043269230769231 0.5240384615384617 0.7043269230769231 0.5240384615384617 0.7211538461538461 0.5384615384615385 0.7211538461538461
0 0.5408653846153848 0.6899038461538461 0.5264423076923078 0.6899038461538461 0.5264423076923078 0.7115384615384616 0.5408653846153848 0.7115384615384616
0 0.5769230769230771 0.7644230769230769 0.5552884615384617 0.7644230769230769 0.5552884615384617 0.7836538461538461 0.5769230769230771 0.7836538461538461
0 0.6009615384615385 0.7644230769230769 0.5769230769230771 0.7644230769230769 0.5769230769230771 0.7884615384615384 0.6009615384615385 0.7884615384615384
0 0.6153846153846154 0.75 0.5937500000000001 0.75 0.5937500000000001 0.7716346153846154 0.6153846153846154 0.7716346153846154
0 0.625 0.6971153846153846 0.5985576923076924 0.6971153846153846 0.5985576923076924 0.7211538461538461 0.625 0.7211538461538461
0 0.6442307692307693 0.6899038461538461 0.6201923076923077 0.6899038461538461 0.6201923076923077 0.7139423076923077 0.6442307692307693 0.7139423076923077
0 0.6850961538461539 0.6899038461538461 0.6634615384615384 0.6899038461538461 0.6634615384615384 0.7067307692307693 0.6850961538461539 0.7067307692307693
0 0.6923076923076923 0.6634615384615384 0.6706730769230769 0.6634615384615384 0.6706730769230769 0.6850961538461539 0.6923076923076923 0.6850961538461539
0 0.6730769230769231 0.6418269230769231 0.6466346153846154 0.6418269230769231 0.6466346153846154 0.6682692307692307 0.6730769230769231 0.6682692307692307
0 0.6730769230769231 0.6153846153846154 0.6466346153846154 0.6153846153846154 0.6466346153846154 0.6418269230769231 0.6730769230769231 0.6418269230769231
0 0.6995192307692307 0.5552884615384617 0.6754807692307693 0.5552884615384617 0.6754807692307693 0.5769230769230771 0.6995192307692307 0.5769230769230771
0 0.6850961538461539 0.528846153846154 0.6658653846153846 0.528846153846154 0.6658653846153846 0.5504807692307694 0.6850961538461539 0.5504807692307694
0 0.6754807692307693 0.5000000000000001 0.6538461538461539 0.5000000000000001 0.6538461538461539 0.5216346153846155 0.6754807692307693 0.5216346153846155
0 0.6490384615384616 0.5048076923076924 0.6274038461538461 0.5048076923076924 0.6274038461538461 0.528846153846154 0.6490384615384616 0.528846153846154
0 0.6298076923076923 0.5480769230769232 0.6129807692307693 0.5480769230769232 0.6129807692307693 0.5697115384615385 0.6298076923076923 0.5697115384615385
0 0.6177884615384616 0.5576923076923078 0.6009615384615384 0.5576923076923078 0.6009615384615385 0.574519230769231 0.6177884615384616 0.574519230769231
0 0.6634615384615384 0.574519230769231 0.6370192307692307 0.574519230769231 0.6370192307692307 0.5985576923076924 0.6634615384615384 0.5985576923076924
0 0.6466346153846154 0.5841346153846155 0.6274038461538461 0.5841346153846155 0.6274038461538461 0.605769230769231 0.6466346153846154 0.605769230769231
0 0.6418269230769231 0.5985576923076924 0.6177884615384616 0.5985576923076924 0.6177884615384616 0.6225961538461539 0.6418269230769231 0.6225961538461539
0 0.6201923076923077 0.5961538461538463 0.5937500000000001 0.5961538461538463 0.5937500000000001 0.6201923076923077 0.6201923076923077 0.6201923076923077
0 0.6009615384615385 0.5865384615384617 0.5793269230769232 0.5865384615384617 0.5793269230769232 0.6033653846153848 0.6009615384615385 0.6033653846153848
0 0.6225961538461539 0.625 0.5985576923076924 0.625 0.5985576923076924 0.6490384615384616 0.6225961538461539 0.6490384615384616
0 0.5985576923076924 0.6177884615384616 0.574519230769231 0.6177884615384616 0.574519230769231 0.6394230769230769 0.5985576923076924 0.6394230769230769
0 0.6081730769230771 0.6177884615384616 0.5841346153846155 0.6177884615384616 0.5841346153846155 0.6442307692307693 0.6081730769230771 0.6442307692307693
0 0.5937500000000001 0.6394230769230769 0.5697115384615385 0.6394230769230769 0.5697115384615385 0.6634615384615384 0.5937500000000001 0.6634615384615384
0 0.5889423076923078 0.6826923076923077 0.5649038461538463 0.6826923076923077 0.5649038461538463 0.7067307692307693 0.5889423076923078 0.7067307692307693
0 0.6201923076923077 0.6634615384615384 0.5961538461538463 0.6634615384615384 0.5961538461538463 0.6875 0.6201923076923077 0.6875
0 0.6298076923076923 0.6658653846153846 0.6105769230769232 0.6658653846153846 0.6105769230769232 0.6899038461538461 0.6298076923076923 0.6899038461538461
0 0.6394230769230769 0.65625 0.6153846153846154 0.65625 0.6153846153846154 0.6802884615384616 0.6394230769230769 0.6802884615384616
0 0.6538461538461539 0.6682692307692307 0.6322115384615384 0.6682692307692307 0.6322115384615384 0.6899038461538461 0.6538461538461539 0.6899038461538461
0 0.6778846153846154 0.5456730769230771 0.6610576923076923 0.5456730769230771 0.6610576923076923 0.5673076923076924 0.6778846153846154 0.5673076923076924
0 0.6778846153846154 0.6225961538461539 0.6538461538461539 0.6225961538461539 0.6538461538461539 0.6490384615384616 0.6778846153846154 0.6490384615384616