0 0.5384615384615385 0.7355769230769231 0.5168269230769232 0.7355769230769231 0.5168269230769232 0.7524038461538461 0.5384615384615385 0.7524038461538461
0 0.5312500000000001 0.7451923076923077 0.5144230769230771 0.7451923076923077 0.5144230769230771 0.7572115384615384 0.5312500000000001 0.7572115384615384
0 0.5745192307692307 0.5216346153846154 0.5528846153846154 0.5216346153846154 0.5528846153846154 0.5408653846153847 0.5745192307692307 0.5408653846153848
0 0.5528846153846154 0.5528846153846154 0.53125 0.5528846153846154 0.5312500000000001 0.5745192307692307 0.5528846153846155 0.5745192307692307
0 0.5312500000000001 0.5600961538461539 0.5096153846153848 0.5600961538461539 0.5096153846153848 0.5793269230769231 0.5312500000000001 0.5793269230769231
0 0.7211538461538461 0.5048076923076924 0.7067307692307693 0.5048076923076924 0.7067307692307693 0.5168269230769232 0.7211538461538461 0.5168269230769232
0 0.7139423076923077 0.5000000000000001 0.6947115384615384 0.5000000000000001 0.6947115384615384 0.512019230769231 0.7139423076923077 0.512019230769231
0 0.7884615384615384 0.47836538461538475 0.7740384615384616 0.47836538461538475 0.7740384615384616 0.49759615384615397 0.7884615384615384 0.49759615384615397
0 0.7980769230769231 0.4567307692307694 0.7764423076923077 0.4567307692307694 0.7764423076923077 0.4759615384615386 0.7980769230769231 0.4759615384615386
0 0.7836538461538461 0.4399038461538463 0.7644230769230769 0.4399038461538463 0.7644230769230769 0.45913461538461553 0.7836538461538461 0.45913461538461553
0 0.7355769230769231 0.42067307692307704 0.7163461538461539 0.42067307692307704 0.7163461538461539 0.44230769230769246 0.7355769230769231 0.44230769230769246
0 0.7331730769230769 0.4014423076923078 0.7115384615384616 0.4014423076923078 0.7115384615384616 0.42067307692307704 0.7331730769230769 0.42067307692307704
0 0.7331730769230769 0.35817307692307704 0.71875 0.35817307692307704 0.71875 0.3774038461538463 0.7331730769230769 0.3774038461538463
0 0.7139423076923077 0.3461538461538463 0.6971153846153846 0.3461538461538463 0.6971153846153846 0.36538461538461553 0.7139423076923077 0.36538461538461553
0 0.6923076923076923 0.3629807692307694 0.6706730769230769 0.3629807692307694 0.6706730769230769 0.38461538461538475 0.6923076923076923 0.38461538461538475
0 0.6658653846153846 0.35817307692307704 0.6442307692307693 0.35817307692307704 0.6442307692307693 0.3774038461538463 0.6658653846153846 0.3774038461538463
0 0.6081730769230769 0.31730769230769246 0.5913461538461539 0.31730769230769246 0.5913461538461539 0.3389423076923078 0.6081730769230769 0.3389423076923078
0 0.5817307692307693 0.32692307692307704 0.5625 0.32692307692307704 0.5625 0.3437500000000001 0.5817307692307693 0.3437500000000001
0 0.5504807692307693 0.33413461538461536 0.53125 0.33413461538461536 0.53125 0.35096153846153844 0.5504807692307693 0.35096153846153844
0 0.5528846153846154 0.3605769230769231 0.53125 0.3605769230769231 0.53125 0.375 0.5528846153846154 0.375
0 0.5889423076923077 0.38461538461538475 0.5697115384615384 0.38461538461538475 0.5697115384615384 0.3990384615384617 0.5889423076923077 0.3990384615384617
0 0.59375 0.3990384615384617 0.5769230769230769 0.3990384615384617 0.5769230769230769 0.41105769230769246 0.59375 0.41105769230769246
0 0.625 0.35817307692307704 0.6057692307692307 0.35817307692307704 0.6057692307692307 0.37980769230769246 0.625 0.37980769230769246
0 0.6274038461538461 0.3750000000000001 0.6081730769230769 0.3750000000000001 0.6081730769230769 0.39182692307692324 0.6274038461538461 0.39182692307692324
0 0.6418269230769231 0.3822115384615386 0.6225961538461539 0.3822115384615386 0.6225961538461539 0.40384615384615397 0.6418269230769231 0.40384615384615397
0 0.6370192307692307 0.4062500000000001 0.6177884615384616 0.4062500000000001 0.6177884615384616 0.42788461538461553 0.6370192307692307 0.42788461538461553
0 0.6177884615384616 0.42307692307692324 0.6033653846153846 0.42307692307692324 0.6033653846153846 0.44230769230769246 0.6177884615384616 0.44230769230769246
0 0.6658653846153846 0.4086538461538463 0.6442307692307693 0.4086538461538463 0.6442307692307693 0.42788461538461553 0.6658653846153846 0.42788461538461553
0 0.6514423076923077 0.4302884615384617 0.6346153846153846 0.4302884615384617 0.6346153846153846 0.45192307692307704 0.6514423076923077 0.45192307692307704
0 0.6586538461538461 0.42307692307692324 0.6370192307692307 0.42307692307692324 0.6370192307692307 0.44230769230769246 0.6586538461538461 0.44230769230769246
0 0.6730769230769231 0.4375000000000001 0.6538461538461539 0.4375000000000001 0.6538461538461539 0.45913461538461553 0.6730769230769231 0.45913461538461553
0 0.7163461538461539 0.45432692307692324 0.6947115384615384 0.45432692307692324 0.6947115384615384 0.4711538461538463 0.7163461538461539 0.4711538461538463
0 0.7019230769230769 0.4182692307692309 0.6802884615384616 0.4182692307692309 0.6802884615384616 0.4399038461538463 0.7019230769230769 0.4399038461538463
0 0.7067307692307693 0.4086538461538463 0.6850961538461539 0.4086538461538463 0.6850961538461539 0.4254807692307694 0.7067307692307693 0.4254807692307694
0 0.6995192307692307 0.39663461538461553 0.6802884615384616 0.39663461538461553 0.6802884615384616 0.4182692307692309 0.6995192307692307 0.4182692307692309
0 0.7115384615384616 0.38461538461538475 0.6923076923076923 0.38461538461538475 0.6923076923076923 0.4062500000000001 0.7115384615384616 0.4062500000000001
0 0.5961538461538461 0.3389423076923078 0.5769230769230769 0.3389423076923078 0.5769230769230769 0.35336538461538475 0.5961538461538461 0.35336538461538475
0 0.6778846153846154 0.35336538461538475 0.6538461538461539 0.35336538461538475 0.6538461538461539 0.37259615384615397 0.6778846153846154 0.37259615384615397