0 0.6033653846153848 0.71875 0.5817307692307694 0.71875 0.5817307692307694 0.7331730769230769 0.6033653846153848 0.7331730769230769
0 0.5985576923076924 0.7307692307692307 0.5817307692307694 0.7307692307692307 0.5817307692307694 0.7427884615384616 0.5985576923076924 0.7427884615384616
0 0.5793269230769231 0.5048076923076924 0.5600961538461539 0.5048076923076924 0.5600961538461539 0.5216346153846155 0.5793269230769231 0.5216346153846155
0 0.5697115384615385 0.5408653846153847 0.5504807692307693 0.5408653846153846 0.5504807692307693 0.560096153846154 0.5697115384615385 0.560096153846154
0 0.5480769230769231 0.5528846153846154 0.5288461538461539 0.5528846153846154 0.528846153846154 0.5721153846153846 0.5480769230769232 0.5721153846153846
0 0.7139423076923077 0.4447115384615386 0.6995192307692307 0.4447115384615386 0.6995192307692307 0.45432692307692324 0.7139423076923077 0.45432692307692324
0 0.7067307692307693 0.4447115384615386 0.6875 0.4447115384615386 0.6875 0.45432692307692324 0.7067307692307693 0.45432692307692324
0 0.7740384615384616 0.4014423076923078 0.7596153846153846 0.4014423076923078 0.7596153846153846 0.42307692307692324 0.7740384615384616 0.42307692307692324
0 0.7764423076923077 0.3822115384615386 0.7572115384615384 0.3822115384615386 0.7572115384615384 0.39663461538461553 0.7764423076923077 0.39663461538461553
0 0.7596153846153846 0.3677884615384617 0.7403846153846154 0.3677884615384617 0.7403846153846154 0.3822115384615386 0.7596153846153846 0.3822115384615386
0 0.7091346153846154 0.35817307692307704 0.6923076923076923 0.35817307692307704 0.6923076923076923 0.37980769230769246 0.7091346153846154 0.37980769230769246
0 0.6995192307692307 0.3437500000000001 0.6802884615384616 0.3437500000000001 0.6802884615384616 0.36057692307692324 0.6995192307692307 0.36057692307692324
0 0.6875 0.3028846153846155 0.6730769230769231 0.3028846153846155 0.6730769230769231 0.3197115384615386 0.6875 0.3197115384615386
0 0.6658653846153846 0.29807692307692313 0.6490384615384616 0.29807692307692313 0.6490384615384616 0.3149038461538463 0.6658653846153846 0.3149038461538463
0 0.6514423076923077 0.3197115384615386 0.6322115384615384 0.3197115384615386 0.6322115384615384 0.3389423076923078 0.6514423076923077 0.3389423076923078
0 0.6201923076923077 0.32211538461538475 0.6009615384615384 0.32211538461538475 0.6009615384615384 0.34134615384615397 0.6201923076923077 0.34134615384615397
0 0.5552884615384616 0.29807692307692313 0.5408653846153846 0.29807692307692313 0.5408653846153846 0.31971153846153844 0.5552884615384616 0.31971153846153844
0 0.5360576923076923 0.3125 0.5168269230769231 0.3125 0.5168269230769231 0.3269230769230769 0.5360576923076923 0.3269230769230769
0 0.5024038461538461 0.3293269230769231 0.4855769230769231 0.3293269230769231 0.4855769230769231 0.34375 0.5024038461538461 0.34375
0 0.5144230769230769 0.35336538461538464 0.49278846153846156 0.35336538461538464 0.49278846153846156 0.36778846153846156 0.5144230769230769 0.36778846153846156
0 0.5552884615384616 0.36778846153846156 0.5384615384615384 0.36778846153846156 0.5384615384615384 0.38221153846153844 0.5552884615384616 0.38221153846153844
0 0.5625 0.3798076923076924 0.5480769230769231 0.3798076923076923 0.5480769230769231 0.389423076923077 0.5625 0.38942307692307704
0 0.5817307692307693 0.3317307692307694 0.5649038461538461 0.3317307692307694 0.5649038461538461 0.3509615384615386 0.5817307692307693 0.3509615384615386
0 0.5889423076923077 0.34855769230769246 0.5721153846153846 0.34855769230769246 0.5721153846153846 0.3629807692307694 0.5889423076923077 0.3629807692307694
0 0.6057692307692307 0.3509615384615386 0.5913461538461539 0.3509615384615386 0.5913461538461539 0.3701923076923078 0.6057692307692307 0.3701923076923078
0 0.6081730769230769 0.37259615384615397 0.5913461538461539 0.37259615384615397 0.5913461538461539 0.3942307692307694 0.6081730769230769 0.3942307692307694
0 0.59375 0.39663461538461553 0.5793269230769231 0.39663461538461553 0.5793269230769231 0.4134615384615386 0.59375 0.4134615384615386
0 0.6370192307692307 0.3701923076923078 0.6177884615384616 0.3701923076923078 0.6177884615384616 0.3870192307692309 0.6370192307692307 0.3870192307692309
0 0.6274038461538461 0.3942307692307694 0.6129807692307693 0.3942307692307694 0.6129807692307693 0.41586538461538475 0.6274038461538461 0.41586538461538475
0 0.6322115384615384 0.3870192307692309 0.6129807692307693 0.3870192307692309 0.6129807692307693 0.4014423076923078 0.6322115384615384 0.4014423076923078
0 0.6514423076923077 0.3942307692307694 0.6346153846153846 0.3942307692307694 0.6346153846153846 0.41586538461538475 0.6514423076923077 0.41586538461538475
0 0.6971153846153846 0.3990384615384617 0.6778846153846154 0.3990384615384617 0.6778846153846154 0.4134615384615386 0.6971153846153846 0.4134615384615386
0 0.6730769230769231 0.3677884615384617 0.65625 0.3677884615384617 0.65625 0.38942307692307704 0.6730769230769231 0.38942307692307704
0 0.6754807692307693 0.35817307692307704 0.65625 0.35817307692307704 0.65625 0.37259615384615397 0.6754807692307693 0.37259615384615397
0 0.6658653846153846 0.3509615384615386 0.6466346153846154 0.3509615384615386 0.6466346153846154 0.3701923076923078 0.6658653846153846 0.3701923076923078
0 0.6730769230769231 0.3317307692307694 0.65625 0.3317307692307694 0.65625 0.3509615384615386 0.6730769230769231 0.3509615384615386
0 0.5480769230769231 0.32211538461538464 0.53125 0.32211538461538464 0.53125 0.33413461538461536 0.5480769230769231 0.33413461538461536
0 0.6322115384615384 0.31730769230769246 0.6105769230769231 0.31730769230769246 0.6105769230769231 0.33413461538461553 0.6322115384615384 0.33413461538461553