0 0.33413461538461536 0.4495192307692308 0.2716346153846155 0.4495192307692308 0.2716346153846155 0.5 0.33413461538461536 0.5
0 0.3605769230769231 0.4326923076923077 0.3076923076923077 0.4326923076923077 0.3076923076923077 0.47836538461538464 0.3605769230769231 0.47836538461538464
0 0.3870192307692308 0.36778846153846156 0.33413461538461536 0.36778846153846156 0.33413461538461536 0.41586538461538464 0.3870192307692308 0.41586538461538464
0 0.4206730769230769 0.3557692307692308 0.3701923076923077 0.3557692307692308 0.3701923076923077 0.4014423076923077 0.4206730769230769 0.4014423076923077
0 0.40625 0.40865384615384615 0.3701923076923077 0.40865384615384615 0.3701923076923077 0.4543269230769231 0.40625 0.4543269230769231
0 0.40625 0.44471153846153844 0.3581730769230769 0.44471153846153844 0.3581730769230769 0.4951923076923077 0.40625 0.4951923076923077
0 0.5384615384615384 0.43990384615384615 0.49038461538461536 0.43990384615384615 0.49038461538461536 0.4855769230769231 0.5384615384615384 0.4855769230769231
0 0.4951923076923077 0.28125000000000006 0.43509615384615385 0.28125000000000006 0.43509615384615385 0.3293269230769231 0.4951923076923077 0.3293269230769231
0 0.5552884615384616 0.3028846153846155 0.5072115384615384 0.3028846153846155 0.5072115384615384 0.34375 0.5552884615384616 0.34375
0 0.5625 0.36057692307692313 0.5240384615384616 0.3605769230769231 0.5240384615384616 0.4038461538461539 0.5625 0.40384615384615397
0 0.5985576923076923 0.4182692307692309 0.5625 0.4182692307692309 0.5625 0.4567307692307694 0.5985576923076923 0.4567307692307694
0 0.5480769230769231 0.21153846153846162 0.4951923076923077 0.21153846153846162 0.4951923076923077 0.2475961538461539 0.5480769230769231 0.2475961538461539
0 0.5048076923076923 0.24278846153846162 0.4639423076923077 0.24278846153846162 0.4639423076923077 0.27644230769230776 0.5048076923076923 0.27644230769230776
0 0.6298076923076923 0.5072115384615385 0.5769230769230769 0.5072115384615385 0.5769230769230769 0.5480769230769232 0.6298076923076923 0.5480769230769232
0 0.6730769230769231 0.5673076923076924 0.6153846153846154 0.5673076923076924 0.6153846153846154 0.6033653846153848 0.6730769230769231 0.6033653846153848
0 0.6947115384615384 0.5889423076923078 0.6514423076923077 0.5889423076923078 0.6514423076923077 0.6177884615384616 0.6947115384615384 0.6177884615384616
0 0.7379807692307693 0.560096153846154 0.6875 0.560096153846154 0.6875 0.5937500000000001 0.7379807692307693 0.5937500000000001
0 0.7163461538461539 0.48557692307692324 0.6778846153846154 0.48557692307692324 0.6778846153846154 0.5192307692307694 0.7163461538461539 0.5192307692307694
0 0.7067307692307693 0.43509615384615397 0.6754807692307693 0.43509615384615397 0.6754807692307693 0.4687500000000001 0.7067307692307693 0.4687500000000001
0 0.8245192307692307 0.3822115384615386 0.7740384615384616 0.3822115384615386 0.7740384615384616 0.4326923076923078 0.8245192307692307 0.4326923076923078
0 0.7692307692307693 0.4807692307692309 0.7427884615384616 0.4807692307692309 0.7427884615384616 0.512019230769231 0.7692307692307693 0.512019230769231
0 0.7451923076923077 0.4639423076923078 0.7139423076923077 0.4639423076923078 0.7139423076923077 0.5000000000000001 0.7451923076923077 0.5000000000000001
0 0.7475961538461539 0.3149038461538463 0.7019230769230769 0.3149038461538463 0.7019230769230769 0.35336538461538475 0.7475961538461539 0.35336538461538475
0 0.6466346153846154 0.3125000000000001 0.6081730769230769 0.3125000000000001 0.6081730769230769 0.3461538461538463 0.6466346153846154 0.3461538461538463
0 0.6201923076923077 0.3149038461538463 0.5745192307692307 0.3149038461538463 0.5745192307692307 0.35817307692307704 0.6201923076923077 0.35817307692307704
0 0.6033653846153846 0.23317307692307698 0.5625 0.23317307692307698 0.5625 0.26682692307692313 0.6033653846153846 0.26682692307692313
0 0.5865384615384616 0.2524038461538462 0.5384615384615384 0.2524038461538462 0.5384615384615384 0.28846153846153855 0.5865384615384616 0.28846153846153855
0 0.625 0.1658653846153847 0.5769230769230769 0.1658653846153847 0.5769230769230769 0.21394230769230776 0.625 0.21394230769230776
0 0.7235576923076923 0.5216346153846155 0.6923076923076923 0.5216346153846155 0.6923076923076923 0.5528846153846155 0.7235576923076923 0.5528846153846155
0 0.6778846153846154 0.35817307692307704 0.6490384615384616 0.35817307692307704 0.6490384615384616 0.3870192307692309 0.6778846153846154 0.3870192307692309