0 0.7283653846153846 0.4326923076923078 0.6634615384615384 0.4326923076923078 0.6634615384615384 0.4879807692307694 0.7283653846153846 0.4879807692307694
0 0.7019230769230769 0.46634615384615397 0.6442307692307693 0.46634615384615397 0.6442307692307693 0.5144230769230771 0.7019230769230769 0.5144230769230771
0 0.6971153846153846 0.5360576923076924 0.6418269230769231 0.5360576923076924 0.6418269230769231 0.5841346153846155 0.6971153846153846 0.5841346153846155
0 0.6658653846153846 0.5576923076923078 0.6153846153846154 0.5576923076923078 0.6153846153846154 0.6033653846153848 0.6658653846153846 0.6033653846153848
0 0.6466346153846154 0.5072115384615385 0.6105769230769231 0.5072115384615385 0.6105769230769231 0.5528846153846155 0.6466346153846154 0.5528846153846155
0 0.6466346153846154 0.4639423076923078 0.5985576923076923 0.4639423076923078 0.5985576923076923 0.5168269230769232 0.6466346153846154 0.5168269230769232
0 0.5264423076923077 0.5168269230769231 0.4735576923076923 0.5168269230769231 0.4735576923076924 0.5649038461538461 0.5264423076923078 0.5649038461538461
0 0.6274038461538461 0.6490384615384616 0.5673076923076924 0.6490384615384616 0.5673076923076924 0.6995192307692307 0.6274038461538461 0.6995192307692307
0 0.5552884615384617 0.65625 0.5024038461538463 0.65625 0.5024038461538463 0.6995192307692307 0.5552884615384617 0.6995192307692307
0 0.5192307692307694 0.6057692307692307 0.47836538461538475 0.6057692307692307 0.47836538461538475 0.6490384615384616 0.5192307692307694 0.6490384615384616
0 0.46634615384615397 0.5649038461538461 0.42788461538461553 0.5649038461538461 0.42788461538461553 0.6057692307692307 0.46634615384615397 0.6057692307692307
0 0.5961538461538463 0.7451923076923077 0.543269230769231 0.7451923076923077 0.543269230769231 0.78125 0.5961538461538463 0.78125
0 0.6129807692307694 0.7067307692307693 0.5721153846153848 0.7067307692307693 0.5721153846153848 0.7403846153846154 0.6129807692307694 0.7403846153846154
0 0.4206730769230769 0.49038461538461536 0.36778846153846156 0.49038461538461536 0.36778846153846156 0.5288461538461539 0.4206730769230769 0.5288461538461539
0 0.36538461538461536 0.44711538461538464 0.3076923076923077 0.44711538461538464 0.3076923076923077 0.4855769230769231 0.36538461538461536 0.4855769230769231
0 0.3245192307692308 0.44471153846153844 0.28125000000000006 0.44471153846153844 0.28125000000000006 0.4735576923076923 0.3245192307692308 0.4735576923076923
0 0.3028846153846155 0.47836538461538464 0.25000000000000006 0.47836538461538464 0.25000000000000006 0.5120192307692307 0.3028846153846155 0.5120192307692307
0 0.3341346153846155 0.5480769230769231 0.29326923076923084 0.5480769230769231 0.29326923076923084 0.5817307692307693 0.33413461538461553 0.5817307692307693
0 0.3509615384615386 0.5913461538461539 0.32211538461538475 0.5913461538461539 0.32211538461538475 0.625 0.3509615384615386 0.625
0 0.2740384615384616 0.6610576923076923 0.22115384615384623 0.6610576923076923 0.22115384615384623 0.7139423076923077 0.2740384615384616 0.7139423076923077
0 0.2740384615384616 0.5721153846153846 0.2475961538461539 0.5721153846153846 0.2475961538461539 0.6033653846153846 0.2740384615384616 0.6033653846153846
0 0.3052884615384616 0.5745192307692307 0.2740384615384616 0.5745192307692307 0.2740384615384616 0.6105769230769231 0.3052884615384616 0.6105769230769231
0 0.36538461538461553 0.7091346153846154 0.3197115384615386 0.7091346153846154 0.3197115384615386 0.75 0.36538461538461553 0.75
0 0.4567307692307694 0.6875 0.4182692307692309 0.6875 0.4182692307692309 0.71875 0.4567307692307694 0.71875
0 0.48557692307692324 0.6634615384615384 0.4399038461538463 0.6634615384615384 0.4399038461538463 0.7091346153846154 0.48557692307692324 0.7091346153846154
0 0.5240384615384617 0.7475961538461539 0.48317307692307704 0.7475961538461539 0.48317307692307704 0.78125 0.5240384615384617 0.78125
0 0.543269230769231 0.71875 0.4927884615384617 0.71875 0.4927884615384617 0.7548076923076923 0.543269230769231 0.7548076923076923
0 0.5312500000000001 0.8052884615384616 0.48317307692307704 0.8052884615384616 0.48317307692307704 0.8485576923076923 0.5312500000000001 0.8485576923076923
0 0.3052884615384616 0.5192307692307693 0.27644230769230776 0.5192307692307693 0.27644230769230776 0.5504807692307693 0.3052884615384616 0.5504807692307693
0 0.4014423076923078 0.6610576923076923 0.37259615384615397 0.6610576923076923 0.37259615384615397 0.6923076923076923 0.4014423076923078 0.6923076923076923