0 0.5144230769230769 0.2740384615384616 0.4735576923076923 0.2740384615384616 0.4735576923076923 0.3293269230769231 0.5144230769230769 0.3293269230769231
0 0.5384615384615384 0.3052884615384616 0.5024038461538461 0.3052884615384616 0.5024038461538461 0.35336538461538464 0.5384615384615384 0.35336538461538464
0 0.6057692307692307 0.32211538461538475 0.5697115384615384 0.32211538461538475 0.5697115384615384 0.3677884615384617 0.6057692307692307 0.3677884615384617
0 0.6225961538461539 0.35336538461538475 0.5841346153846154 0.35336538461538475 0.5841346153846154 0.3990384615384617 0.6225961538461539 0.3990384615384617
0 0.5721153846153846 0.3653846153846155 0.53125 0.36538461538461536 0.53125 0.39182692307692313 0.5721153846153846 0.39182692307692324
0 0.5336538461538461 0.3605769230769231 0.49278846153846156 0.3605769230769231 0.49278846153846156 0.39663461538461536 0.5336538461538461 0.39663461538461536
0 0.5600961538461539 0.48557692307692313 0.5216346153846154 0.4855769230769231 0.5216346153846154 0.528846153846154 0.5600961538461539 0.528846153846154
0 0.7067307692307693 0.4086538461538463 0.6682692307692307 0.4086538461538463 0.6682692307692307 0.4615384615384617 0.7067307692307693 0.4615384615384617
0 0.6971153846153846 0.4807692307692309 0.6634615384615384 0.4807692307692309 0.6634615384615384 0.5264423076923078 0.6971153846153846 0.5264423076923078
0 0.6418269230769231 0.5072115384615385 0.6057692307692307 0.5072115384615385 0.6057692307692307 0.5384615384615385 0.6418269230769231 0.5384615384615385
0 0.591346153846154 0.5528846153846154 0.5576923076923077 0.5528846153846154 0.5576923076923077 0.5841346153846154 0.591346153846154 0.5841346153846155
0 0.7836538461538461 0.45432692307692324 0.7596153846153846 0.45432692307692324 0.7596153846153846 0.5024038461538463 0.7836538461538461 0.5024038461538463
0 0.75 0.4302884615384617 0.7235576923076923 0.4302884615384617 0.7235576923076923 0.4639423076923078 0.75 0.4639423076923078
0 0.5048076923076924 0.5841346153846154 0.4759615384615386 0.5841346153846154 0.4759615384615386 0.6298076923076923 0.5048076923076924 0.6298076923076923
0 0.45192307692307704 0.6322115384615384 0.4254807692307694 0.6322115384615384 0.4254807692307694 0.6826923076923077 0.45192307692307704 0.6826923076923077
0 0.43509615384615397 0.6658653846153846 0.4134615384615386 0.6658653846153846 0.4134615384615386 0.7067307692307693 0.43509615384615397 0.7067307692307693
0 0.4687500000000001 0.6995192307692307 0.4447115384615386 0.6995192307692307 0.4447115384615386 0.7451923076923077 0.4687500000000001 0.7451923076923077
0 0.543269230769231 0.6778846153846154 0.5168269230769232 0.6778846153846154 0.5168269230769232 0.7115384615384616 0.543269230769231 0.7115384615384616
0 0.591346153846154 0.6682692307692307 0.5649038461538463 0.6682692307692307 0.5649038461538463 0.6947115384615384 0.591346153846154 0.6947115384615384
0 0.6610576923076923 0.7620192307692307 0.6177884615384616 0.7620192307692307 0.6177884615384616 0.8028846153846154 0.6610576923076923 0.8028846153846154
0 0.5576923076923078 0.7403846153846154 0.528846153846154 0.7403846153846154 0.528846153846154 0.7620192307692307 0.5576923076923078 0.7620192307692307
0 0.5697115384615385 0.7115384615384616 0.5384615384615385 0.7115384615384616 0.5384615384615385 0.7355769230769231 0.5697115384615385 0.7355769230769231
0 0.7139423076923077 0.6754807692307693 0.6826923076923077 0.6754807692307693 0.6826923076923077 0.7139423076923077 0.7139423076923077 0.7139423076923077
0 0.7019230769230769 0.5841346153846155 0.6754807692307693 0.5841346153846155 0.6754807692307693 0.6153846153846154 0.7019230769230769 0.6153846153846154
0 0.6947115384615384 0.5504807692307694 0.6586538461538461 0.5504807692307694 0.6586538461538461 0.5889423076923078 0.6947115384615384 0.5889423076923078
0 0.7740384615384616 0.5240384615384617 0.7475961538461539 0.5240384615384617 0.7475961538461539 0.560096153846154 0.7740384615384616 0.560096153846154
0 0.75 0.5024038461538463 0.7235576923076923 0.5024038461538463 0.7235576923076923 0.5456730769230771 0.75 0.5456730769230771
0 0.8413461538461539 0.5312500000000001 0.8052884615384616 0.5312500000000001 0.8052884615384616 0.5721153846153848 0.8413461538461539 0.5721153846153848
0 0.5096153846153848 0.6995192307692307 0.48317307692307704 0.6995192307692307 0.48317307692307704 0.7235576923076923 0.5096153846153848 0.7235576923076923
0 0.6658653846153846 0.6298076923076923 0.6394230769230769 0.6298076923076923 0.6394230769230769 0.6538461538461539 0.6658653846153846 0.6538461538461539