0 0.05288461538461548 0.7451923076923077 9.125973743646141e-17 0.7451923076923077 9.43507930593093e-17 0.7956730769230769 0.05288461538461549 0.7956730769230769
0 0.12740384615384626 0.8149038461538461 0.04086538461538472 0.8149038461538461 0.04086538461538472 0.8774038461538461 0.12740384615384626 0.8774038461538461
0 0.09134615384615395 0.90625 0.04326923076923087 0.90625 0.04326923076923088 0.9567307692307693 0.09134615384615395 0.9567307692307693
0 0.247596153846154 0.8509615384615384 0.1634615384615386 0.8509615384615384 0.1634615384615386 0.8990384615384616 0.247596153846154 0.8990384615384616
0 0.18750000000000014 0.9158653846153846 0.13701923076923087 0.9158653846153846 0.13701923076923087 0.9543269230769231 0.18750000000000014 0.9543269230769231
0 0.14182692307692318 0.7019230769230769 0.07932692307692318 0.7019230769230769 0.07932692307692318 0.7596153846153846 0.14182692307692318 0.7596153846153846
0 0.5144230769230771 0.6875 0.45432692307692324 0.6875 0.45432692307692324 0.7307692307692307 0.5144230769230771 0.7307692307692307
0 0.31730769230769246 0.7451923076923077 0.264423076923077 0.7451923076923077 0.264423076923077 0.7908653846153846 0.31730769230769246 0.7908653846153846
0 0.20192307692307698 0.6947115384615384 0.14903846153846162 0.6947115384615384 0.14903846153846162 0.7235576923076923 0.20192307692307698 0.7235576923076923
0 0.2475961538461539 0.6490384615384616 0.15865384615384623 0.6490384615384616 0.15865384615384623 0.6923076923076923 0.2475961538461539 0.6923076923076923
0 0.29807692307692313 0.5889423076923077 0.19471153846153852 0.5889423076923077 0.19471153846153852 0.65625 0.29807692307692313 0.65625
0 0.14182692307692316 0.5264423076923077 0.06490384615384623 0.5264423076923077 0.06490384615384623 0.5769230769230769 0.14182692307692316 0.5769230769230769
0 0.06971153846153853 0.5504807692307693 6.741445120306344e-17 0.5504807692307693 7.124147245039892e-17 0.6129807692307693 0.06971153846153853 0.6129807692307693
0 0.33413461538461553 0.8197115384615384 0.28846153846153855 0.8197115384615384 0.28846153846153855 0.8725961538461539 0.33413461538461553 0.8725961538461539
0 0.42307692307692324 0.8942307692307693 0.3701923076923078 0.8942307692307693 0.3701923076923078 0.9350961538461539 0.42307692307692324 0.9350961538461539
0 0.4807692307692309 0.9663461538461539 0.4062500000000001 0.9663461538461539 0.4062500000000001 1 0.4807692307692309 1
0 0.5072115384615385 0.6826923076923077 0.45432692307692324 0.6826923076923077 0.45432692307692324 0.7379807692307693 0.5072115384615385 0.7379807692307693
0 0.3245192307692308 0.5072115384615384 0.2548076923076924 0.5072115384615384 0.2548076923076924 0.5552884615384616 0.3245192307692308 0.5552884615384616
0 0.375 0.46875 0.31009615384615385 0.46875 0.31009615384615385 0.5168269230769231 0.375 0.5168269230769231
0 0.20913461538461545 0.41586538461538464 0.16105769230769237 0.41586538461538464 0.16105769230769237 0.44711538461538464 0.20913461538461545 0.44711538461538464
0 0.06250000000000004 0.3269230769230769 0.0024038461538461943 0.3269230769230769 0.0024038461538461978 0.38461538461538464 0.06250000000000006 0.38461538461538464
0 0.11057692307692311 0.2548076923076923 0.05288461538461542 0.2548076923076923 0.05288461538461542 0.3125 0.11057692307692311 0.3125
0 0.1322115384615385 0.20673076923076922 0.06971153846153848 0.20673076923076922 0.06971153846153849 0.2548076923076923 0.1322115384615385 0.2548076923076923
0 0.12500000000000003 0.14182692307692307 0.05528846153846156 0.14182692307692307 0.055288461538461564 0.21394230769230768 0.12500000000000003 0.21394230769230768
0 0.20192307692307693 0.13461538461538464 0.14423076923076922 0.13461538461538464 0.14423076923076925 0.18269230769230768 0.20192307692307693 0.18269230769230768
0 0.5865384615384617 0.5721153846153847 0.5480769230769232 0.5721153846153846 0.5480769230769232 0.6105769230769231 0.5865384615384617 0.6105769230769232
0 0.6177884615384616 0.6610576923076923 0.5721153846153848 0.6610576923076923 0.5721153846153848 0.7067307692307693 0.6177884615384616 0.7067307692307693
0 0.6899038461538461 0.6586538461538461 0.6394230769230769 0.6586538461538461 0.6394230769230769 0.6947115384615384 0.6899038461538461 0.6947115384615384
0 0.7331730769230769 0.7259615384615384 0.6971153846153846 0.7259615384615384 0.6971153846153846 0.7620192307692307 0.7331730769230769 0.7620192307692307
0 0.6177884615384616 0.8269230769230769 0.5841346153846155 0.8269230769230769 0.5841346153846155 0.8605769230769231 0.6177884615384616 0.8605769230769231
0 0.8317307692307693 0.6875 0.7884615384615384 0.6875 0.7884615384615384 0.7259615384615384 0.8317307692307693 0.7259615384615384
0 0.8317307692307693 0.7740384615384616 0.7860576923076923 0.7740384615384616 0.7860576923076923 0.8149038461538461 0.8317307692307693 0.8149038461538461
0 0.9206730769230769 0.6610576923076923 0.8822115384615384 0.6610576923076923 0.8822115384615384 0.6947115384615384 0.9206730769230769 0.6947115384615384
0 0.8725961538461539 0.6778846153846154 0.84375 0.6778846153846154 0.84375 0.7043269230769231 0.8725961538461539 0.7043269230769231
0 0.8966346153846154 0.7067307692307693 0.8653846153846154 0.7067307692307693 0.8653846153846154 0.7379807692307693 0.8966346153846154 0.7379807692307693
0 0.90625 0.7884615384615384 0.8725961538461539 0.7884615384615384 0.8725961538461539 0.8197115384615384 0.90625 0.8197115384615384
0 0.9423076923076923 0.6177884615384616 0.9086538461538461 0.6177884615384616 0.9086538461538461 0.6394230769230769 0.9423076923076923 0.6394230769230769
0 0.9038461538461539 0.6346153846153846 0.8605769230769231 0.6346153846153846 0.8605769230769231 0.6658653846153846 0.9038461538461539 0.6658653846153846
0 0.9423076923076923 0.5480769230769232 0.8798076923076923 0.5480769230769232 0.8798076923076923 0.5961538461538463 0.9423076923076923 0.5961538461538463
0 0.8774038461538461 0.5889423076923078 0.8581730769230769 0.5889423076923078 0.8581730769230769 0.6081730769230771 0.8774038461538461 0.6081730769230771
0 0.8629807692307693 0.49759615384615397 0.8245192307692307 0.49759615384615397 0.8245192307692307 0.5240384615384617 0.8629807692307693 0.5240384615384617
0 0.84375 0.5576923076923078 0.8100961538461539 0.5576923076923078 0.8100961538461539 0.5889423076923078 0.84375 0.5889423076923078
0 0.8052884615384616 0.5504807692307694 0.7620192307692307 0.5504807692307694 0.7620192307692307 0.5889423076923078 0.8052884615384616 0.5889423076923078
0 0.6298076923076923 0.4062500000000001 0.5817307692307693 0.4062500000000001 0.5817307692307693 0.4399038461538463 0.6298076923076923 0.4399038461538463
0 0.6802884615384616 0.35817307692307704 0.6394230769230769 0.35817307692307704 0.6394230769230769 0.39182692307692324 0.6802884615384616 0.39182692307692324
0 0.7596153846153846 0.42788461538461553 0.7067307692307693 0.42788461538461553 0.7067307692307693 0.45913461538461553 0.7596153846153846 0.45913461538461553
0 0.6923076923076923 0.46634615384615397 0.6538461538461539 0.46634615384615397 0.6538461538461539 0.5024038461538463 0.6923076923076923 0.5024038461538463
0 0.6778846153846154 0.5048076923076924 0.6346153846153846 0.5048076923076924 0.6346153846153846 0.5360576923076924 0.6778846153846154 0.5360576923076924
0 0.8942307692307693 0.3701923076923078 0.8293269230769231 0.3701923076923078 0.8293269230769231 0.4254807692307694 0.8942307692307693 0.4254807692307694
0 0.90625 0.4134615384615386 0.8653846153846154 0.4134615384615386 0.8653846153846154 0.4399038461538463 0.90625 0.4399038461538463
0 0.9302884615384616 0.38942307692307704 0.90625 0.38942307692307704 0.90625 0.4062500000000001 0.9302884615384616 0.4062500000000001
0 0.8798076923076923 0.43509615384615397 0.8509615384615384 0.43509615384615397 0.8509615384615384 0.4615384615384617 0.8798076923076923 0.4615384615384617
0 0.7716346153846154 0.34855769230769246 0.7091346153846154 0.34855769230769246 0.7091346153846154 0.3822115384615386 0.7716346153846154 0.3822115384615386
0 0.5048076923076923 0.3870192307692308 0.44711538461538464 0.3870192307692308 0.44711538461538464 0.4375 0.5048076923076923 0.4375
0 0.4375 0.4110576923076923 0.39903846153846156 0.4110576923076923 0.39903846153846156 0.44471153846153844 0.4375 0.44471153846153844
0 0.3918269230769231 0.295673076923077 0.31009615384615385 0.295673076923077 0.31009615384615385 0.3485576923076923 0.3918269230769231 0.3485576923076923
0 0.3028846153846155 0.31009615384615385 0.25721153846153855 0.31009615384615385 0.25721153846153855 0.34375 0.3028846153846155 0.34375
0 0.26201923076923084 0.30288461538461536 0.21394230769230776 0.30288461538461536 0.21394230769230776 0.35096153846153844 0.26201923076923084 0.35096153846153844
0 0.39903846153846156 0.39663461538461536 0.3317307692307692 0.39663461538461536 0.3317307692307692 0.43990384615384615 0.39903846153846156 0.43990384615384615
0 0.34134615384615385 0.39903846153846156 0.2692307692307693 0.39903846153846156 0.2692307692307693 0.4495192307692308 0.34134615384615385 0.4495192307692308
0 0.53125 0.2283653846153847 0.45913461538461536 0.2283653846153847 0.45913461538461536 0.2860576923076924 0.53125 0.2860576923076924
0 0.5456730769230769 0.31490384615384615 0.49759615384615385 0.31490384615384615 0.49759615384615385 0.34375 0.5456730769230769 0.34375
0 0.5817307692307693 0.32932692307692313 0.5528846153846154 0.3293269230769231 0.5528846153846154 0.358173076923077 0.5817307692307693 0.35817307692307704
0 0.59375 0.3533653846153847 0.5408653846153846 0.35336538461538464 0.5408653846153846 0.39182692307692313 0.59375 0.39182692307692324
0 0.6346153846153846 0.35336538461538475 0.5985576923076923 0.35336538461538475 0.5985576923076923 0.3870192307692309 0.6346153846153846 0.3870192307692309
0 0.5793269230769231 0.389423076923077 0.5432692307692307 0.3894230769230769 0.5432692307692307 0.41346153846153855 0.5793269230769231 0.4134615384615386
0 0.6105769230769231 0.26682692307692313 0.5528846153846154 0.26682692307692313 0.5528846153846154 0.3052884615384616 0.6105769230769231 0.3052884615384616
0 0.6274038461538461 0.3004807692307693 0.6057692307692307 0.3004807692307693 0.6057692307692307 0.32932692307692324 0.6274038461538461 0.32932692307692324
0 0.6538461538461539 0.3028846153846155 0.6274038461538461 0.3028846153846155 0.6274038461538461 0.32692307692307704 0.6538461538461539 0.32692307692307704
0 0.6875 0.25000000000000006 0.6394230769230769 0.25000000000000006 0.6394230769230769 0.28846153846153855 0.6875 0.28846153846153855
0 0.6442307692307693 0.22355769230769237 0.5889423076923077 0.22355769230769237 0.5889423076923077 0.264423076923077 0.6442307692307693 0.264423076923077
0 0.4639423076923077 0.19230769230769237 0.4206730769230769 0.19230769230769237 0.4206730769230769 0.2283653846153847 0.4639423076923077 0.2283653846153847
0 0.3557692307692308 0.19471153846153852 0.3173076923076923 0.19471153846153852 0.3173076923076923 0.22596153846153852 0.3557692307692308 0.22596153846153852
0 0.30528846153846156 0.19230769230769235 0.2668269230769231 0.19230769230769232 0.2668269230769231 0.22355769230769235 0.30528846153846156 0.22355769230769237
0 0.2956730769230769 0.14663461538461542 0.25721153846153844 0.14663461538461542 0.25721153846153844 0.17788461538461542 0.2956730769230769 0.17788461538461545
0 0.3557692307692308 0.14903846153846156 0.2932692307692308 0.14903846153846156 0.2932692307692308 0.18750000000000006 0.3557692307692308 0.18750000000000006
0 0.3798076923076923 0.15625000000000006 0.34134615384615385 0.15625000000000006 0.34134615384615385 0.1850961538461539 0.3798076923076923 0.1850961538461539
0 0.1442307692307693 0.46875 0.076923076923077 0.46875 0.076923076923077 0.5264423076923077 0.1442307692307693 0.5264423076923077
0 0.5961538461538461 0.12740384615384623 0.5432692307692307 0.12740384615384623 0.5432692307692307 0.15865384615384623 0.5961538461538461 0.15865384615384623
0 0.5889423076923077 0.0504807692307693 0.5096153846153846 0.0504807692307693 0.5096153846153846 0.10336538461538468 0.5889423076923077 0.10336538461538468
0 0.5649038461538461 6.520655432960066e-17 0.5 6.123233995736766e-17 0.5 0.05769230769230776 0.5649038461538461 0.05769230769230776
0 0.7451923076923077 0.10336538461538472 0.7019230769230769 0.10336538461538472 0.7019230769230769 0.14663461538461547 0.7451923076923077 0.14663461538461547
0 0.7379807692307693 8.610797806504827e-17 0.6682692307692307 8.183937744302025e-17 0.6682692307692307 0.03846153846153855 0.7379807692307693 0.03846153846153855
0 0.7932692307692307 0.16826923076923084 0.7644230769230769 0.16826923076923084 0.7644230769230769 0.19471153846153852 0.7932692307692307 0.19471153846153852
0 0.7836538461538461 0.1971153846153847 0.7524038461538461 0.1971153846153847 0.7524038461538461 0.22596153846153852 0.7836538461538461 0.22596153846153852
0 0.7379807692307693 0.23317307692307698 0.7019230769230769 0.23317307692307698 0.7019230769230769 0.2716346153846155 0.7379807692307693 0.2716346153846155
0 0.7740384615384616 0.24278846153846162 0.7403846153846154 0.24278846153846162 0.7403846153846154 0.2716346153846155 0.7740384615384616 0.2716346153846155
0 0.7740384615384616 0.27644230769230776 0.7451923076923077 0.27644230769230776 0.7451923076923077 0.3028846153846155 0.7740384615384616 0.3028846153846155
0 0.84375 0.26442307692307704 0.8076923076923077 0.264423076923077 0.8076923076923077 0.2860576923076924 0.84375 0.28605769230769246
0 0.8942307692307693 0.29567307692307704 0.8485576923076923 0.29567307692307704 0.8485576923076923 0.3317307692307694 0.8942307692307693 0.3317307692307694
0 0.8822115384615384 0.17548076923076936 0.8461538461538461 0.17548076923076936 0.8461538461538461 0.216346153846154 0.8822115384615384 0.216346153846154
0 0.8918269230769231 0.19711538461538475 0.8653846153846154 0.19711538461538475 0.8653846153846154 0.22115384615384628 0.8918269230769231 0.22115384615384628
0 0.9134615384615384 0.247596153846154 0.8701923076923077 0.247596153846154 0.8701923076923077 0.2812500000000001 0.9134615384615384 0.2812500000000001
0 0.9423076923076923 0.3004807692307694 0.9230769230769231 0.3004807692307694 0.9230769230769231 0.3149038461538463 0.9423076923076923 0.3149038461538463
0 0.9615384615384616 0.25480769230769246 0.9302884615384616 0.25480769230769246 0.9302884615384616 0.28605769230769246 0.9615384615384616 0.28605769230769246
0 0.9663461538461539 0.34134615384615397 0.9471153846153846 0.34134615384615397 0.9471153846153846 0.3629807692307694 0.9663461538461539 0.3629807692307694
0 0.9759615384615384 0.09134615384615395 0.9399038461538461 0.09134615384615395 0.9399038461538461 0.14423076923076933 0.9759615384615384 0.14423076923076933
0 0.8509615384615384 0.02403846153846164 0.8197115384615384 0.02403846153846164 0.8197115384615384 0.05769230769230779 0.8509615384615384 0.05769230769230779
0 0.8149038461538461 9.626430368297705e-17 0.7572115384615384 9.27316686854366e-17 0.7572115384615384 0.05048076923076932 0.8149038461538461 0.050480769230769336
0 1 0.18750000000000014 0.9711538461538461 0.18750000000000014 0.9711538461538461 0.21394230769230782 1 0.21394230769230782
0 1 0.21394230769230782 0.9759615384615384 0.21394230769230782 0.9759615384615384 0.23798076923076936 1 0.23798076923076936
0 0.44711538461538464 0.08173076923076929 0.41346153846153844 0.08173076923076926 0.41346153846153844 0.10817307692307697 0.44711538461538464 0.108173076923077
0 0.3894230769230769 0.012019230769230813 0.34134615384615385 0.012019230769230812 0.34134615384615385 0.05528846153846158 0.3894230769230769 0.05528846153846159