0 0.9399038461538461 0.11057692307692318 0.8774038461538461 0.11057692307692318 0.8774038461538461 0.1682692307692309 0.9399038461538461 0.1682692307692309
0 0.8870192307692307 0.033653846153846256 0.7836538461538461 0.03365384615384625 0.7836538461538461 0.12019230769230779 0.8870192307692307 0.12019230769230779
0 0.8629807692307693 1.0215202867887779e-16 0.8052884615384616 9.861939368133734e-17 0.8052884615384616 0.01682692307692318 0.8629807692307693 0.016826923076923184
0 0.7572115384615384 0.0408653846153847 0.6658653846153846 0.0408653846153847 0.6658653846153846 0.10576923076923085 0.7572115384615384 0.10576923076923087
0 0.7692307692307693 9.081815806176886e-17 0.7139423076923077 8.743271618912594e-17 0.7139423076923077 0.026442307692307782 0.7692307692307693 0.026442307692307786
0 0.8701923076923077 0.15865384615384626 0.7980769230769231 0.15865384615384623 0.7980769230769231 0.22836538461538472 0.8701923076923077 0.22836538461538475
0 0.5096153846153846 0.26201923076923084 0.4375 0.26201923076923084 0.4375 0.32211538461538464 0.5096153846153846 0.32211538461538464
0 0.6802884615384616 0.1658653846153847 0.6201923076923077 0.1658653846153847 0.6201923076923077 0.22115384615384623 0.6802884615384616 0.22115384615384623
0 0.8028846153846154 0.20913461538461545 0.7451923076923077 0.20913461538461545 0.7451923076923077 0.2475961538461539 0.8028846153846154 0.2475961538461539
0 0.8028846153846154 0.24278846153846162 0.7067307692307693 0.24278846153846162 0.7067307692307693 0.3028846153846155 0.8028846153846154 0.3028846153846155
0 0.7788461538461539 0.2860576923076924 0.6682692307692307 0.2860576923076924 0.6682692307692307 0.3677884615384617 0.7788461538461539 0.3677884615384617
0 0.9182692307692307 0.3365384615384617 0.8365384615384616 0.3365384615384617 0.8365384615384616 0.3990384615384617 0.9182692307692307 0.3990384615384617
0 0.9783653846153846 0.2836538461538463 0.8966346153846154 0.2836538461538463 0.8966346153846154 0.36057692307692324 0.9783653846153846 0.36057692307692324
0 0.6418269230769231 0.09375000000000007 0.5889423076923077 0.09375000000000007 0.5889423076923077 0.1538461538461539 0.6418269230769231 0.1538461538461539
0 0.5480769230769231 0.048076923076923135 0.4855769230769231 0.04807692307692313 0.4855769230769231 0.10096153846153853 0.5480769230769231 0.10096153846153853
0 0.49278846153846156 5.549180808636444e-17 0.41346153846153844 5.063443496474633e-17 0.41346153846153844 0.03846153846153852 0.49278846153846156 0.03846153846153853
0 0.5072115384615384 0.2596153846153847 0.44471153846153844 0.2596153846153847 0.44471153846153844 0.3245192307692308 0.5072115384615384 0.3245192307692308
0 0.7403846153846154 0.3942307692307694 0.6586538461538461 0.3942307692307694 0.6586538461538461 0.45913461538461553 0.7403846153846154 0.45913461538461553
0 0.6947115384615384 0.4447115384615386 0.6201923076923077 0.4447115384615386 0.6201923076923077 0.5048076923076924 0.6947115384615384 0.5048076923076924
0 0.8509615384615384 0.48317307692307704 0.7980769230769231 0.48317307692307704 0.7980769230769231 0.5216346153846155 0.8509615384615384 0.5216346153846155
0 1 0.512019230769231 0.9543269230769231 0.512019230769231 0.9543269230769231 0.574519230769231 1 0.574519230769231
0 0.9903846153846154 0.591346153846154 0.9206730769230769 0.591346153846154 0.9206730769230769 0.6610576923076923 0.9903846153846154 0.6610576923076923
0 0.9855769230769231 0.6490384615384616 0.9110576923076923 0.6490384615384616 0.9110576923076923 0.7115384615384616 0.9855769230769231 0.7115384615384616
0 1 0.6850961538461539 0.9230769230769231 0.6850961538461539 0.9230769230769231 0.7740384615384616 1 0.7740384615384616
0 0.9230769230769231 0.7403846153846154 0.8629807692307693 0.7403846153846154 0.8629807692307693 0.7932692307692307 0.9230769230769231 0.7932692307692307
0 0.4423076923076923 0.4014423076923077 0.3942307692307692 0.4014423076923077 0.3942307692307692 0.4495192307692308 0.4423076923076923 0.4495192307692308
0 0.3942307692307692 0.31490384615384615 0.34375 0.31490384615384615 0.34375 0.36538461538461536 0.3942307692307692 0.36538461538461536
0 0.3293269230769231 0.34134615384615385 0.27644230769230776 0.34134615384615385 0.27644230769230776 0.38221153846153844 0.3293269230769231 0.38221153846153844
0 0.26201923076923084 0.2860576923076923 0.21875000000000006 0.2860576923076923 0.21875000000000006 0.3293269230769231 0.26201923076923084 0.3293269230769231
0 0.35096153846153844 0.16826923076923084 0.31490384615384615 0.16826923076923084 0.31490384615384615 0.20432692307692316 0.35096153846153844 0.20432692307692316
0 0.18028846153846162 0.34134615384615385 0.12980769230769235 0.34134615384615385 0.12980769230769235 0.3870192307692308 0.18028846153846162 0.3870192307692308
0 0.16586538461538464 0.25 0.11057692307692311 0.25 0.11057692307692311 0.30288461538461536 0.1658653846153847 0.30288461538461536
0 0.09375000000000006 0.3894230769230769 0.05288461538461543 0.3894230769230769 0.05288461538461543 0.42788461538461536 0.09375000000000007 0.42788461538461536
0 0.12980769230769235 0.37259615384615385 0.09615384615384619 0.37259615384615385 0.09615384615384619 0.40384615384615385 0.12980769230769235 0.40384615384615385
0 0.10096153846153849 0.34134615384615385 0.06009615384615388 0.34134615384615385 0.06009615384615389 0.38221153846153844 0.10096153846153849 0.38221153846153844
0 0.07451923076923081 0.2644230769230769 0.03605769230769234 0.2644230769230769 0.03605769230769234 0.30288461538461536 0.07451923076923081 0.30288461538461536
0 0.076923076923077 0.4495192307692308 0.03846153846153851 0.4495192307692308 0.03846153846153851 0.47836538461538464 0.076923076923077 0.47836538461538464
0 0.12019230769230774 0.41346153846153844 0.06971153846153852 0.41346153846153844 0.06971153846153852 0.4543269230769231 0.12019230769230776 0.4543269230769231
0 0.12259615384615391 0.4855769230769231 0.04807692307692313 0.4855769230769231 0.048076923076923135 0.5456730769230769 0.12259615384615391 0.5456730769230769
0 0.13221153846153852 0.46875 0.108173076923077 0.46875 0.108173076923077 0.49278846153846156 0.13221153846153852 0.49278846153846156
0 0.1850961538461539 0.5432692307692307 0.13942307692307698 0.5432692307692307 0.13942307692307698 0.5793269230769231 0.1850961538461539 0.5793269230769231
0 0.1850961538461539 0.4807692307692308 0.14663461538461545 0.4807692307692308 0.14663461538461545 0.5168269230769231 0.1850961538461539 0.5168269230769231
0 0.23557692307692316 0.46875 0.1850961538461539 0.46875 0.1850961538461539 0.5144230769230769 0.23557692307692316 0.5144230769230769
0 0.4399038461538463 0.5769230769230769 0.3870192307692309 0.5769230769230769 0.3870192307692309 0.6201923076923077 0.4399038461538463 0.6201923076923077
0 0.39182692307692324 0.6370192307692307 0.34855769230769246 0.6370192307692307 0.34855769230769246 0.6754807692307693 0.39182692307692324 0.6754807692307693
0 0.3125000000000001 0.5841346153846154 0.2548076923076924 0.5841346153846154 0.2548076923076924 0.6225961538461539 0.3125000000000001 0.6225961538461539
0 0.358173076923077 0.53125 0.3125 0.53125 0.31250000000000006 0.5745192307692307 0.35817307692307704 0.5745192307692307
0 0.36778846153846156 0.4951923076923077 0.32211538461538464 0.4951923076923077 0.32211538461538464 0.5288461538461539 0.36778846153846156 0.5288461538461539
0 0.20432692307692316 0.6442307692307693 0.13221153846153852 0.6442307692307693 0.13221153846153855 0.7091346153846154 0.20432692307692316 0.7091346153846154
0 0.16105769230769237 0.6370192307692307 0.1177884615384616 0.6370192307692307 0.1177884615384616 0.6682692307692307 0.16105769230769237 0.6682692307692307
0 0.12500000000000008 0.6754807692307693 0.09855769230769237 0.6754807692307693 0.09855769230769239 0.6995192307692307 0.1250000000000001 0.6995192307692307
0 0.17067307692307698 0.6129807692307693 0.13701923076923084 0.6129807692307693 0.13701923076923084 0.6442307692307693 0.17067307692307698 0.6442307692307693
0 0.32692307692307704 0.6610576923076923 0.2596153846153847 0.6610576923076923 0.2596153846153847 0.7067307692307693 0.32692307692307704 0.7067307692307693
0 0.576923076923077 0.5504807692307693 0.5096153846153846 0.5504807692307693 0.5096153846153847 0.6105769230769231 0.5769230769230771 0.6105769230769232
0 0.6201923076923077 0.5336538461538463 0.5745192307692307 0.5336538461538463 0.5745192307692308 0.574519230769231 0.6201923076923077 0.574519230769231
0 0.7283653846153846 0.6105769230769232 0.6370192307692307 0.6105769230769232 0.6370192307692307 0.6802884615384616 0.7283653846153846 0.6802884615384616
0 0.7764423076923077 0.605769230769231 0.7259615384615384 0.605769230769231 0.7259615384615384 0.6466346153846154 0.7764423076923077 0.6466346153846154
0 0.8245192307692307 0.5841346153846155 0.7620192307692307 0.5841346153846155 0.7620192307692307 0.6466346153846154 0.8245192307692307 0.6466346153846154
0 0.6875 0.5216346153846155 0.6105769230769231 0.5216346153846155 0.6105769230769231 0.5817307692307694 0.6875 0.5817307692307694
0 0.75 0.5024038461538463 0.6682692307692307 0.5024038461538463 0.6682692307692307 0.5673076923076924 0.75 0.5673076923076924
0 0.5985576923076924 0.7019230769230769 0.5168269230769232 0.7019230769230769 0.5168269230769232 0.7740384615384616 0.5985576923076924 0.7740384615384616
0 0.543269230769231 0.6514423076923077 0.4879807692307694 0.6514423076923077 0.4879807692307694 0.6923076923076923 0.543269230769231 0.6923076923076923
0 0.48557692307692324 0.6514423076923077 0.45192307692307704 0.6514423076923077 0.45192307692307704 0.6850961538461539 0.48557692307692324 0.6850961538461539
0 0.4927884615384617 0.6153846153846154 0.4326923076923078 0.6153846153846154 0.4326923076923078 0.6634615384615384 0.4927884615384617 0.6634615384615384
0 0.4375000000000001 0.6322115384615384 0.3942307692307694 0.6322115384615384 0.3942307692307694 0.6730769230769231 0.4375000000000001 0.6730769230769231
0 0.48317307692307704 0.59375 0.4399038461538463 0.59375 0.4399038461538463 0.625 0.48317307692307704 0.625
0 0.49759615384615397 0.6995192307692307 0.4326923076923078 0.6995192307692307 0.4326923076923078 0.7548076923076923 0.49759615384615397 0.7548076923076923
0 0.4375000000000001 0.6899038461538461 0.41105769230769246 0.6899038461538461 0.41105769230769246 0.7235576923076923 0.4375000000000001 0.7235576923076923
0 0.4182692307692309 0.6971153846153846 0.38942307692307704 0.6971153846153846 0.38942307692307704 0.7259615384615384 0.4182692307692309 0.7259615384615384
0 0.4182692307692309 0.7355769230769231 0.3629807692307694 0.7355769230769231 0.3629807692307694 0.7836538461538461 0.4182692307692309 0.7836538461538461
0 0.4711538461538463 0.7475961538461539 0.4062500000000001 0.7475961538461539 0.4062500000000001 0.8052884615384616 0.4711538461538463 0.8052884615384616
0 0.6418269230769231 0.7524038461538461 0.5937500000000001 0.7524038461538461 0.5937500000000001 0.7932692307692307 0.6418269230769231 0.7932692307692307
0 0.7427884615384616 0.7307692307692307 0.6995192307692307 0.7307692307692307 0.6995192307692307 0.7692307692307693 0.7427884615384616 0.7692307692307693
0 0.7956730769230769 0.7211538461538461 0.7475961538461539 0.7211538461538461 0.7475961538461539 0.7620192307692307 0.7956730769230769 0.7620192307692307
0 0.8125 0.7668269230769231 0.7716346153846154 0.7668269230769231 0.7716346153846154 0.8028846153846154 0.8125 0.8028846153846154
0 0.7764423076923077 0.7620192307692307 0.7067307692307693 0.7620192307692307 0.7067307692307693 0.8149038461538461 0.7764423076923077 0.8149038461538461
0 0.7283653846153846 0.7764423076923077 0.6850961538461539 0.7764423076923077 0.6850961538461539 0.8125 0.7283653846153846 0.8125
0 0.9254807692307693 0.3870192307692309 0.84375 0.3870192307692309 0.84375 0.45913461538461553 0.9254807692307693 0.45913461538461553
0 0.5360576923076924 0.84375 0.47836538461538475 0.84375 0.47836538461538475 0.8846153846153846 0.5360576923076924 0.8846153846153846
0 0.5865384615384617 0.8894230769230769 0.4951923076923078 0.8894230769230769 0.4951923076923078 0.9639423076923077 0.5865384615384617 0.9639423076923077
0 0.6009615384615385 0.9350961538461539 0.528846153846154 0.9350961538461539 0.528846153846154 1 0.6009615384615385 1
0 0.38461538461538475 0.8894230769230769 0.33413461538461553 0.8894230769230769 0.33413461538461553 0.9399038461538461 0.38461538461538475 0.9399038461538461
0 0.4375000000000001 0.9903846153846154 0.3629807692307694 0.9903846153846154 0.3629807692307694 1 0.4375000000000001 1
0 0.31009615384615397 0.8557692307692307 0.2764423076923078 0.8557692307692307 0.2764423076923078 0.8846153846153846 0.31009615384615397 0.8846153846153846
0 0.31730769230769246 0.8221153846153846 0.2836538461538462 0.8221153846153846 0.28365384615384626 0.8557692307692307 0.31730769230769246 0.8557692307692307
0 0.36057692307692324 0.7644230769230769 0.3149038461538463 0.7644230769230769 0.3149038461538463 0.8149038461538461 0.36057692307692324 0.8149038461538461
0 0.3197115384615386 0.7764423076923077 0.2836538461538462 0.7764423076923077 0.2836538461538462 0.8076923076923077 0.3197115384615386 0.8076923076923077
0 0.3076923076923078 0.7427884615384616 0.2740384615384616 0.7427884615384616 0.2740384615384616 0.7764423076923077 0.3076923076923078 0.7764423076923077
0 0.25000000000000006 0.7740384615384616 0.20913461538461545 0.7740384615384616 0.20913461538461545 0.8028846153846154 0.25000000000000006 0.8028846153846154
0 0.20192307692307698 0.7403846153846154 0.1514423076923078 0.7403846153846154 0.1514423076923078 0.78125 0.20192307692307698 0.78125
0 0.22836538461538475 0.8509615384615384 0.18750000000000014 0.8509615384615384 0.18750000000000014 0.8966346153846154 0.22836538461538475 0.8966346153846154
0 0.20673076923076936 0.8485576923076923 0.17548076923076936 0.8485576923076923 0.17548076923076936 0.8774038461538461 0.20673076923076936 0.8774038461538461
0 0.19230769230769237 0.7908653846153846 0.14182692307692318 0.7908653846153846 0.14182692307692318 0.8317307692307693 0.19230769230769237 0.8317307692307693
0 0.12740384615384626 0.7692307692307693 0.10576923076923087 0.7692307692307693 0.10576923076923087 0.7884615384615384 0.12740384615384626 0.7884615384615384
0 0.1298076923076924 0.8004807692307693 0.0937500000000001 0.8004807692307693 0.0937500000000001 0.8365384615384616 0.1298076923076924 0.8365384615384616
0 0.09615384615384626 0.7307692307692307 0.07451923076923085 0.7307692307692307 0.07451923076923085 0.7524038461538461 0.09615384615384626 0.7524038461538461
0 0.153846153846154 0.9399038461538461 0.10817307692307702 0.9399038461538461 0.10817307692307704 1 0.153846153846154 1
0 0.10576923076923087 0.8798076923076923 0.07211538461538472 0.8798076923076923 0.07211538461538472 0.9110576923076923 0.10576923076923087 0.9110576923076923
0 0.0937500000000001 0.8557692307692307 0.06490384615384626 0.8557692307692307 0.06490384615384626 0.8846153846153846 0.0937500000000001 0.8846153846153846
0 0.6730769230769231 0.8677884615384616 0.6346153846153846 0.8677884615384616 0.6346153846153846 0.9014423076923077 0.6730769230769231 0.9014423076923077
0 0.7572115384615384 0.9038461538461539 0.7019230769230769 0.9038461538461539 0.7019230769230769 0.9567307692307693 0.7572115384615384 0.9567307692307693