0 0.25240384615384615 2.8261079980323534e-17 0.2091346153846154 2.5611603732168205e-17 0.2091346153846154 0.05288461538461541 0.25240384615384615 0.05288461538461542
0 0.18509615384615385 0.04086538461538463 0.125 0.04086538461538463 0.125 0.12740384615384617 0.18509615384615385 0.1274038461538462
0 0.09375 0.043269230769230775 0.04567307692307692 0.04326923076923077 0.045673076923076934 0.0889423076923077 0.09375 0.0889423076923077
0 0.14663461538461542 0.16346153846153846 0.10336538461538465 0.16346153846153846 0.10336538461538465 0.24519230769230768 0.14663461538461542 0.24519230769230768
0 0.0841346153846154 0.13701923076923078 0.048076923076923093 0.13701923076923078 0.048076923076923093 0.18509615384615385 0.08413461538461542 0.18509615384615385
0 0.2980769230769231 0.07932692307692311 0.2403846153846154 0.07932692307692311 0.2403846153846154 0.1418269230769231 0.2980769230769231 0.1418269230769231
0 0.3125 0.4543269230769231 0.2716346153846155 0.4543269230769231 0.2716346153846155 0.5144230769230769 0.3125 0.5144230769230769
0 0.2524038461538462 0.2644230769230769 0.21153846153846154 0.2644230769230769 0.21153846153846156 0.31490384615384615 0.2524038461538462 0.31490384615384615
0 0.30528846153846156 0.14903846153846156 0.27884615384615385 0.14903846153846156 0.27884615384615385 0.20192307692307696 0.30528846153846156 0.20192307692307698
0 0.3485576923076923 0.15865384615384623 0.3125 0.15865384615384623 0.3125 0.2475961538461539 0.3485576923076923 0.2475961538461539
0 0.40625 0.1971153846153847 0.3485576923076923 0.1971153846153847 0.3485576923076923 0.295673076923077 0.40625 0.295673076923077
0 0.47115384615384615 0.06730769230769236 0.42788461538461536 0.06730769230769236 0.42788461538461536 0.13942307692307698 0.47115384615384615 0.13942307692307698
0 0.44711538461538464 5.122320746433641e-17 0.3894230769230769 4.769057246679597e-17 0.3894230769230769 0.06730769230769236 0.44711538461538464 0.06730769230769236
0 0.18028846153846162 0.28846153846153844 0.12980769230769235 0.28846153846153844 0.12980769230769235 0.3317307692307692 0.18028846153846162 0.3317307692307692
0 0.10817307692307697 0.3701923076923077 0.06730769230769236 0.3701923076923077 0.06730769230769236 0.4230769230769231 0.108173076923077 0.4230769230769231
0 0.031250000000000056 0.40865384615384615 5.004566246515626e-17 0.40865384615384615 5.4461456212081815e-17 0.4807692307692308 0.03125000000000006 0.4807692307692308
0 0.31971153846153844 0.4543269230769231 0.264423076923077 0.4543269230769231 0.264423076923077 0.5072115384615384 0.31971153846153844 0.5072115384615384
0 0.49278846153846156 0.2548076923076924 0.44471153846153844 0.2548076923076924 0.44471153846153844 0.3245192307692308 0.49278846153846156 0.3245192307692308
0 0.5288461538461539 0.31009615384615385 0.4879807692307692 0.31009615384615385 0.4879807692307692 0.37259615384615385 0.5288461538461539 0.37259615384615385
0 0.5841346153846154 0.16105769230769237 0.5552884615384616 0.16105769230769237 0.5552884615384616 0.20913461538461545 0.5841346153846154 0.20913461538461545
0 0.6730769230769231 0.004807692307692388 0.6201923076923077 0.004807692307692384 0.6201923076923077 0.060096153846153924 0.6730769230769231 0.06009615384615393
0 0.7451923076923077 0.05288461538461547 0.6899038461538461 0.05288461538461547 0.6899038461538461 0.10817307692307701 0.7451923076923077 0.10817307692307702
0 0.7932692307692307 0.06971153846153856 0.7475961538461539 0.06971153846153855 0.7475961538461539 0.13221153846153857 0.7932692307692307 0.13221153846153857
0 0.8581730769230769 0.05769230769230779 0.7884615384615384 0.05769230769230779 0.7884615384615384 0.12259615384615395 0.8581730769230769 0.12259615384615395
0 0.8653846153846154 0.14663461538461547 0.8221153846153846 0.14663461538461547 0.8221153846153846 0.19951923076923087 0.8653846153846154 0.1995192307692309
0 0.4278846153846155 0.5480769230769231 0.3918269230769231 0.5480769230769231 0.39182692307692313 0.5865384615384616 0.42788461538461553 0.5865384615384616
0 0.3389423076923078 0.5745192307692307 0.295673076923077 0.5745192307692307 0.295673076923077 0.6177884615384616 0.3389423076923078 0.6177884615384616
0 0.3389423076923078 0.6394230769230769 0.3076923076923078 0.6394230769230769 0.3076923076923078 0.6875 0.3389423076923078 0.6875
0 0.2740384615384616 0.6971153846153846 0.2379807692307693 0.6971153846153846 0.2379807692307693 0.7331730769230769 0.2740384615384616 0.7331730769230769
0 0.17307692307692316 0.5841346153846154 0.14182692307692316 0.5841346153846154 0.14182692307692316 0.6153846153846154 0.17307692307692316 0.6153846153846154
0 0.3125000000000001 0.7884615384615384 0.27644230769230776 0.7884615384615384 0.27644230769230776 0.8293269230769231 0.3125000000000001 0.8293269230769231
0 0.22596153846153852 0.7860576923076923 0.1850961538461539 0.7860576923076923 0.1850961538461539 0.8317307692307693 0.22596153846153852 0.8317307692307693
0 0.3365384615384617 0.8822115384615384 0.3076923076923078 0.8822115384615384 0.3076923076923078 0.9182692307692307 0.3365384615384617 0.9182692307692307
0 0.3245192307692309 0.84375 0.29807692307692324 0.84375 0.29807692307692324 0.8701923076923077 0.3245192307692309 0.8701923076923077
0 0.2932692307692309 0.8653846153846154 0.2620192307692309 0.8653846153846154 0.2620192307692309 0.8966346153846154 0.2932692307692309 0.8966346153846154
0 0.21153846153846168 0.8725961538461539 0.18028846153846168 0.8725961538461539 0.18028846153846168 0.90625 0.21153846153846168 0.90625
0 0.3822115384615386 0.9086538461538461 0.36057692307692324 0.9086538461538461 0.36057692307692324 0.9423076923076923 0.3822115384615386 0.9423076923076923
0 0.36538461538461553 0.8605769230769231 0.3365384615384617 0.8605769230769231 0.3365384615384617 0.9038461538461539 0.36538461538461553 0.9038461538461539
0 0.4495192307692309 0.8798076923076923 0.4062500000000001 0.8798076923076923 0.4062500000000001 0.9399038461538461 0.4495192307692309 0.9399038461538461
0 0.4134615384615386 0.8581730769230769 0.3942307692307694 0.8581730769230769 0.3942307692307694 0.8774038461538461 0.4134615384615386 0.8774038461538461
0 0.5024038461538463 0.8245192307692307 0.4759615384615386 0.8245192307692307 0.4759615384615386 0.8629807692307693 0.5024038461538463 0.8629807692307693
0 0.44230769230769246 0.8100961538461539 0.4134615384615386 0.8100961538461539 0.4134615384615386 0.8413461538461539 0.44230769230769246 0.8413461538461539
0 0.4495192307692309 0.7620192307692307 0.4134615384615386 0.7620192307692307 0.4134615384615386 0.8028846153846154 0.4495192307692309 0.8028846153846154
0 0.5937500000000001 0.5817307692307694 0.5625000000000001 0.5817307692307694 0.5625000000000001 0.6298076923076923 0.5937500000000001 0.6298076923076923
0 0.6418269230769231 0.6418269230769231 0.6105769230769232 0.6418269230769231 0.6105769230769232 0.6802884615384616 0.6418269230769231 0.6802884615384616
0 0.5697115384615385 0.7091346153846154 0.543269230769231 0.7091346153846154 0.543269230769231 0.7596153846153846 0.5697115384615385 0.7596153846153846
0 0.5336538461538463 0.6538461538461539 0.49759615384615397 0.6538461538461539 0.49759615384615397 0.6923076923076923 0.5336538461538463 0.6923076923076923
0 0.4927884615384617 0.6346153846153846 0.46634615384615397 0.6346153846153846 0.46634615384615397 0.6754807692307693 0.4927884615384617 0.6754807692307693
0 0.6298076923076923 0.8293269230769231 0.5769230769230771 0.8293269230769231 0.5769230769230771 0.8918269230769231 0.6298076923076923 0.8918269230769231
0 0.5865384615384617 0.8653846153846154 0.5649038461538463 0.8653846153846154 0.5649038461538463 0.9038461538461539 0.5865384615384617 0.9038461538461539
0 0.6105769230769232 0.90625 0.5937500000000001 0.90625 0.5937500000000001 0.9302884615384616 0.6105769230769232 0.9302884615384616
0 0.5649038461538463 0.8533653846153846 0.5408653846153848 0.8533653846153846 0.5408653846153848 0.8798076923076923 0.5649038461538463 0.8798076923076923
0 0.6514423076923077 0.7091346153846154 0.6201923076923077 0.7091346153846154 0.6201923076923077 0.7716346153846154 0.6514423076923077 0.7716346153846154
0 0.6105769230769231 0.44711538461538475 0.5649038461538461 0.44711538461538475 0.5649038461538461 0.5024038461538463 0.6105769230769231 0.5024038461538463
0 0.5889423076923077 0.3990384615384616 0.5576923076923077 0.39903846153846156 0.5576923076923077 0.4350961538461539 0.5889423076923077 0.43509615384615397
0 0.7019230769230769 0.3125000000000001 0.65625 0.3125000000000001 0.65625 0.38942307692307704 0.7019230769230769 0.38942307692307704
0 0.6899038461538461 0.2596153846153847 0.6586538461538461 0.2596153846153847 0.6586538461538461 0.3028846153846155 0.6899038461538461 0.3028846153846155
0 0.6971153846153846 0.21394230769230776 0.6490384615384616 0.21394230769230776 0.6490384615384616 0.26201923076923084 0.6971153846153846 0.26201923076923084
0 0.6033653846153846 0.3317307692307694 0.5625 0.3317307692307694 0.5625 0.3990384615384617 0.6033653846153846 0.3990384615384617
0 0.5985576923076923 0.2692307692307693 0.5552884615384616 0.2692307692307693 0.5552884615384616 0.33894230769230776 0.5985576923076923 0.3389423076923078
0 0.7716346153846154 0.45913461538461553 0.7163461538461539 0.45913461538461553 0.7163461538461539 0.5312500000000001 0.7716346153846154 0.5312500000000001
0 0.6850961538461539 0.49759615384615397 0.65625 0.49759615384615397 0.65625 0.5456730769230771 0.6850961538461539 0.5456730769230771
0 0.6706730769230769 0.5528846153846155 0.6442307692307693 0.5528846153846155 0.6442307692307693 0.5793269230769232 0.6706730769230769 0.5793269230769232
0 0.6466346153846154 0.5408653846153848 0.6105769230769231 0.5408653846153848 0.6105769230769231 0.591346153846154 0.6466346153846154 0.591346153846154
0 0.6466346153846154 0.5985576923076924 0.6153846153846154 0.5985576923076924 0.6153846153846154 0.6322115384615384 0.6466346153846154 0.6322115384615384
0 0.6105769230769231 0.543269230769231 0.5889423076923077 0.543269230769231 0.5889423076923077 0.5793269230769232 0.6105769230769232 0.5793269230769232
0 0.7355769230769231 0.5552884615384617 0.6971153846153846 0.5552884615384617 0.6971153846153846 0.6105769230769232 0.7355769230769231 0.6105769230769232
0 0.6995192307692307 0.605769230769231 0.6706730769230769 0.605769230769231 0.6706730769230769 0.6274038461538461 0.6995192307692307 0.6274038461538461
0 0.6971153846153846 0.6274038461538461 0.6730769230769231 0.6274038461538461 0.6730769230769231 0.6514423076923077 0.6971153846153846 0.6514423076923077
0 0.75 0.6394230769230769 0.7139423076923077 0.6394230769230769 0.7139423076923077 0.6850961538461539 0.75 0.6850961538461539
0 0.7764423076923077 0.5889423076923078 0.7355769230769231 0.5889423076923078 0.7355769230769231 0.6442307692307693 0.7764423076923077 0.6442307692307693
0 0.8076923076923077 0.42307692307692324 0.7740384615384616 0.42307692307692324 0.7740384615384616 0.4639423076923078 0.8076923076923077 0.4639423076923078
0 0.8052884615384616 0.3197115384615386 0.7740384615384616 0.3197115384615386 0.7740384615384616 0.3557692307692309 0.8052884615384616 0.3557692307692309
0 0.8076923076923077 0.26682692307692313 0.7788461538461539 0.26682692307692313 0.7788461538461539 0.3052884615384616 0.8076923076923077 0.3052884615384616
0 0.8533653846153846 0.25721153846153855 0.8245192307692307 0.25721153846153855 0.8245192307692307 0.2932692307692309 0.8533653846153846 0.2932692307692309
0 0.8509615384615384 0.2932692307692309 0.8125 0.29326923076923084 0.8125 0.3557692307692309 0.8509615384615384 0.3557692307692309
0 0.8413461538461539 0.34134615384615397 0.8173076923076923 0.34134615384615397 0.8173076923076923 0.3774038461538463 0.8413461538461539 0.3774038461538463
0 0.53125 0.076923076923077 0.47596153846153844 0.076923076923077 0.47596153846153844 0.14182692307692316 0.53125 0.14182692307692316
0 0.8725961538461539 0.543269230769231 0.8413461538461539 0.543269230769231 0.8413461538461539 0.5985576923076924 0.8725961538461539 0.5985576923076924
0 0.9495192307692307 0.5096153846153848 0.9014423076923077 0.5096153846153848 0.9014423076923077 0.5865384615384617 0.9495192307692307 0.5865384615384617
0 1 0.5024038461538463 0.9447115384615384 0.5024038461538463 0.9447115384615384 0.5649038461538463 1 0.5649038461538463
0 0.8966346153846154 0.7043269230769231 0.8533653846153846 0.7043269230769231 0.8533653846153846 0.7451923076923077 0.8966346153846154 0.7451923076923077
0 1 0.6706730769230769 0.9639423076923077 0.6706730769230769 0.9639423076923077 0.7379807692307693 1 0.7379807692307693
0 0.8317307692307693 0.7668269230769231 0.8076923076923077 0.7668269230769231 0.8076923076923077 0.7932692307692307 0.8317307692307693 0.7932692307692307
0 0.8028846153846154 0.7524038461538461 0.7764423076923077 0.7524038461538461 0.7764423076923077 0.78125 0.8028846153846154 0.78125
0 0.7668269230769231 0.7019230769230769 0.7283653846153846 0.7019230769230769 0.7283653846153846 0.7379807692307693 0.7668269230769231 0.7379807692307693
0 0.7572115384615384 0.7403846153846154 0.7307692307692307 0.7403846153846154 0.7307692307692307 0.7716346153846154 0.7572115384615384 0.7716346153846154
0 0.7235576923076923 0.7451923076923077 0.6971153846153846 0.7451923076923077 0.6971153846153846 0.7740384615384616 0.7235576923076923 0.7740384615384616
0 0.7379807692307693 0.8076923076923077 0.7163461538461539 0.8076923076923077 0.7163461538461539 0.84375 0.7379807692307693 0.84375
0 0.7019230769230769 0.8485576923076923 0.6706730769230769 0.8485576923076923 0.6706730769230769 0.8918269230769231 0.7019230769230769 0.8918269230769231
0 0.8245192307692307 0.8461538461538461 0.7860576923076923 0.8461538461538461 0.7860576923076923 0.8798076923076923 0.8245192307692307 0.8798076923076923
0 0.8028846153846154 0.8653846153846154 0.7788461538461539 0.8653846153846154 0.7788461538461539 0.8918269230769231 0.8028846153846154 0.8918269230769231
0 0.7524038461538461 0.8701923076923077 0.71875 0.8701923076923077 0.71875 0.9134615384615384 0.7524038461538461 0.9134615384615384
0 0.7019230769230769 0.9230769230769231 0.6875 0.9230769230769231 0.6875 0.9423076923076923 0.7019230769230769 0.9423076923076923
0 0.7451923076923077 0.9302884615384616 0.7139423076923077 0.9302884615384616 0.7139423076923077 0.9615384615384616 0.7451923076923077 0.9615384615384616
0 0.6610576923076923 0.9471153846153846 0.6394230769230769 0.9471153846153846 0.6394230769230769 0.9663461538461539 0.6610576923076923 0.9663461538461539
0 0.9086538461538461 0.9399038461538461 0.8581730769230769 0.9399038461538461 0.8581730769230769 0.9759615384615384 0.9086538461538461 0.9759615384615384
0 0.9759615384615384 0.8197115384615384 0.9447115384615384 0.8197115384615384 0.9447115384615384 0.8485576923076923 0.9759615384615384 0.8485576923076923
0 1 0.7572115384615384 0.9495192307692307 0.7572115384615384 0.9495192307692307 0.8149038461538461 1 0.8149038461538461
0 0.8149038461538461 0.9735576923076923 0.7884615384615384 0.9735576923076923 0.7884615384615384 1 0.8149038461538461 1
0 0.7860576923076923 0.9783653846153846 0.7644230769230769 0.9783653846153846 0.7644230769230769 1 0.7860576923076923 1
0 0.9182692307692307 0.41586538461538475 0.8942307692307693 0.41586538461538475 0.8942307692307693 0.44711538461538475 0.9182692307692307 0.44711538461538475
0 0.9879807692307693 0.34134615384615397 0.9471153846153846 0.34134615384615397 0.9471153846153846 0.3870192307692309 0.9879807692307693 0.3870192307692309