0 0.7764423076923077 0.8533653846153846 0.6009615384615385 0.8533653846153846 0.6009615384615385 0.9951923076923077 0.7764423076923077 0.9951923076923077
0 0.5072115384615385 0.7884615384615384 0.3677884615384617 0.7884615384615384 0.3677884615384617 0.9278846153846154 0.5072115384615385 0.9278846153846154
0 0.5168269230769232 0.6754807692307693 0.36538461538461553 0.6754807692307693 0.36538461538461553 0.7980769230769231 0.5168269230769232 0.7980769230769231
0 0.7860576923076923 0.6225961538461539 0.6682692307692307 0.6225961538461539 0.6682692307692307 0.7427884615384616 0.7860576923076923 0.7427884615384616
0 0.7091346153846154 0.5552884615384617 0.5745192307692307 0.5552884615384617 0.5745192307692308 0.6778846153846154 0.7091346153846154 0.6778846153846154
0 0.37259615384615397 0.5793269230769231 0.22355769230769237 0.5793269230769231 0.22355769230769237 0.7139423076923077 0.37259615384615397 0.7139423076923077
0 0.39182692307692324 0.7355769230769231 0.2596153846153847 0.7355769230769231 0.2596153846153847 0.8557692307692307 0.39182692307692324 0.8557692307692307
0 0.1754807692307693 0.5841346153846154 0.04326923076923084 0.5841346153846154 0.043269230769230844 0.7115384615384616 0.1754807692307693 0.7115384615384616
0 0.2692307692307693 0.39663461538461536 0.12980769230769235 0.39663461538461536 0.12980769230769235 0.5120192307692307 0.2692307692307693 0.5120192307692307
0 0.5985576923076923 0.37500000000000006 0.4423076923076923 0.375 0.4423076923076923 0.49519230769230776 0.5985576923076923 0.4951923076923078
0 0.5793269230769231 0.21394230769230776 0.4375 0.21394230769230776 0.4375 0.326923076923077 0.5793269230769231 0.32692307692307704
0 0.6610576923076923 0.18269230769230776 0.5144230769230769 0.18269230769230776 0.5144230769230769 0.29807692307692313 0.6610576923076923 0.29807692307692313
0 0.7283653846153846 0.1033653846153847 0.5841346153846154 0.10336538461538468 0.5841346153846154 0.2524038461538462 0.7283653846153846 0.2524038461538462
0 0.9903846153846154 0.13942307692307704 0.8028846153846154 0.13942307692307704 0.8028846153846154 0.2980769230769232 0.9903846153846154 0.29807692307692324