0 0.17788461538461542 0.14903846153846156 0.07932692307692311 0.14903846153846154 0.07932692307692311 0.2956730769230769 0.17788461538461545 0.2956730769230769
0 0.18990384615384623 0.43028846153846156 0.0865384615384616 0.43028846153846156 0.0865384615384616 0.5336538461538461 0.18990384615384623 0.5336538461538461
0 0.3004807692307693 0.43990384615384615 0.21153846153846162 0.43990384615384615 0.21153846153846162 0.5697115384615384 0.3004807692307693 0.5697115384615384
0 0.4254807692307692 0.18990384615384623 0.3245192307692308 0.18990384615384623 0.3245192307692308 0.2860576923076924 0.4254807692307692 0.2860576923076924
0 0.46153846153846156 0.2836538461538462 0.375 0.2836538461538462 0.375 0.3894230769230769 0.46153846153846156 0.3894230769230769
0 0.36057692307692324 0.6033653846153846 0.26201923076923084 0.6033653846153846 0.26201923076923084 0.7235576923076923 0.36057692307692324 0.7235576923076923
0 0.2163461538461539 0.5528846153846154 0.12980769230769237 0.5528846153846154 0.12980769230769237 0.6586538461538461 0.2163461538461539 0.6586538461538461
0 0.31730769230769246 0.7980769230769231 0.22115384615384623 0.7980769230769231 0.22115384615384626 0.8990384615384616 0.31730769230769246 0.8990384615384616
0 0.5216346153846155 0.7451923076923077 0.43509615384615397 0.7451923076923077 0.43509615384615397 0.8653846153846154 0.5216346153846155 0.8653846153846154
0 0.6105769230769231 0.4278846153846155 0.5264423076923077 0.42788461538461536 0.5264423076923077 0.5649038461538463 0.6105769230769232 0.5649038461538463
0 0.7668269230769231 0.48557692307692324 0.6875 0.48557692307692324 0.6875 0.605769230769231 0.7668269230769231 0.605769230769231
0 0.8149038461538461 0.4134615384615386 0.7307692307692307 0.4134615384615386 0.7307692307692307 0.5384615384615385 0.8149038461538461 0.5384615384615385
0 0.90625 0.36538461538461553 0.7908653846153846 0.36538461538461553 0.7908653846153846 0.4759615384615386 0.90625 0.4759615384615386
0 0.9182692307692307 0.10096153846153856 0.8076923076923077 0.10096153846153856 0.8076923076923077 0.2548076923076924 0.9182692307692307 0.25480769230769246