0 0.23557692307692318 0.7403846153846154 0.06971153846153855 0.7403846153846154 0.06971153846153856 0.8701923076923077 0.2355769230769232 0.8701923076923077
0 0.4759615384615386 0.7836538461538461 0.34134615384615397 0.7836538461538461 0.34134615384615397 0.9182692307692307 0.4759615384615386 0.9182692307692307
0 0.5312500000000001 0.6754807692307693 0.3774038461538463 0.6754807692307693 0.3774038461538463 0.8028846153846154 0.5312500000000001 0.8028846153846154
0 0.28125000000000006 0.5048076923076923 0.1538461538461539 0.5048076923076923 0.1538461538461539 0.6346153846153846 0.28125000000000006 0.6346153846153846
0 0.38701923076923084 0.49038461538461536 0.26201923076923084 0.49038461538461536 0.26201923076923084 0.6009615384615384 0.3870192307692309 0.6009615384615384
0 0.6971153846153846 0.6514423076923077 0.5456730769230771 0.6514423076923077 0.5456730769230771 0.7884615384615384 0.6971153846153846 0.7884615384615384
0 0.5961538461538463 0.7884615384615384 0.47355769230769246 0.7884615384615384 0.47355769230769246 0.8942307692307693 0.5961538461538463 0.8942307692307693
0 0.8581730769230769 0.7355769230769231 0.7283653846153846 0.7355769230769231 0.7283653846153846 0.8629807692307693 0.8581730769230769 0.8629807692307693
0 0.8629807692307693 0.528846153846154 0.7235576923076923 0.528846153846154 0.7235576923076923 0.6442307692307693 0.8629807692307693 0.6442307692307693
0 0.5889423076923077 0.37500000000000006 0.4326923076923077 0.375 0.4326923076923077 0.4927884615384616 0.5889423076923077 0.4927884615384617
0 0.6586538461538461 0.2379807692307693 0.5240384615384616 0.2379807692307693 0.5240384615384616 0.33894230769230776 0.6586538461538461 0.3389423076923078
0 0.6057692307692307 0.17067307692307698 0.45913461538461536 0.17067307692307698 0.45913461538461536 0.28846153846153855 0.6057692307692307 0.28846153846153855
0 0.5649038461538461 0.07211538461538468 0.42788461538461536 0.07211538461538466 0.42788461538461536 0.21394230769230776 0.5649038461538461 0.21394230769230776
0 0.35096153846153844 0.00480769230769234 0.17067307692307693 0.004807692307692329 0.17067307692307693 0.15384615384615388 0.35096153846153844 0.1538461538461539