0 0.3750000000000001 0.8173076923076923 0.32692307692307704 0.8173076923076923 0.32692307692307704 0.8774038461538461 0.3750000000000001 0.8774038461538461
0 0.8197115384615384 0.7956730769230769 0.71875 0.7956730769230769 0.71875 0.8653846153846154 0.8197115384615384 0.8653846153846154
0 0.3894230769230769 0.17307692307692316 0.3389423076923077 0.17307692307692316 0.3389423076923077 0.24519230769230776 0.3894230769230769 0.24519230769230776
0 0.451923076923077 0.5192307692307693 0.4014423076923077 0.5192307692307693 0.40144230769230776 0.5961538461538461 0.45192307692307704 0.5961538461538461
0 0.5120192307692307 0.3245192307692308 0.4519230769230769 0.3245192307692308 0.4519230769230769 0.40625 0.5120192307692307 0.40625
0 0.40865384615384615 0.1322115384615385 0.3557692307692308 0.1322115384615385 0.3557692307692308 0.1850961538461539 0.40865384615384615 0.1850961538461539
0 0.46153846153846156 0.18750000000000006 0.4110576923076923 0.18750000000000006 0.4110576923076923 0.24278846153846162 0.46153846153846156 0.24278846153846162
0 0.49759615384615385 0.23317307692307698 0.43509615384615385 0.23317307692307698 0.43509615384615385 0.295673076923077 0.49759615384615385 0.295673076923077
0 0.5649038461538461 0.27644230769230776 0.5096153846153846 0.27644230769230776 0.5096153846153846 0.3365384615384616 0.5649038461538461 0.3365384615384617
0 0.5552884615384616 0.3485576923076923 0.5 0.3485576923076923 0.5 0.4110576923076923 0.5552884615384616 0.4110576923076923
0 0.5865384615384616 0.3846153846153847 0.5360576923076923 0.38461538461538464 0.5360576923076923 0.4350961538461539 0.5865384615384616 0.43509615384615397
0 0.6370192307692307 0.41105769230769246 0.6033653846153846 0.41105769230769246 0.6033653846153846 0.47355769230769246 0.6370192307692307 0.47355769230769246
0 0.5769230769230769 0.4615384615384616 0.5480769230769231 0.46153846153846156 0.5480769230769231 0.5072115384615385 0.5769230769230769 0.5072115384615385
0 0.6153846153846154 0.4927884615384617 0.5625 0.4927884615384617 0.5625 0.5360576923076924 0.6153846153846154 0.5360576923076924
0 0.5504807692307693 0.5384615384615384 0.4951923076923077 0.5384615384615384 0.49519230769230776 0.6009615384615384 0.5504807692307694 0.6009615384615384
0 0.6033653846153848 0.5961538461538463 0.5552884615384617 0.5961538461538461 0.5552884615384617 0.6514423076923077 0.6033653846153848 0.6514423076923077
0 0.5072115384615385 0.6346153846153846 0.4711538461538463 0.6346153846153846 0.4711538461538463 0.6826923076923077 0.5072115384615385 0.6826923076923077
0 0.5216346153846155 0.6778846153846154 0.45913461538461553 0.6778846153846154 0.45913461538461553 0.7331730769230769 0.5216346153846155 0.7331730769230769
0 0.5817307692307694 0.71875 0.5312500000000001 0.71875 0.5312500000000001 0.7668269230769231 0.5817307692307694 0.7668269230769231
0 0.5144230769230771 0.7668269230769231 0.45192307692307704 0.7668269230769231 0.45192307692307704 0.8341346153846154 0.5144230769230771 0.8341346153846154
0 0.45192307692307704 0.8004807692307693 0.41105769230769246 0.8004807692307693 0.41105769230769246 0.8581730769230769 0.45192307692307704 0.8581730769230769