0 0.8701923076923077 0.30048076923076933 0.8028846153846154 0.3004807692307693 0.8028846153846154 0.35336538461538475 0.8701923076923077 0.35336538461538475
0 0.8918269230769231 0.6899038461538461 0.8076923076923077 0.6899038461538461 0.8076923076923077 0.8028846153846154 0.8918269230769231 0.8028846153846154
0 0.2379807692307693 0.3581730769230769 0.16346153846153852 0.3581730769230769 0.16346153846153852 0.4110576923076923 0.2379807692307693 0.4110576923076923
0 0.5889423076923077 0.40144230769230776 0.5144230769230769 0.4014423076923077 0.5144230769230769 0.4471153846153847 0.5889423076923077 0.44711538461538475
0 0.40625 0.45913461538461536 0.31971153846153844 0.45913461538461536 0.31971153846153844 0.5240384615384616 0.40625 0.5240384615384616
0 0.17788461538461545 0.3798076923076923 0.12259615384615388 0.3798076923076923 0.1225961538461539 0.43509615384615385 0.17788461538461545 0.43509615384615385
0 0.24038461538461545 0.43028846153846156 0.18269230769230776 0.43028846153846156 0.18269230769230776 0.4831730769230769 0.24038461538461545 0.4831730769230769
0 0.295673076923077 0.4495192307692308 0.2283653846153847 0.4495192307692308 0.2283653846153847 0.5168269230769231 0.295673076923077 0.5168269230769231
0 0.3413461538461539 0.5216346153846154 0.2788461538461539 0.5216346153846154 0.2788461538461539 0.5793269230769231 0.34134615384615397 0.5793269230769231
0 0.41346153846153855 0.5096153846153846 0.35096153846153844 0.5096153846153846 0.35096153846153855 0.5649038461538461 0.4134615384615386 0.5649038461538461
0 0.4423076923076924 0.5408653846153846 0.3870192307692308 0.5408653846153846 0.38701923076923084 0.5961538461538461 0.44230769230769246 0.5961538461538461
0 0.48317307692307704 0.6057692307692307 0.4182692307692309 0.6057692307692307 0.4182692307692309 0.6394230769230769 0.48317307692307704 0.6394230769230769
0 0.5120192307692308 0.5480769230769231 0.46634615384615385 0.5480769230769231 0.4663461538461539 0.5793269230769231 0.512019230769231 0.5793269230769231
0 0.5456730769230771 0.5600961538461539 0.4927884615384617 0.5600961538461539 0.4927884615384617 0.6177884615384616 0.5456730769230771 0.6177884615384616
0 0.6057692307692307 0.4879807692307693 0.5360576923076923 0.4879807692307692 0.5360576923076923 0.5504807692307693 0.6057692307692307 0.5504807692307694
0 0.6586538461538461 0.543269230769231 0.5985576923076923 0.543269230769231 0.5985576923076924 0.5961538461538463 0.6586538461538461 0.5961538461538463
0 0.6826923076923077 0.4567307692307694 0.6322115384615384 0.4567307692307694 0.6322115384615384 0.49759615384615397 0.6826923076923077 0.49759615384615397
0 0.7355769230769231 0.44230769230769246 0.6730769230769231 0.44230769230769246 0.6730769230769231 0.5096153846153848 0.7355769230769231 0.5096153846153848
0 0.7716346153846154 0.5096153846153848 0.71875 0.5096153846153848 0.71875 0.5649038461538463 0.7716346153846154 0.5649038461538463
0 0.8317307692307693 0.4302884615384617 0.7644230769230769 0.4302884615384617 0.7644230769230769 0.4927884615384617 0.8317307692307693 0.4927884615384617
0 0.8509615384615384 0.3870192307692309 0.7932692307692307 0.3870192307692309 0.7932692307692307 0.4302884615384617 0.8509615384615384 0.4302884615384617