0 0.18028846153846162 0.3317307692307692 0.12019230769230772 0.3317307692307692 0.12019230769230772 0.3798076923076923 0.18028846153846162 0.3798076923076923
0 0.2067307692307693 0.7259615384615384 0.14182692307692318 0.7259615384615384 0.14182692307692318 0.8245192307692307 0.2067307692307693 0.8245192307692307
0 0.8221153846153846 0.3389423076923078 0.7548076923076923 0.3389423076923078 0.7548076923076923 0.3822115384615386 0.8221153846153846 0.3822115384615386
0 0.47836538461538464 0.40865384615384615 0.40625 0.40865384615384615 0.40625 0.44711538461538464 0.47836538461538464 0.44711538461538464
0 0.6778846153846154 0.4495192307692309 0.5961538461538461 0.4495192307692309 0.5961538461538461 0.5072115384615385 0.6778846153846154 0.5072115384615385
0 0.8653846153846154 0.3509615384615386 0.8149038461538461 0.3509615384615386 0.8149038461538461 0.4014423076923078 0.8653846153846154 0.4014423076923078
0 0.8100961538461539 0.4062500000000001 0.7572115384615384 0.4062500000000001 0.7572115384615384 0.45432692307692324 0.8100961538461539 0.45432692307692324
0 0.7644230769230769 0.43509615384615397 0.7067307692307693 0.43509615384615397 0.7067307692307693 0.4927884615384617 0.7644230769230769 0.4927884615384617
0 0.7235576923076923 0.5072115384615385 0.6658653846153846 0.5072115384615385 0.6658653846153846 0.560096153846154 0.7235576923076923 0.560096153846154
0 0.6514423076923077 0.5000000000000001 0.59375 0.5000000000000001 0.59375 0.5504807692307694 0.6514423076923077 0.5504807692307694
0 0.6153846153846154 0.5360576923076924 0.5697115384615384 0.5360576923076924 0.5697115384615385 0.5817307692307694 0.6153846153846154 0.5817307692307694
0 0.591346153846154 0.6033653846153847 0.528846153846154 0.6033653846153846 0.528846153846154 0.6322115384615384 0.591346153846154 0.6322115384615384
0 0.5408653846153847 0.5480769230769231 0.4951923076923077 0.5480769230769231 0.49519230769230776 0.5745192307692307 0.5408653846153848 0.5745192307692307
0 0.512019230769231 0.5649038461538461 0.46634615384615397 0.5649038461538461 0.46634615384615397 0.6153846153846154 0.512019230769231 0.6153846153846154
0 0.46153846153846156 0.49759615384615385 0.4014423076923077 0.49759615384615385 0.4014423076923077 0.5504807692307693 0.46153846153846156 0.5504807692307693
0 0.40625000000000006 0.5576923076923077 0.35336538461538464 0.5576923076923077 0.3533653846153847 0.6033653846153846 0.4062500000000001 0.6033653846153846
0 0.36538461538461536 0.4735576923076923 0.31971153846153844 0.4735576923076923 0.31971153846153844 0.5072115384615384 0.36538461538461536 0.5072115384615384
0 0.32211538461538464 0.4639423076923077 0.2716346153846155 0.4639423076923077 0.2716346153846155 0.5216346153846154 0.32211538461538464 0.5216346153846154
0 0.28125000000000006 0.5360576923076923 0.2379807692307693 0.5360576923076923 0.2379807692307693 0.5817307692307693 0.28125000000000006 0.5817307692307693
0 0.23076923076923084 0.45913461538461536 0.16826923076923084 0.45913461538461536 0.16826923076923084 0.5168269230769231 0.23076923076923084 0.5168269230769231
0 0.19951923076923084 0.4182692307692308 0.14423076923076927 0.4182692307692308 0.14423076923076927 0.4543269230769231 0.19951923076923084 0.4543269230769231