0 1 0.4807692307692309 0.8413461538461539 0.4807692307692309 0.8413461538461539 0.6009615384615385 1 0.6009615384615385
0 0.9471153846153846 0.39182692307692324 0.8245192307692307 0.39182692307692324 0.8245192307692307 0.48557692307692324 0.9471153846153846 0.48557692307692324
0 0.8870192307692307 9.773623493195223e-17 0.7091346153846154 8.684394368953586e-17 0.7091346153846154 0.024038461538461637 0.8870192307692307 0.02403846153846165
0 0.7475961538461539 0.014423076923077004 0.5889423076923077 0.014423076923076995 0.5889423076923077 0.12259615384615394 0.7475961538461539 0.12259615384615395
0 0.6394230769230769 0.19471153846153852 0.45913461538461536 0.19471153846153852 0.45913461538461536 0.3004807692307693 0.6394230769230769 0.3004807692307693
0 0.5048076923076923 0.02403846153846159 0.3269230769230769 0.02403846153846158 0.3269230769230769 0.14182692307692313 0.5048076923076923 0.14182692307692316
0 0.8173076923076923 0.5360576923076924 0.6634615384615384 0.5360576923076924 0.6634615384615384 0.6442307692307693 0.8173076923076923 0.6442307692307693
0 0.625 0.608173076923077 0.42788461538461553 0.6081730769230769 0.42788461538461553 0.7524038461538461 0.625 0.7524038461538461
0 0.6298076923076923 0.420673076923077 0.4519230769230769 0.4206730769230769 0.4519230769230769 0.5432692307692308 0.6298076923076923 0.543269230769231
0 0.5264423076923077 0.32211538461538464 0.37259615384615385 0.32211538461538464 0.37259615384615385 0.4375 0.5264423076923077 0.4375
0 0.22836538461538464 0.25240384615384615 0.05528846153846157 0.25240384615384615 0.05528846153846158 0.3629807692307692 0.2283653846153847 0.3629807692307692
0 0.13942307692307698 0.35096153846153844 4.2980392470075376e-17 0.35096153846153844 4.9456889965566184e-17 0.4567307692307692 0.13942307692307698 0.4567307692307692
0 0.4182692307692308 0.34375 0.23076923076923084 0.34375 0.23076923076923084 0.47836538461538464 0.4182692307692308 0.47836538461538464
0 0.26682692307692313 0.4014423076923077 0.11298076923076926 0.4014423076923077 0.11298076923076929 0.5096153846153846 0.26682692307692313 0.5096153846153846
0 0.4182692307692308 0.44711538461538464 0.2692307692307693 0.44711538461538464 0.2692307692307693 0.5384615384615384 0.4182692307692308 0.5384615384615384
0 0.4423076923076924 0.5384615384615384 0.2908653846153847 0.5384615384615384 0.2908653846153847 0.6274038461538461 0.44230769230769246 0.6274038461538461
0 0.3437500000000001 0.59375 0.18750000000000006 0.59375 0.18750000000000006 0.6947115384615384 0.3437500000000001 0.6947115384615384
0 0.18750000000000006 0.6971153846153846 0.04807692307692316 0.6971153846153846 0.04807692307692317 0.7836538461538461 0.18750000000000006 0.7836538461538461