0 1 0.41105769230769246 0.8413461538461539 0.41105769230769246 0.8413461538461539 0.5360576923076924 1 0.5360576923076924
0 0.9495192307692307 0.5216346153846155 0.8173076923076923 0.5216346153846155 0.8173076923076923 0.6298076923076923 0.9495192307692307 0.6298076923076923
0 0.7355769230769231 0.8725961538461539 0.5673076923076924 0.8725961538461539 0.5673076923076924 1 0.7355769230769231 1
0 0.6346153846153846 0.6947115384615384 0.44711538461538475 0.6947115384615384 0.44711538461538475 0.8173076923076923 0.6346153846153846 0.8173076923076923
0 0.4927884615384617 0.8533653846153846 0.31009615384615397 0.8533653846153846 0.31009615384615397 0.9783653846153846 0.4927884615384617 0.9783653846153846
0 0.8197115384615384 0.36057692307692324 0.6634615384615384 0.36057692307692324 0.6634615384615384 0.47836538461538475 0.8197115384615384 0.47836538461538475
0 0.6322115384615384 0.2524038461538462 0.4375 0.2524038461538462 0.4375 0.39182692307692313 0.6322115384615384 0.39182692307692324
0 0.6274038461538461 0.4615384615384616 0.4519230769230769 0.46153846153846156 0.451923076923077 0.5793269230769231 0.6274038461538461 0.5793269230769232
0 0.5216346153846155 0.5625 0.37259615384615397 0.5625 0.37259615384615397 0.6730769230769231 0.5216346153846155 0.6730769230769231
0 0.22115384615384623 0.625 0.04567307692307699 0.625 0.045673076923077 0.7403846153846154 0.22115384615384623 0.7403846153846154
0 0.13701923076923084 0.5240384615384616 6.417620245531803e-17 0.5240384615384616 7.094708620060387e-17 0.6346153846153846 0.13701923076923084 0.6346153846153846
0 0.41346153846153855 0.5192307692307693 0.2283653846153847 0.5192307692307693 0.2283653846153847 0.6490384615384616 0.4134615384615386 0.6490384615384616
0 0.26201923076923084 0.4855769230769231 0.11538461538461545 0.4855769230769231 0.11538461538461545 0.5865384615384616 0.26201923076923084 0.5865384615384616
0 0.4206730769230769 0.4519230769230769 0.26682692307692313 0.4519230769230769 0.26682692307692313 0.5528846153846154 0.4206730769230769 0.5528846153846154
0 0.44471153846153844 0.36538461538461536 0.29326923076923084 0.36538461538461536 0.29326923076923084 0.45913461538461536 0.44471153846153844 0.45913461538461536
0 0.34615384615384615 0.3004807692307693 0.19230769230769237 0.3004807692307692 0.19230769230769237 0.39663461538461536 0.34615384615384615 0.39663461538461536
0 0.19711538461538464 0.20192307692307693 0.05769230769230771 0.20192307692307693 0.057692307692307716 0.29086538461538464 0.1971153846153847 0.29086538461538464