0 0.6682692307692307 7.727639057119718e-17 0.59375 7.27134036993741e-17 0.59375 0.16826923076923084 0.6682692307692307 0.16826923076923084
0 0.5576923076923077 0.0552884615384616 0.4855769230769231 0.05528846153846159 0.4855769230769231 0.1658653846153847 0.5576923076923077 0.1658653846153847
0 0.08173076923076925 0.01682692307692308 2.060703748565258e-18 0.016826923076923076 1.1922643116698992e-17 0.1778846153846154 0.08173076923076926 0.1778846153846154
0 0.15144230769230774 0.17548076923076922 0.07451923076923078 0.17548076923076922 0.0745192307692308 0.3173076923076923 0.15144230769230774 0.3173076923076923
0 0.29807692307692313 0.31490384615384615 0.2283653846153847 0.31490384615384615 0.2283653846153847 0.4831730769230769 0.29807692307692313 0.4831730769230769
0 0.11057692307692313 0.41586538461538464 0.03605769230769236 0.41586538461538464 0.03605769230769237 0.5769230769230769 0.11057692307692314 0.5769230769230769
0 0.6778846153846154 0.2163461538461539 0.5985576923076923 0.2163461538461539 0.5985576923076923 0.35336538461538475 0.6778846153846154 0.35336538461538475
0 0.7283653846153846 0.4254807692307694 0.6346153846153846 0.4254807692307694 0.6346153846153846 0.5961538461538463 0.7283653846153846 0.5961538461538463
0 0.5264423076923077 0.37740384615384615 0.4519230769230769 0.37740384615384615 0.4519230769230769 0.5360576923076923 0.5264423076923077 0.5360576923076923
0 0.4110576923076924 0.4567307692307692 0.33413461538461536 0.4567307692307692 0.3341346153846155 0.5913461538461539 0.41105769230769246 0.5913461538461539
0 0.2668269230769232 0.7331730769230769 0.20432692307692316 0.7331730769230769 0.20432692307692318 0.8894230769230769 0.26682692307692324 0.8894230769230769
0 0.35817307692307704 0.8389423076923077 0.2764423076923078 0.8389423076923077 0.2764423076923078 0.9663461538461539 0.35817307692307704 0.9663461538461539
0 0.41586538461538475 0.5721153846153846 0.33413461538461553 0.5721153846153846 0.33413461538461553 0.7355769230769231 0.41586538461538475 0.7355769230769231
0 0.4254807692307694 0.7259615384615384 0.3557692307692309 0.7259615384615384 0.3557692307692309 0.8629807692307693 0.4254807692307694 0.8629807692307693
0 0.4927884615384617 0.5817307692307693 0.42788461538461553 0.5817307692307693 0.42788461538461553 0.7211538461538461 0.4927884615384617 0.7211538461538461
0 0.5769230769230771 0.5793269230769231 0.5312500000000001 0.5793269230769231 0.5312500000000001 0.71875 0.5769230769230771 0.71875
0 0.6225961538461539 0.6899038461538461 0.5625000000000001 0.6899038461538461 0.5625000000000001 0.8317307692307693 0.6225961538461539 0.8317307692307693
0 0.6850961538461539 0.8605769230769231 0.625 0.8605769230769231 0.625 0.9903846153846154 0.6850961538461539 0.9903846153846154