0 0.3317307692307694 0.7836538461538461 0.20913461538461545 0.7836538461538461 0.20913461538461547 0.8725961538461539 0.3317307692307694 0.8725961538461539
0 0.20913461538461547 0.7548076923076923 0.10096153846153856 0.7548076923076923 0.10096153846153856 0.8413461538461539 0.20913461538461553 0.8413461538461539
0 0.264423076923077 0.5841346153846154 0.17067307692307698 0.5841346153846154 0.17067307692307698 0.6514423076923077 0.264423076923077 0.6514423076923077
0 0.3774038461538462 0.5096153846153846 0.27644230769230776 0.5096153846153846 0.27644230769230776 0.6057692307692307 0.3774038461538463 0.6057692307692307
0 0.3870192307692309 0.6009615384615384 0.2908653846153847 0.6009615384615384 0.2908653846153847 0.6802884615384616 0.3870192307692309 0.6802884615384616
0 0.29086538461538464 0.2692307692307693 0.18990384615384615 0.2692307692307692 0.1899038461538462 0.34375 0.2908653846153847 0.34375
0 0.47355769230769246 0.5625 0.37259615384615397 0.5625 0.37259615384615397 0.6490384615384616 0.47355769230769246 0.6490384615384616
0 0.5817307692307694 0.6225961538461539 0.5000000000000001 0.6225961538461539 0.5000000000000001 0.6802884615384616 0.5817307692307694 0.6802884615384616
0 0.4014423076923078 0.5649038461538461 0.3197115384615386 0.5649038461538461 0.3197115384615386 0.6346153846153846 0.4014423076923078 0.6346153846153846
0 0.4014423076923077 0.18269230769230776 0.32211538461538464 0.18269230769230776 0.32211538461538464 0.23557692307692316 0.4014423076923077 0.23557692307692316
0 0.42788461538461536 0.038461538461538505 0.32211538461538464 0.0384615384615385 0.32211538461538464 0.12019230769230774 0.42788461538461536 0.12019230769230776
0 0.5673076923076923 0.3100961538461539 0.46875 0.31009615384615385 0.46875 0.39182692307692313 0.5673076923076923 0.39182692307692324
0 0.6057692307692307 0.420673076923077 0.5120192307692307 0.4206730769230769 0.5120192307692307 0.48076923076923084 0.6057692307692307 0.4807692307692309
0 0.7884615384615384 0.49038461538461553 0.6971153846153846 0.49038461538461553 0.6971153846153846 0.5576923076923078 0.7884615384615384 0.5576923076923078
0 0.7860576923076923 0.6201923076923077 0.6947115384615384 0.6201923076923077 0.6947115384615384 0.7115384615384616 0.7860576923076923 0.7115384615384616
0 0.9350961538461539 0.6899038461538461 0.8509615384615384 0.6899038461538461 0.8509615384615384 0.7788461538461539 0.9350961538461539 0.7788461538461539