0 0.6875 0.0817307692307693 0.5721153846153846 0.0817307692307693 0.5721153846153846 0.16346153846153852 0.6875 0.16346153846153852
0 0.8004807692307693 0.08413461538461549 0.7019230769230769 0.08413461538461549 0.7019230769230769 0.15625000000000006 0.8004807692307693 0.15625000000000006
0 0.7884615384615384 0.27644230769230776 0.6947115384615384 0.27644230769230776 0.6947115384615384 0.3437500000000001 0.7884615384615384 0.3437500000000001
0 0.6947115384615384 0.3557692307692309 0.6057692307692307 0.3557692307692309 0.6057692307692307 0.4399038461538463 0.6947115384615384 0.4399038461538463
0 0.6610576923076923 0.2860576923076924 0.5721153846153846 0.2860576923076924 0.5721153846153846 0.3557692307692309 0.6610576923076923 0.3557692307692309
0 0.8533653846153846 0.5817307692307694 0.7548076923076923 0.5817307692307694 0.7548076923076923 0.6514423076923077 0.8533653846153846 0.6514423076923077
0 0.5913461538461539 0.3413461538461539 0.5 0.34134615384615385 0.5 0.4158653846153847 0.5913461538461539 0.41586538461538475
0 0.45913461538461536 0.3389423076923077 0.3798076923076923 0.3389423076923077 0.3798076923076923 0.3942307692307692 0.45913461538461536 0.3942307692307692
0 0.6466346153846154 0.33413461538461553 0.5697115384615384 0.33413461538461553 0.5697115384615384 0.3990384615384617 0.6466346153846154 0.3990384615384617
0 0.7548076923076923 0.7163461538461539 0.6730769230769231 0.7163461538461539 0.6730769230769231 0.7692307692307693 0.7548076923076923 0.7692307692307693
0 0.7860576923076923 0.8365384615384616 0.6899038461538461 0.8365384615384616 0.6899038461538461 0.90625 0.7860576923076923 0.90625
0 0.5697115384615385 0.6129807692307693 0.47836538461538475 0.6129807692307693 0.47836538461538475 0.6850961538461539 0.5697115384615385 0.6850961538461539
0 0.5024038461538463 0.5432692307692307 0.41346153846153844 0.5432692307692307 0.41346153846153855 0.5889423076923077 0.5024038461538463 0.5889423076923077
0 0.3052884615384616 0.5168269230769231 0.21875000000000006 0.5168269230769231 0.21875000000000006 0.5769230769230769 0.3052884615384616 0.5769230769230769
0 0.26682692307692313 0.36778846153846156 0.18028846153846162 0.36778846153846156 0.18028846153846162 0.4519230769230769 0.26682692307692313 0.4519230769230769
0 0.09375000000000006 0.34615384615384615 0.02403846153846158 0.34615384615384615 0.024038461538461585 0.4230769230769231 0.09375000000000007 0.4230769230769231