0 0.16826923076923084 0.28365384615384615 0.10096153846153849 0.28365384615384615 0.10096153846153849 0.3918269230769231 0.16826923076923084 0.3918269230769231
0 0.17548076923076922 0.17067307692307693 0.11057692307692311 0.17067307692307693 0.11057692307692311 0.2620192307692308 0.17548076923076922 0.2620192307692308
0 0.3581730769230769 0.20192307692307698 0.30528846153846156 0.20192307692307698 0.30528846153846156 0.2860576923076924 0.3581730769230769 0.2860576923076924
0 0.44711538461538464 0.3028846153846155 0.37259615384615385 0.3028846153846155 0.37259615384615385 0.38221153846153844 0.44711538461538464 0.38221153846153844
0 0.3629807692307692 0.3269230769230769 0.3004807692307693 0.3269230769230769 0.3004807692307693 0.4110576923076923 0.3629807692307692 0.4110576923076923
0 0.6682692307692307 0.16105769230769237 0.6153846153846154 0.16105769230769237 0.6153846153846154 0.2524038461538462 0.6682692307692307 0.2524038461538462
0 0.41586538461538464 0.4014423076923077 0.3485576923076923 0.4014423076923077 0.3485576923076923 0.4879807692307692 0.41586538461538464 0.4879807692307692
0 0.38221153846153855 0.53125 0.3389423076923077 0.53125 0.33894230769230776 0.6057692307692307 0.3822115384615386 0.6057692307692307
0 0.4014423076923077 0.3485576923076923 0.35096153846153844 0.3485576923076923 0.35096153846153844 0.41586538461538464 0.4014423076923077 0.41586538461538464
0 0.7788461538461539 0.2716346153846155 0.7427884615384616 0.2716346153846155 0.7427884615384616 0.3461538461538463 0.7788461538461539 0.3461538461538463
0 0.9206730769230769 0.2500000000000001 0.8581730769230769 0.2500000000000001 0.8581730769230769 0.3437500000000001 0.9206730769230769 0.3437500000000001
0 0.6826923076923077 0.44711538461538475 0.6177884615384616 0.44711538461538475 0.6177884615384616 0.5312500000000001 0.6826923076923077 0.5312500000000001
0 0.5793269230769231 0.5072115384615385 0.5432692307692307 0.5072115384615384 0.5432692307692308 0.591346153846154 0.5793269230769232 0.591346153846154
0 0.5480769230769232 0.7043269230769231 0.5000000000000001 0.7043269230769231 0.5000000000000001 0.7836538461538461 0.5480769230769232 0.7836538461538461
0 0.42307692307692324 0.7283653846153846 0.34855769230769246 0.7283653846153846 0.34855769230769246 0.8052884615384616 0.42307692307692324 0.8052884615384616
0 0.3822115384615386 0.8990384615384616 0.31009615384615397 0.8990384615384616 0.31009615384615397 0.9615384615384616 0.3822115384615386 0.9615384615384616