0 0.21394230769230776 0.4639423076923077 0.1538461538461539 0.4639423076923077 0.1538461538461539 0.5408653846153846 0.21394230769230776 0.5408653846153846
0 0.29807692307692313 0.4807692307692308 0.25000000000000006 0.4807692307692308 0.25000000000000006 0.5480769230769231 0.29807692307692313 0.5480769230769231
0 0.37259615384615385 0.4735576923076923 0.3269230769230769 0.4735576923076923 0.3269230769230769 0.5408653846153846 0.37259615384615385 0.5408653846153846
0 0.4519230769230769 0.44711538461538464 0.41346153846153844 0.44711538461538464 0.41346153846153844 0.5096153846153846 0.4519230769230769 0.5096153846153846
0 0.5168269230769231 0.4495192307692308 0.47115384615384615 0.4495192307692308 0.47115384615384615 0.5024038461538461 0.5168269230769231 0.5024038461538461
0 0.5793269230769231 0.4423076923076924 0.5288461538461539 0.4423076923076923 0.5288461538461539 0.49519230769230776 0.5793269230769231 0.4951923076923078
0 0.6418269230769231 0.42307692307692324 0.6033653846153846 0.42307692307692324 0.6033653846153846 0.4711538461538463 0.6418269230769231 0.4711538461538463
0 0.7211538461538461 0.34134615384615397 0.6730769230769231 0.34134615384615397 0.6730769230769231 0.40384615384615397 0.7211538461538461 0.40384615384615397
0 0.6634615384615384 0.3197115384615386 0.6225961538461539 0.3197115384615386 0.6225961538461539 0.38461538461538475 0.6634615384615384 0.38461538461538475
0 0.6081730769230769 0.3149038461538463 0.5721153846153846 0.3149038461538463 0.5721153846153846 0.3701923076923078 0.6081730769230769 0.3701923076923078
0 0.5673076923076923 0.29326923076923084 0.53125 0.29326923076923084 0.53125 0.3461538461538462 0.5673076923076923 0.3461538461538463
0 0.5288461538461539 0.26682692307692313 0.4807692307692308 0.26682692307692313 0.4807692307692308 0.3293269230769231 0.5288461538461539 0.3293269230769231
0 0.4326923076923077 0.18990384615384623 0.38221153846153844 0.18990384615384623 0.38221153846153844 0.25721153846153855 0.4326923076923077 0.25721153846153855
0 0.4807692307692308 0.23076923076923084 0.4423076923076923 0.23076923076923084 0.4423076923076923 0.28846153846153855 0.4807692307692308 0.28846153846153855
0 0.36778846153846156 0.16346153846153852 0.31009615384615385 0.16346153846153852 0.31009615384615385 0.22115384615384623 0.36778846153846156 0.22115384615384623
0 0.3076923076923077 0.14423076923076927 0.2548076923076923 0.14423076923076927 0.2548076923076923 0.19711538461538464 0.3076923076923077 0.1971153846153847
0 0.2548076923076923 0.11057692307692311 0.20432692307692307 0.11057692307692311 0.20432692307692307 0.16826923076923078 0.2548076923076923 0.16826923076923078