0 0.23317307692307698 0.375 0.1538461538461539 0.375 0.1538461538461539 0.46634615384615385 0.23317307692307698 0.46634615384615385
0 0.3125 0.41346153846153844 0.24278846153846162 0.41346153846153844 0.24278846153846162 0.4951923076923077 0.3125 0.4951923076923077
0 0.3870192307692308 0.42788461538461536 0.31971153846153844 0.42788461538461536 0.31971153846153844 0.5072115384615384 0.3870192307692308 0.5072115384615384
0 0.46875 0.4254807692307692 0.41346153846153844 0.4254807692307692 0.41346153846153844 0.49759615384615385 0.46875 0.49759615384615385
0 0.53125 0.4423076923076923 0.46875 0.4423076923076923 0.46875 0.5096153846153846 0.53125 0.5096153846153846
0 0.59375 0.44951923076923084 0.5264423076923077 0.4495192307692308 0.5264423076923077 0.5192307692307693 0.59375 0.5192307692307694
0 0.6586538461538461 0.45192307692307704 0.6033653846153846 0.45192307692307704 0.6033653846153846 0.512019230769231 0.6586538461538461 0.512019230769231
0 0.7548076923076923 0.39182692307692324 0.6923076923076923 0.39182692307692324 0.6923076923076923 0.46634615384615397 0.7548076923076923 0.46634615384615397
0 0.7067307692307693 0.35817307692307704 0.6466346153846154 0.35817307692307704 0.6466346153846154 0.4326923076923078 0.7067307692307693 0.4326923076923078
0 0.6514423076923077 0.34134615384615397 0.6033653846153846 0.34134615384615397 0.6033653846153846 0.40384615384615397 0.6514423076923077 0.40384615384615397
0 0.6201923076923077 0.31009615384615397 0.5697115384615384 0.31009615384615397 0.5697115384615384 0.3701923076923078 0.6201923076923077 0.3701923076923078
0 0.5889423076923077 0.2692307692307693 0.5264423076923077 0.2692307692307693 0.5264423076923077 0.3413461538461539 0.5889423076923077 0.34134615384615397
0 0.5192307692307693 0.16826923076923084 0.44471153846153844 0.16826923076923084 0.44471153846153844 0.2524038461538462 0.5192307692307693 0.2524038461538462
0 0.5528846153846154 0.22355769230769237 0.49759615384615385 0.22355769230769237 0.49759615384615385 0.2908653846153847 0.5528846153846154 0.2908653846153847
0 0.46153846153846156 0.12500000000000006 0.3894230769230769 0.12500000000000003 0.3894230769230769 0.1971153846153847 0.46153846153846156 0.1971153846153847
0 0.40625 0.09375000000000003 0.34134615384615385 0.09375000000000003 0.34134615384615385 0.15865384615384623 0.40625 0.15865384615384623
0 0.36538461538461536 0.04567307692307697 0.2980769230769231 0.045673076923076955 0.2980769230769231 0.11778846153846158 0.36538461538461536 0.11778846153846158