0 0.21875000000000006 0.47115384615384615 0.14903846153846162 0.47115384615384615 0.14903846153846162 0.5552884615384616 0.21875000000000006 0.5552884615384616
0 0.3004807692307693 0.4855769230769231 0.24519230769230776 0.4855769230769231 0.24519230769230776 0.5576923076923077 0.3004807692307693 0.5576923076923077
0 0.37740384615384615 0.47596153846153844 0.32211538461538464 0.47596153846153844 0.32211538461538464 0.5504807692307693 0.37740384615384615 0.5504807692307693
0 0.4519230769230769 0.4495192307692308 0.4110576923076923 0.4495192307692308 0.4110576923076923 0.5144230769230769 0.4519230769230769 0.5144230769230769
0 0.5216346153846154 0.44711538461538464 0.46634615384615385 0.44711538461538464 0.46634615384615385 0.5072115384615384 0.5216346153846154 0.5072115384615384
0 0.5817307692307693 0.43750000000000006 0.5264423076923077 0.4375 0.5264423076923077 0.49519230769230776 0.5817307692307693 0.4951923076923078
0 0.6418269230769231 0.41586538461538475 0.5961538461538461 0.41586538461538475 0.5961538461538461 0.4711538461538463 0.6418269230769231 0.4711538461538463
0 0.71875 0.33413461538461553 0.6682692307692307 0.33413461538461553 0.6682692307692307 0.3990384615384617 0.71875 0.3990384615384617
0 0.6634615384615384 0.3125000000000001 0.6129807692307693 0.3125000000000001 0.6129807692307693 0.3822115384615386 0.6634615384615384 0.3822115384615386
0 0.6057692307692307 0.31009615384615397 0.5649038461538461 0.31009615384615397 0.5649038461538461 0.3677884615384617 0.6057692307692307 0.3677884615384617
0 0.5649038461538461 0.2908653846153847 0.5240384615384616 0.2908653846153847 0.5240384615384616 0.3461538461538462 0.5649038461538461 0.3461538461538463
0 0.5240384615384616 0.264423076923077 0.4735576923076923 0.264423076923077 0.4735576923076923 0.3293269230769231 0.5240384615384616 0.3293269230769231
0 0.42788461538461536 0.19230769230769237 0.36778846153846156 0.19230769230769237 0.36778846153846156 0.264423076923077 0.42788461538461536 0.264423076923077
0 0.4735576923076923 0.23076923076923084 0.4326923076923077 0.23076923076923084 0.4326923076923077 0.2908653846153847 0.4735576923076923 0.2908653846153847
0 0.3605769230769231 0.1658653846153847 0.2980769230769231 0.1658653846153847 0.2980769230769231 0.23076923076923084 0.3605769230769231 0.23076923076923084
0 0.2980769230769231 0.15144230769230774 0.24278846153846154 0.15144230769230774 0.24278846153846154 0.20673076923076927 0.2980769230769231 0.2067307692307693
0 0.24759615384615385 0.11778846153846158 0.1875 0.11778846153846158 0.1875 0.18269230769230768 0.24759615384615385 0.18269230769230768