0 0.7644230769230769 0.09855769230769242 0.7307692307692307 0.09855769230769242 0.7307692307692307 0.1250000000000001 0.7644230769230769 0.1250000000000001
0 0.6971153846153846 0.08894230769230776 0.65625 0.08894230769230776 0.65625 0.12500000000000006 0.6971153846153846 0.12500000000000006
0 0.5985576923076923 0.04326923076923084 0.5552884615384616 0.04326923076923084 0.5552884615384616 0.0865384615384616 0.5985576923076923 0.0865384615384616
0 0.7379807692307693 0.14903846153846162 0.6947115384615384 0.14903846153846162 0.6947115384615384 0.18990384615384623 0.7379807692307693 0.18990384615384623
0 0.6538461538461539 0.14663461538461545 0.6153846153846154 0.14663461538461545 0.6153846153846154 0.17788461538461545 0.6538461538461539 0.17788461538461545
0 0.6658653846153846 0.22355769230769237 0.625 0.22355769230769237 0.625 0.264423076923077 0.6658653846153846 0.264423076923077
0 0.5985576923076923 0.16346153846153852 0.5721153846153846 0.16346153846153852 0.5721153846153846 0.18750000000000006 0.5985576923076923 0.18750000000000006
0 0.5817307692307693 0.14663461538461545 0.5504807692307693 0.14663461538461545 0.5504807692307693 0.17307692307692316 0.5817307692307693 0.17307692307692316
0 0.5625 0.13701923076923084 0.5288461538461539 0.13701923076923084 0.5288461538461539 0.1658653846153847 0.5625 0.1658653846153847
0 0.49759615384615385 0.17307692307692316 0.4519230769230769 0.17307692307692316 0.4519230769230769 0.21875000000000006 0.49759615384615385 0.21875000000000006
0 0.43990384615384615 0.17067307692307698 0.41346153846153844 0.17067307692307698 0.41346153846153844 0.19471153846153852 0.43990384615384615 0.19471153846153852
0 0.4230769230769231 0.19471153846153852 0.3918269230769231 0.19471153846153852 0.3918269230769231 0.21875000000000006 0.4230769230769231 0.21875000000000006
0 0.4423076923076923 0.21875000000000006 0.40625 0.21875000000000006 0.40625 0.2548076923076924 0.4423076923076923 0.2548076923076924
0 0.5120192307692307 0.23557692307692316 0.47836538461538464 0.23557692307692316 0.47836538461538464 0.264423076923077 0.5120192307692307 0.264423076923077
0 0.5552884615384616 0.29807692307692313 0.5192307692307693 0.29807692307692313 0.5192307692307693 0.3293269230769231 0.5552884615384616 0.3293269230769231
0 0.47115384615384615 0.2908653846153847 0.44471153846153844 0.2908653846153847 0.44471153846153844 0.31490384615384615 0.47115384615384615 0.31490384615384615
0 0.49278846153846156 0.3245192307692308 0.4639423076923077 0.3245192307692308 0.4639423076923077 0.34615384615384615 0.49278846153846156 0.34615384615384615
0 0.43990384615384615 0.2860576923076924 0.4014423076923077 0.2860576923076924 0.4014423076923077 0.32211538461538464 0.43990384615384615 0.32211538461538464
0 0.39903846153846156 0.26201923076923084 0.38221153846153844 0.26201923076923084 0.38221153846153844 0.27644230769230776 0.39903846153846156 0.27644230769230776
0 0.3894230769230769 0.22355769230769237 0.3605769230769231 0.22355769230769237 0.3605769230769231 0.2475961538461539 0.3894230769230769 0.2475961538461539
0 0.43509615384615385 0.32211538461538464 0.40865384615384615 0.32211538461538464 0.40865384615384615 0.34615384615384615 0.43509615384615385 0.34615384615384615
0 0.4206730769230769 0.32211538461538464 0.38461538461538464 0.32211538461538464 0.38461538461538464 0.3581730769230769 0.4206730769230769 0.3581730769230769
0 0.3870192307692308 0.3004807692307693 0.35096153846153844 0.3004807692307693 0.35096153846153844 0.3389423076923077 0.3870192307692308 0.3389423076923077
0 0.35096153846153844 0.32211538461538464 0.3245192307692308 0.32211538461538464 0.3245192307692308 0.34615384615384615 0.35096153846153844 0.34615384615384615
0 0.38461538461538464 0.34375 0.3557692307692308 0.34375 0.3557692307692308 0.3701923076923077 0.38461538461538464 0.3701923076923077
0 0.34375 0.4519230769230769 0.3173076923076923 0.4519230769230769 0.3173076923076923 0.47836538461538464 0.34375 0.47836538461538464
0 0.31490384615384615 0.39663461538461536 0.28125000000000006 0.39663461538461536 0.28125000000000006 0.4230769230769231 0.31490384615384615 0.4230769230769231
0 0.31490384615384615 0.3605769230769231 0.28846153846153855 0.3605769230769231 0.28846153846153855 0.38461538461538464 0.31490384615384615 0.38461538461538464
0 0.24519230769230776 0.3485576923076923 0.21153846153846162 0.3485576923076923 0.21153846153846162 0.38221153846153844 0.24519230769230776 0.38221153846153844
0 0.3173076923076923 0.25000000000000006 0.2860576923076923 0.25000000000000006 0.2860576923076923 0.2788461538461539 0.3173076923076923 0.2788461538461539
0 0.29807692307692313 0.2524038461538462 0.2668269230769231 0.25240384615384615 0.26682692307692313 0.28605769230769235 0.29807692307692313 0.2860576923076924
0 0.16346153846153852 0.43509615384615385 0.13701923076923084 0.43509615384615385 0.13701923076923084 0.46153846153846156 0.16346153846153852 0.46153846153846156
0 0.1754807692307693 0.40625 0.14903846153846156 0.40625 0.1490384615384616 0.4326923076923077 0.1754807692307693 0.4326923076923077
0 0.12259615384615388 0.3485576923076923 0.09855769230769235 0.3485576923076923 0.09855769230769235 0.375 0.12259615384615388 0.375
0 0.17788461538461545 0.3125 0.15144230769230774 0.3125 0.15144230769230774 0.3389423076923077 0.17788461538461545 0.3389423076923077
0 0.19230769230769232 0.24519230769230768 0.16105769230769232 0.24519230769230768 0.16105769230769232 0.27163461538461536 0.19230769230769232 0.27163461538461536
0 0.06730769230769235 0.21875 0.0384615384615385 0.21875 0.0384615384615385 0.25240384615384615 0.06730769230769235 0.25240384615384615
0 0.052884615384615405 0.14423076923076922 0.031250000000000014 0.14423076923076922 0.031250000000000014 0.16105769230769232 0.052884615384615405 0.16105769230769232
0 0.14903846153846154 0.05528846153846156 0.125 0.05528846153846156 0.125 0.06490384615384617 0.14903846153846154 0.06490384615384617