0 0.2956730769230769 0.08653846153846158 0.2668269230769231 0.08653846153846158 0.2668269230769231 0.10336538461538465 0.2956730769230769 0.10336538461538465
0 0.36778846153846156 0.08173076923076926 0.33413461538461536 0.08173076923076926 0.33413461538461536 0.10817307692307696 0.36778846153846156 0.10817307692307696
0 0.4735576923076923 0.040865384615384664 0.4375 0.040865384615384664 0.4375 0.07932692307692314 0.4735576923076923 0.07932692307692314
0 0.3269230769230769 0.13942307692307696 0.29086538461538464 0.13942307692307696 0.29086538461538464 0.17067307692307698 0.3269230769230769 0.17067307692307698
0 0.40625 0.1418269230769231 0.375 0.1418269230769231 0.375 0.1658653846153847 0.40625 0.1658653846153847
0 0.3894230769230769 0.2163461538461539 0.3581730769230769 0.2163461538461539 0.3581730769230769 0.2475961538461539 0.3894230769230769 0.2475961538461539
0 0.4495192307692308 0.16105769230769237 0.4254807692307692 0.16105769230769237 0.4254807692307692 0.18028846153846162 0.4495192307692308 0.18028846153846162
0 0.47115384615384615 0.14663461538461545 0.44711538461538464 0.14663461538461545 0.44711538461538464 0.1658653846153847 0.47115384615384615 0.1658653846153847
0 0.4951923076923077 0.13701923076923084 0.4639423076923077 0.13701923076923084 0.4639423076923077 0.16346153846153852 0.4951923076923077 0.16346153846153852
0 0.5649038461538461 0.17788461538461545 0.5288461538461539 0.17788461538461545 0.5288461538461539 0.2163461538461539 0.5649038461538461 0.2163461538461539
0 0.6057692307692307 0.18028846153846162 0.5865384615384616 0.18028846153846162 0.5865384615384616 0.19471153846153852 0.6057692307692307 0.19471153846153852
0 0.6298076923076923 0.20432692307692316 0.6009615384615384 0.20432692307692316 0.6009615384615384 0.22355769230769237 0.6298076923076923 0.22355769230769237
0 0.6105769230769231 0.2283653846153847 0.5817307692307693 0.2283653846153847 0.5817307692307693 0.25721153846153855 0.6105769230769231 0.25721153846153855
0 0.5360576923076923 0.24038461538461545 0.5096153846153846 0.24038461538461545 0.5096153846153846 0.26201923076923084 0.5360576923076923 0.26201923076923084
0 0.49278846153846156 0.29807692307692313 0.4639423076923077 0.29807692307692313 0.4639423076923077 0.32211538461538464 0.49278846153846156 0.32211538461538464
0 0.5673076923076923 0.295673076923077 0.5456730769230769 0.295673076923077 0.5456730769230769 0.3100961538461539 0.5673076923076923 0.31009615384615397
0 0.5456730769230769 0.3317307692307692 0.5216346153846154 0.3317307692307692 0.5216346153846154 0.34615384615384615 0.5456730769230769 0.34615384615384615
0 0.6105769230769231 0.29807692307692313 0.5793269230769231 0.29807692307692313 0.5793269230769231 0.32692307692307704 0.6105769230769231 0.32692307692307704
0 0.6322115384615384 0.2716346153846155 0.6177884615384616 0.2716346153846155 0.6177884615384616 0.28125000000000006 0.6322115384615384 0.28125000000000006
0 0.65625 0.23557692307692316 0.6322115384615384 0.23557692307692316 0.6322115384615384 0.2524038461538462 0.65625 0.2524038461538462
0 0.6009615384615384 0.33413461538461553 0.5793269230769231 0.33413461538461553 0.5793269230769231 0.34855769230769246 0.6009615384615384 0.34855769230769246
0 0.625 0.3317307692307694 0.59375 0.3317307692307694 0.59375 0.36538461538461553 0.625 0.36538461538461553
0 0.6586538461538461 0.3149038461538463 0.6322115384615384 0.3149038461538463 0.6322115384615384 0.3437500000000001 0.6586538461538461 0.3437500000000001
0 0.6875 0.3365384615384617 0.6658653846153846 0.3365384615384617 0.6658653846153846 0.3509615384615386 0.6875 0.3509615384615386
0 0.6538461538461539 0.3557692307692309 0.6298076923076923 0.3557692307692309 0.6298076923076923 0.3750000000000001 0.6538461538461539 0.3750000000000001
0 0.6826923076923077 0.46634615384615397 0.6610576923076923 0.46634615384615397 0.6610576923076923 0.48557692307692324 0.6826923076923077 0.48557692307692324
0 0.7235576923076923 0.41586538461538475 0.6947115384615384 0.41586538461538475 0.6947115384615384 0.43509615384615397 0.7235576923076923 0.43509615384615397
0 0.71875 0.37980769230769246 0.6947115384615384 0.37980769230769246 0.6947115384615384 0.3942307692307694 0.71875 0.3942307692307694
0 0.7908653846153846 0.37259615384615397 0.7692307692307693 0.37259615384615397 0.7692307692307693 0.39663461538461553 0.7908653846153846 0.39663461538461553
0 0.7283653846153846 0.26682692307692313 0.7043269230769231 0.26682692307692313 0.7043269230769231 0.28846153846153855 0.7283653846153846 0.28846153846153855
0 0.7475961538461539 0.2740384615384616 0.7259615384615384 0.2740384615384616 0.7259615384615384 0.3004807692307693 0.7475961538461539 0.3004807692307693
0 0.8629807692307693 0.4639423076923078 0.8413461538461539 0.4639423076923078 0.8413461538461539 0.4807692307692309 0.8629807692307693 0.4807692307692309
0 0.8557692307692307 0.4375000000000001 0.8341346153846154 0.4375000000000001 0.8341346153846154 0.45432692307692324 0.8557692307692307 0.45432692307692324
0 0.9086538461538461 0.3774038461538463 0.8870192307692307 0.3774038461538463 0.8870192307692307 0.4014423076923078 0.9086538461538461 0.4014423076923078
0 0.8581730769230769 0.3437500000000001 0.8365384615384616 0.3437500000000001 0.8365384615384616 0.35817307692307704 0.8581730769230769 0.35817307692307704
0 0.8557692307692307 0.2716346153846155 0.8293269230769231 0.2716346153846155 0.8293269230769231 0.2908653846153847 0.8557692307692307 0.29086538461538475
0 0.9759615384615384 0.25480769230769246 0.9519230769230769 0.25480769230769246 0.9519230769230769 0.27884615384615397 0.9759615384615384 0.27884615384615397
0 0.9903846153846154 0.18028846153846168 0.9711538461538461 0.18028846153846168 0.9711538461538461 0.18990384615384628 0.9903846153846154 0.18990384615384628
0 0.9086538461538461 0.06730769230769242 0.8870192307692307 0.06730769230769242 0.8870192307692307 0.08653846153846165 0.9086538461538461 0.08653846153846165