0 0.07932692307692311 0.3245192307692308 0.06009615384615388 0.3245192307692308 0.06009615384615389 0.3557692307692308 0.07932692307692311 0.3557692307692308
0 0.0961538461538462 0.3918269230769231 0.06250000000000006 0.3918269230769231 0.06250000000000006 0.43028846153846156 0.09615384615384623 0.43028846153846156
0 0.07932692307692314 0.49759615384615385 0.03846153846153853 0.49759615384615385 0.03846153846153853 0.5360576923076923 0.07932692307692314 0.5360576923076923
0 0.14663461538461542 0.3389423076923077 0.11538461538461542 0.3389423076923077 0.11538461538461542 0.375 0.14663461538461542 0.375
0 0.1538461538461539 0.4254807692307692 0.12980769230769237 0.4254807692307692 0.12980769230769237 0.4567307692307692 0.1538461538461539 0.4567307692307692
0 0.23557692307692316 0.39663461538461536 0.20192307692307698 0.39663461538461536 0.20192307692307698 0.43028846153846156 0.23557692307692316 0.43028846153846156
0 0.1754807692307693 0.47115384615384615 0.15625000000000006 0.47115384615384615 0.15625000000000006 0.49759615384615385 0.1754807692307693 0.49759615384615385
0 0.16346153846153852 0.49278846153846156 0.14182692307692316 0.49278846153846156 0.14182692307692316 0.5192307692307693 0.16346153846153852 0.5192307692307693
0 0.16346153846153852 0.5120192307692307 0.1346153846153847 0.5120192307692307 0.1346153846153847 0.5456730769230769 0.16346153846153852 0.5456730769230769
0 0.22596153846153852 0.5673076923076923 0.18269230769230776 0.5673076923076923 0.18269230769230776 0.6081730769230769 0.22596153846153852 0.6081730769230769
0 0.21153846153846162 0.6274038461538461 0.19471153846153852 0.6274038461538461 0.19471153846153852 0.6490384615384616 0.21153846153846162 0.6490384615384616
0 0.24519230769230776 0.6370192307692307 0.22115384615384623 0.6370192307692307 0.22115384615384623 0.6682692307692307 0.24519230769230776 0.6682692307692307
0 0.2740384615384616 0.6153846153846154 0.24278846153846162 0.6153846153846154 0.24278846153846162 0.6466346153846154 0.2740384615384616 0.6466346153846154
0 0.26682692307692313 0.5432692307692307 0.24278846153846162 0.5432692307692307 0.24278846153846162 0.5721153846153846 0.26682692307692313 0.5721153846153846
0 0.3245192307692308 0.4879807692307692 0.295673076923077 0.4879807692307692 0.295673076923077 0.5216346153846154 0.3245192307692308 0.5216346153846154
0 0.32211538461538475 0.5697115384615384 0.3028846153846155 0.5697115384615384 0.3028846153846155 0.59375 0.32211538461538475 0.59375
0 0.3533653846153847 0.5432692307692307 0.33413461538461536 0.5432692307692307 0.3341346153846155 0.5697115384615384 0.35336538461538475 0.5697115384615384
0 0.34134615384615397 0.6033653846153846 0.31009615384615397 0.6033653846153846 0.31009615384615397 0.6370192307692307 0.34134615384615397 0.6370192307692307
0 0.3028846153846155 0.6466346153846154 0.2908653846153847 0.6466346153846154 0.2908653846153847 0.6634615384615384 0.3028846153846155 0.6634615384615384
0 0.27644230769230776 0.6658653846153846 0.25721153846153855 0.6658653846153846 0.25721153846153855 0.6923076923076923 0.27644230769230776 0.6923076923076923
0 0.3629807692307694 0.5985576923076923 0.3437500000000001 0.5985576923076923 0.3437500000000001 0.6225961538461539 0.3629807692307694 0.6225961538461539
0 0.37980769230769246 0.6129807692307693 0.3461538461538463 0.6129807692307693 0.3461538461538463 0.6442307692307693 0.37980769230769246 0.6442307692307693
0 0.3677884615384617 0.6514423076923077 0.3365384615384617 0.6514423076923077 0.3365384615384617 0.6802884615384616 0.3677884615384617 0.6802884615384616
0 0.37980769230769246 0.6826923076923077 0.36057692307692324 0.6826923076923077 0.36057692307692324 0.7091346153846154 0.37980769230769246 0.7091346153846154
0 0.39663461538461553 0.6442307692307693 0.3750000000000001 0.6442307692307693 0.3750000000000001 0.6706730769230769 0.39663461538461553 0.6706730769230769
0 0.512019230769231 0.6634615384615384 0.4927884615384617 0.6634615384615384 0.4927884615384617 0.6850961538461539 0.512019230769231 0.6850961538461539
0 0.46634615384615397 0.7019230769230769 0.4447115384615386 0.7019230769230769 0.4447115384615386 0.7355769230769231 0.46634615384615397 0.7355769230769231
0 0.42307692307692324 0.7091346153846154 0.4086538461538463 0.7091346153846154 0.4086538461538463 0.7355769230769231 0.42307692307692324 0.7355769230769231
0 0.4375000000000001 0.78125 0.41105769230769246 0.78125 0.41105769230769246 0.8052884615384616 0.4375000000000001 0.8052884615384616
0 0.32211538461538475 0.7331730769230769 0.29807692307692313 0.7331730769230769 0.29807692307692313 0.7596153846153846 0.32211538461538475 0.7596153846153846
0 0.3365384615384617 0.75 0.3076923076923078 0.75 0.3076923076923078 0.7740384615384616 0.3365384615384617 0.7740384615384616
0 0.5312500000000001 0.8413461538461539 0.5096153846153848 0.8413461538461539 0.5096153846153848 0.8653846153846154 0.5312500000000001 0.8653846153846154
0 0.5048076923076924 0.8365384615384616 0.48317307692307704 0.8365384615384616 0.48317307692307704 0.8605769230769231 0.5048076923076924 0.8605769230769231
0 0.45913461538461553 0.8990384615384616 0.4326923076923078 0.8990384615384616 0.4326923076923078 0.9230769230769231 0.45913461538461553 0.9230769230769231
0 0.41105769230769246 0.8533653846153846 0.38942307692307704 0.8533653846153846 0.38942307692307704 0.8774038461538461 0.41105769230769246 0.8774038461538461
0 0.34134615384615397 0.8557692307692307 0.3197115384615386 0.8557692307692307 0.3197115384615386 0.8822115384615384 0.34134615384615397 0.8822115384615384
0 0.3461538461538463 0.9783653846153846 0.31730769230769246 0.9783653846153846 0.31730769230769246 1 0.3461538461538463 1
0 0.14903846153846165 0.9399038461538461 0.1250000000000001 0.9399038461538461 0.1250000000000001 0.9639423076923077 0.14903846153846165 0.9639423076923077