0 0.3942307692307694 0.9326923076923077 0.36057692307692324 0.9326923076923077 0.36057692307692324 0.9543269230769231 0.3942307692307694 0.9543269230769231
0 0.46634615384615397 0.9110576923076923 0.42788461538461553 0.9110576923076923 0.42788461538461553 0.9447115384615384 0.46634615384615397 0.9447115384615384
0 0.5769230769230771 0.9206730769230769 0.5360576923076924 0.9206730769230769 0.5360576923076924 0.9639423076923077 0.5769230769230771 0.9639423076923077
0 0.4086538461538463 0.8653846153846154 0.37259615384615397 0.8653846153846154 0.37259615384615397 0.8990384615384616 0.4086538461538463 0.8990384615384616
0 0.49038461538461553 0.8485576923076923 0.45432692307692324 0.8485576923076923 0.45432692307692324 0.8774038461538461 0.49038461538461553 0.8774038461538461
0 0.45432692307692324 0.7716346153846154 0.4182692307692309 0.7716346153846154 0.4182692307692309 0.8076923076923077 0.45432692307692324 0.8076923076923077
0 0.5264423076923078 0.8245192307692307 0.5000000000000001 0.8245192307692307 0.5000000000000001 0.8461538461538461 0.5264423076923078 0.8461538461538461
0 0.5504807692307694 0.8341346153846154 0.5240384615384617 0.8341346153846154 0.5240384615384617 0.8557692307692307 0.5504807692307694 0.8557692307692307
0 0.5721153846153848 0.8341346153846154 0.5456730769230771 0.8341346153846154 0.5456730769230771 0.8581730769230769 0.5721153846153848 0.8581730769230769
0 0.6346153846153846 0.7644230769230769 0.5937500000000001 0.7644230769230769 0.5937500000000001 0.8052884615384616 0.6346153846153846 0.8052884615384616
0 0.6778846153846154 0.7764423076923077 0.6514423076923077 0.7764423076923077 0.6514423076923077 0.7956730769230769 0.6778846153846154 0.7956730769230769
0 0.6899038461538461 0.7427884615384616 0.6610576923076923 0.7427884615384616 0.6610576923076923 0.7644230769230769 0.6899038461538461 0.7644230769230769
0 0.6658653846153846 0.7163461538461539 0.6370192307692307 0.7163461538461539 0.6370192307692307 0.7451923076923077 0.6658653846153846 0.7451923076923077
0 0.5937500000000001 0.7283653846153846 0.5649038461538463 0.7283653846153846 0.5649038461538463 0.7524038461538461 0.5937500000000001 0.7524038461538461
0 0.5384615384615385 0.6754807692307693 0.5048076923076924 0.6754807692307693 0.5048076923076924 0.7043269230769231 0.5384615384615385 0.7043269230769231
0 0.6105769230769232 0.6706730769230769 0.5865384615384617 0.6706730769230769 0.5865384615384617 0.6899038461538461 0.6105769230769232 0.6899038461538461
0 0.5817307692307694 0.6418269230769231 0.5552884615384617 0.6418269230769231 0.5552884615384617 0.6610576923076923 0.5817307692307694 0.6610576923076923
0 0.6514423076923077 0.6490384615384616 0.6201923076923077 0.6490384615384616 0.6201923076923077 0.6802884615384616 0.6514423076923077 0.6802884615384616
0 0.6826923076923077 0.6826923076923077 0.6658653846153846 0.6826923076923077 0.6658653846153846 0.6947115384615384 0.6826923076923077 0.6947115384615384
0 0.7139423076923077 0.7067307692307693 0.6875 0.7067307692307693 0.6875 0.7283653846153846 0.7139423076923077 0.7283653846153846
0 0.6346153846153846 0.6274038461538461 0.6105769230769232 0.6274038461538461 0.6105769230769232 0.6442307692307693 0.6346153846153846 0.6442307692307693
0 0.65625 0.605769230769231 0.6225961538461539 0.605769230769231 0.6225961538461539 0.6418269230769231 0.65625 0.6418269230769231
0 0.6947115384615384 0.6177884615384616 0.6634615384615384 0.6177884615384616 0.6634615384615384 0.6514423076923077 0.6947115384615384 0.6514423076923077
0 0.7211538461538461 0.6033653846153848 0.6947115384615384 0.6033653846153848 0.6947115384615384 0.6225961538461539 0.7211538461538461 0.6225961538461539
0 0.6802884615384616 0.5889423076923078 0.6538461538461539 0.5889423076923078 0.6538461538461539 0.6105769230769232 0.6802884615384616 0.6105769230769232
0 0.6850961538461539 0.47355769230769246 0.6634615384615384 0.47355769230769246 0.6634615384615384 0.4951923076923078 0.6850961538461539 0.4951923076923078
0 0.7379807692307693 0.5168269230769232 0.7043269230769231 0.5168269230769232 0.7043269230769231 0.5408653846153848 0.7379807692307693 0.5408653846153848
0 0.7403846153846154 0.5552884615384617 0.7139423076923077 0.5552884615384617 0.7139423076923077 0.574519230769231 0.7403846153846154 0.574519230769231
0 0.8149038461538461 0.5336538461538463 0.7860576923076923 0.5336538461538463 0.7860576923076923 0.5673076923076924 0.8149038461538461 0.5673076923076924
0 0.7740384615384616 0.65625 0.7451923076923077 0.65625 0.7451923076923077 0.6826923076923077 0.7740384615384616 0.6826923076923077
0 0.7908653846153846 0.6442307692307693 0.7644230769230769 0.6442307692307693 0.7644230769230769 0.6730769230769231 0.7908653846153846 0.6730769230769231
0 0.8629807692307693 0.4375000000000001 0.8365384615384616 0.4375000000000001 0.8365384615384616 0.4615384615384617 0.8629807692307693 0.4615384615384617
0 0.8605769230769231 0.4687500000000001 0.8365384615384616 0.4687500000000001 0.8365384615384616 0.49038461538461553 0.8605769230769231 0.49038461538461553
0 0.9278846153846154 0.5048076923076924 0.9038461538461539 0.5048076923076924 0.9038461538461539 0.5336538461538463 0.9278846153846154 0.5336538461538463
0 0.8870192307692307 0.5576923076923078 0.8605769230769231 0.5576923076923078 0.8605769230769231 0.5793269230769232 0.8870192307692307 0.5793269230769232
0 0.8966346153846154 0.625 0.8653846153846154 0.625 0.8653846153846154 0.6490384615384616 0.8966346153846154 0.6490384615384616
0 1 0.6105769230769232 0.9903846153846154 0.6105769230769232 0.9903846153846154 0.6370192307692307 1 0.6370192307692307
0 0.9951923076923077 0.8100961538461539 0.96875 0.8100961538461539 0.96875 0.8365384615384616 0.9951923076923077 0.8365384615384616