0 0.8485576923076923 0.17548076923076933 0.8293269230769231 0.1754807692307693 0.8293269230769231 0.20432692307692318 0.8485576923076923 0.2043269230769232
0 0.8725961538461539 0.24038461538461553 0.8413461538461539 0.24038461538461553 0.8413461538461539 0.2764423076923078 0.8725961538461539 0.2764423076923078
0 0.9350961538461539 0.3317307692307694 0.8966346153846154 0.3317307692307694 0.8966346153846154 0.3677884615384617 0.9350961538461539 0.3677884615384617
0 0.8052884615384616 0.21394230769230776 0.7740384615384616 0.21394230769230776 0.7740384615384616 0.25000000000000006 0.8052884615384616 0.25000000000000006
0 0.8221153846153846 0.29326923076923084 0.7980769230769231 0.29326923076923084 0.7980769230769231 0.32692307692307704 0.8221153846153846 0.32692307692307704
0 0.7451923076923077 0.29807692307692313 0.7115384615384616 0.29807692307692313 0.7115384615384616 0.32932692307692324 0.7451923076923077 0.32932692307692324
0 0.8149038461538461 0.34855769230769246 0.7956730769230769 0.34855769230769246 0.7956730769230769 0.37259615384615397 0.8149038461538461 0.37259615384615397
0 0.8341346153846154 0.3629807692307694 0.8149038461538461 0.3629807692307694 0.8149038461538461 0.38942307692307704 0.8341346153846154 0.38942307692307704
0 0.8485576923076923 0.37980769230769246 0.8245192307692307 0.37980769230769246 0.8245192307692307 0.4086538461538463 0.8485576923076923 0.4086538461538463
0 0.8245192307692307 0.45432692307692324 0.7860576923076923 0.45432692307692324 0.7860576923076923 0.4927884615384617 0.8245192307692307 0.4927884615384617
0 0.8365384615384616 0.5048076923076924 0.8197115384615384 0.5048076923076924 0.8197115384615384 0.528846153846154 0.8365384615384616 0.528846153846154
0 0.8149038461538461 0.5264423076923078 0.7956730769230769 0.5264423076923078 0.7956730769230769 0.5552884615384617 0.8149038461538461 0.5552884615384617
0 0.7884615384615384 0.5144230769230771 0.7596153846153846 0.5144230769230771 0.7596153846153846 0.5456730769230771 0.7884615384615384 0.5456730769230771
0 0.7596153846153846 0.44711538461538475 0.7379807692307693 0.44711538461538475 0.7379807692307693 0.4759615384615386 0.7596153846153846 0.4759615384615386
0 0.6899038461538461 0.41586538461538475 0.6658653846153846 0.41586538461538475 0.6658653846153846 0.44711538461538475 0.6899038461538461 0.44711538461538475
0 0.7139423076923077 0.4951923076923078 0.6947115384615384 0.4951923076923078 0.6947115384615384 0.5192307692307694 0.7139423076923077 0.5192307692307694
0 0.6730769230769231 0.4807692307692309 0.6586538461538461 0.4807692307692309 0.6586538461538461 0.5048076923076924 0.6730769230769231 0.5048076923076924
0 0.7211538461538461 0.5312500000000001 0.6923076923076923 0.5312500000000001 0.6923076923076923 0.5625000000000001 0.7211538461538461 0.5625000000000001
0 0.7524038461538461 0.560096153846154 0.7403846153846154 0.560096153846154 0.7403846153846154 0.574519230769231 0.7524038461538461 0.574519230769231
0 0.7932692307692307 0.5649038461538463 0.7764423076923077 0.5649038461538463 0.7764423076923077 0.591346153846154 0.7932692307692307 0.591346153846154
0 0.6875 0.5360576923076924 0.6706730769230769 0.5360576923076924 0.6706730769230769 0.560096153846154 0.6875 0.560096153846154
0 0.6899038461538461 0.5528846153846155 0.6586538461538461 0.5528846153846155 0.6586538461538461 0.5841346153846155 0.6899038461538461 0.5841346153846155
0 0.7163461538461539 0.5841346153846155 0.6850961538461539 0.5841346153846155 0.6850961538461539 0.6129807692307694 0.7163461538461539 0.6129807692307694
0 0.7019230769230769 0.6201923076923077 0.6850961538461539 0.6201923076923077 0.6850961538461539 0.6442307692307693 0.7019230769230769 0.6442307692307693
0 0.6730769230769231 0.591346153846154 0.6538461538461539 0.591346153846154 0.6538461538461539 0.6153846153846154 0.6730769230769231 0.6153846153846154
0 0.574519230769231 0.6514423076923077 0.5528846153846155 0.6514423076923077 0.5528846153846155 0.6754807692307693 0.574519230769231 0.6754807692307693
0 0.6346153846153846 0.6682692307692307 0.6129807692307694 0.6682692307692307 0.6129807692307694 0.6995192307692307 0.6346153846153846 0.6995192307692307
0 0.6682692307692307 0.6610576923076923 0.6514423076923077 0.6610576923076923 0.6514423076923077 0.6850961538461539 0.6682692307692307 0.6850961538461539
0 0.6947115384615384 0.7307692307692307 0.6658653846153846 0.7307692307692307 0.6658653846153846 0.7572115384615384 0.6947115384615384 0.7572115384615384
0 0.7788461538461539 0.6418269230769231 0.7572115384615384 0.6418269230769231 0.7572115384615384 0.6682692307692307 0.7788461538461539 0.6682692307692307
0 0.7788461538461539 0.6634615384615384 0.7524038461538461 0.6634615384615384 0.7524038461538461 0.6875 0.7788461538461539 0.6875
0 0.6225961538461539 0.8245192307692307 0.6033653846153848 0.8245192307692307 0.6033653846153848 0.8485576923076923 0.6225961538461539 0.8485576923076923
0 0.6490384615384616 0.8100961538461539 0.6274038461538461 0.8100961538461539 0.6274038461538461 0.8317307692307693 0.6490384615384616 0.8317307692307693
0 0.71875 0.8509615384615384 0.6923076923076923 0.8509615384615384 0.6923076923076923 0.8725961538461539 0.71875 0.8725961538461539
0 0.7403846153846154 0.7884615384615384 0.7211538461538461 0.7884615384615384 0.7211538461538461 0.8125 0.7403846153846154 0.8125
0 0.8052884615384616 0.7620192307692307 0.7836538461538461 0.7620192307692307 0.7836538461538461 0.7908653846153846 0.8052884615384616 0.7908653846153846
0 0.8533653846153846 0.8822115384615384 0.8245192307692307 0.8822115384615384 0.8245192307692307 0.90625 0.8533653846153846 0.90625
0 0.9302884615384616 0.8822115384615384 0.9158653846153846 0.8822115384615384 0.9158653846153846 0.9014423076923077 0.9302884615384616 0.9014423076923077
0 1 0.7692307692307693 0.9951923076923077 0.7692307692307693 0.9951923076923077 0.7932692307692307 1 0.7932692307692307