0 0.1322115384615385 0.22596153846153846 0.11298076923076926 0.22596153846153846 0.11298076923076926 0.25721153846153844 0.1322115384615385 0.25721153846153844
0 0.12980769230769235 0.29086538461538464 0.09615384615384619 0.29086538461538464 0.09615384615384619 0.3293269230769231 0.12980769230769235 0.3293269230769231
0 0.08653846153846159 0.3894230769230769 0.043269230769230824 0.3894230769230769 0.043269230769230824 0.42788461538461536 0.0865384615384616 0.42788461538461536
0 0.19230769230769235 0.2548076923076923 0.15865384615384615 0.2548076923076923 0.1586538461538462 0.29086538461538464 0.19230769230769237 0.29086538461538464
0 0.18028846153846162 0.3389423076923077 0.1538461538461539 0.3389423076923077 0.1538461538461539 0.3701923076923077 0.18028846153846162 0.3701923076923077
0 0.26682692307692313 0.3293269230769231 0.23076923076923084 0.3293269230769231 0.23076923076923084 0.3629807692307692 0.26682692307692313 0.3629807692307692
0 0.18990384615384623 0.3894230769230769 0.17067307692307698 0.3894230769230769 0.17067307692307698 0.41586538461538464 0.18990384615384623 0.41586538461538464
0 0.1754807692307693 0.40865384615384615 0.15144230769230774 0.40865384615384615 0.15144230769230774 0.4375 0.1754807692307693 0.4375
0 0.1658653846153847 0.43028846153846156 0.1442307692307693 0.43028846153846156 0.1442307692307693 0.4567307692307692 0.1658653846153847 0.4567307692307692
0 0.21394230769230776 0.4951923076923077 0.17307692307692316 0.4951923076923077 0.17307692307692316 0.5360576923076923 0.21394230769230776 0.5360576923076923
0 0.1850961538461539 0.5504807692307693 0.16826923076923084 0.5504807692307693 0.16826923076923084 0.5769230769230769 0.1850961538461539 0.5769230769230769
0 0.21394230769230776 0.5697115384615384 0.19230769230769237 0.5697115384615384 0.19230769230769237 0.5985576923076923 0.21394230769230776 0.5985576923076923
0 0.2475961538461539 0.5552884615384616 0.22115384615384623 0.5552884615384616 0.22115384615384623 0.5817307692307693 0.2475961538461539 0.5817307692307693
0 0.2596153846153847 0.4831730769230769 0.2379807692307693 0.4831730769230769 0.2379807692307693 0.5096153846153846 0.2596153846153847 0.5096153846153846
0 0.3269230769230769 0.4423076923076923 0.3004807692307693 0.4423076923076923 0.3004807692307693 0.47115384615384615 0.3269230769230769 0.47115384615384615
0 0.3076923076923077 0.5240384615384616 0.28846153846153855 0.5240384615384616 0.28846153846153855 0.5480769230769231 0.3076923076923077 0.5480769230769231
0 0.34375 0.5024038461538461 0.3269230769230769 0.5024038461538461 0.3269230769230769 0.5288461538461539 0.34375 0.5288461538461539
0 0.31971153846153855 0.5576923076923077 0.2860576923076924 0.5576923076923077 0.2860576923076924 0.5913461538461539 0.3197115384615386 0.5913461538461539
0 0.2716346153846155 0.59375 0.25721153846153855 0.59375 0.25721153846153855 0.6105769230769231 0.2716346153846155 0.6105769230769231
0 0.2379807692307693 0.6057692307692307 0.22115384615384623 0.6057692307692307 0.22115384615384623 0.6322115384615384 0.2379807692307693 0.6322115384615384
0 0.34134615384615397 0.5600961538461539 0.3245192307692309 0.5600961538461539 0.3245192307692309 0.5841346153846154 0.34134615384615397 0.5841346153846154
0 0.3557692307692309 0.5745192307692307 0.3197115384615386 0.5745192307692307 0.3197115384615386 0.6081730769230769 0.3557692307692309 0.6081730769230769
0 0.3317307692307694 0.6081730769230769 0.29807692307692313 0.6081730769230769 0.29807692307692313 0.6418269230769231 0.3317307692307694 0.6418269230769231
0 0.3365384615384617 0.6466346153846154 0.3197115384615386 0.6466346153846154 0.3197115384615386 0.6730769230769231 0.3365384615384617 0.6730769230769231
0 0.3629807692307694 0.6129807692307693 0.3437500000000001 0.6129807692307693 0.3437500000000001 0.6394230769230769 0.3629807692307694 0.6394230769230769
0 0.4711538461538463 0.6586538461538461 0.45192307692307704 0.6586538461538461 0.45192307692307704 0.6802884615384616 0.4711538461538463 0.6802884615384616
0 0.4134615384615386 0.6826923076923077 0.3942307692307694 0.6826923076923077 0.3942307692307694 0.7139423076923077 0.4134615384615386 0.7139423076923077
0 0.3750000000000001 0.6802884615384616 0.35817307692307704 0.6802884615384616 0.35817307692307704 0.7067307692307693 0.3750000000000001 0.7067307692307693
0 0.37259615384615397 0.7548076923076923 0.34134615384615397 0.7548076923076923 0.34134615384615397 0.7836538461538461 0.37259615384615397 0.7836538461538461
0 0.2692307692307693 0.6754807692307693 0.24519230769230776 0.6754807692307693 0.24519230769230776 0.7043269230769231 0.2692307692307693 0.7043269230769231
0 0.27644230769230776 0.6995192307692307 0.2475961538461539 0.6995192307692307 0.2475961538461539 0.7259615384615384 0.27644230769230776 0.7259615384615384
0 0.44711538461538475 0.8341346153846154 0.4254807692307694 0.8341346153846154 0.4254807692307694 0.8605769230769231 0.44711538461538475 0.8605769230769231
0 0.4182692307692309 0.8245192307692307 0.39663461538461553 0.8245192307692307 0.39663461538461553 0.8485576923076923 0.4182692307692309 0.8485576923076923
0 0.3629807692307694 0.875 0.33413461538461553 0.875 0.33413461538461553 0.8990384615384616 0.3629807692307694 0.8990384615384616
0 0.32211538461538475 0.8173076923076923 0.3052884615384616 0.8173076923076923 0.3052884615384616 0.8413461538461539 0.32211538461538475 0.8413461538461539
0 0.2596153846153847 0.8004807692307693 0.23557692307692316 0.8004807692307693 0.23557692307692316 0.8317307692307693 0.2596153846153847 0.8317307692307693
0 0.23317307692307707 0.9254807692307693 0.20673076923076936 0.9254807692307693 0.20673076923076936 0.9495192307692307 0.23317307692307707 0.9495192307692307
0 0.14423076923076933 0.9350961538461539 0.12740384615384626 0.9350961538461539 0.12740384615384626 0.9495192307692307 0.14423076923076933 0.9495192307692307
0 0.04807692307692318 0.8365384615384616 0.026442307692307796 0.8365384615384616 0.026442307692307796 0.8629807692307693 0.04807692307692318 0.8629807692307693