0 0.8653846153846154 0.7884615384615384 0.8341346153846154 0.7884615384615384 0.8341346153846154 0.8100961538461539 0.8653846153846154 0.8100961538461539
0 0.8052884615384616 0.8052884615384616 0.7620192307692307 0.8052884615384616 0.7620192307692307 0.84375 0.8052884615384616 0.84375
0 0.7211538461538461 0.8725961538461539 0.6802884615384616 0.8725961538461539 0.6802884615384616 0.9182692307692307 0.7211538461538461 0.9182692307692307
0 0.8245192307692307 0.7355769230769231 0.78125 0.7355769230769231 0.78125 0.7740384615384616 0.8245192307692307 0.7740384615384616
0 0.7451923076923077 0.7692307692307693 0.7091346153846154 0.7692307692307693 0.7091346153846154 0.8004807692307693 0.7451923076923077 0.8004807692307693
0 0.7331730769230769 0.6850961538461539 0.6947115384615384 0.6850961538461539 0.6947115384615384 0.7235576923076923 0.7331730769230769 0.7235576923076923
0 0.6899038461538461 0.7740384615384616 0.6634615384615384 0.7740384615384616 0.6634615384615384 0.7980769230769231 0.6899038461538461 0.7980769230769231
0 0.6778846153846154 0.7956730769230769 0.6466346153846154 0.7956730769230769 0.6466346153846154 0.8173076923076923 0.6778846153846154 0.8173076923076923
0 0.6634615384615384 0.8052884615384616 0.6298076923076923 0.8052884615384616 0.6298076923076923 0.8365384615384616 0.6634615384615384 0.8365384615384616
0 0.5865384615384617 0.7788461538461539 0.543269230769231 0.7788461538461539 0.543269230769231 0.8221153846153846 0.5865384615384617 0.8221153846153846
0 0.5360576923076924 0.8173076923076923 0.5096153846153848 0.8173076923076923 0.5096153846153848 0.8389423076923077 0.5360576923076924 0.8389423076923077
0 0.5144230769230771 0.7956730769230769 0.4807692307692309 0.7956730769230769 0.4807692307692309 0.8221153846153846 0.5144230769230771 0.8221153846153846
0 0.5216346153846155 0.7596153846153846 0.4879807692307694 0.7596153846153846 0.4879807692307694 0.7932692307692307 0.5216346153846155 0.7932692307692307
0 0.5841346153846155 0.7307692307692307 0.5528846153846155 0.7307692307692307 0.5528846153846155 0.7572115384615384 0.5841346153846155 0.7572115384615384
0 0.6081730769230771 0.6538461538461539 0.574519230769231 0.6538461538461539 0.574519230769231 0.6850961538461539 0.6081730769230771 0.6850961538461539
0 0.5312500000000001 0.6923076923076923 0.5048076923076924 0.6923076923076923 0.5048076923076924 0.7139423076923077 0.5312500000000001 0.7139423076923077
0 0.5408653846153848 0.65625 0.5144230769230771 0.65625 0.5144230769230771 0.6730769230769231 0.5408653846153848 0.6730769230769231
0 0.49759615384615397 0.6947115384615384 0.4615384615384617 0.6947115384615384 0.4615384615384617 0.7283653846153846 0.49759615384615397 0.7283653846153846
0 0.4711538461538463 0.7451923076923077 0.45432692307692324 0.7451923076923077 0.45432692307692324 0.7620192307692307 0.4711538461538463 0.7620192307692307
0 0.4711538461538463 0.78125 0.44230769230769246 0.78125 0.44230769230769246 0.8028846153846154 0.4711538461538463 0.8028846153846154
0 0.4879807692307694 0.6730769230769231 0.4615384615384617 0.6730769230769231 0.4615384615384617 0.6947115384615384 0.4879807692307694 0.6947115384615384
0 0.4711538461538463 0.6634615384615384 0.43509615384615397 0.6634615384615384 0.43509615384615397 0.6995192307692307 0.4711538461538463 0.6995192307692307
0 0.44230769230769246 0.6947115384615384 0.41105769230769246 0.6947115384615384 0.41105769230769246 0.7283653846153846 0.44230769230769246 0.7283653846153846
0 0.4062500000000001 0.6971153846153846 0.3774038461538463 0.6971153846153846 0.3774038461538463 0.71875 0.4062500000000001 0.71875
0 0.4302884615384617 0.6634615384615384 0.40384615384615397 0.6634615384615384 0.40384615384615397 0.6850961538461539 0.4302884615384617 0.6850961538461539
0 0.36057692307692324 0.5721153846153846 0.33413461538461553 0.5721153846153846 0.33413461538461553 0.5961538461538461 0.36057692307692324 0.5961538461538461
0 0.3509615384615386 0.6322115384615384 0.31730769230769246 0.6322115384615384 0.31730769230769246 0.6586538461538461 0.3509615384615386 0.6586538461538461
0 0.36057692307692324 0.6706730769230769 0.33413461538461553 0.6706730769230769 0.33413461538461553 0.6923076923076923 0.36057692307692324 0.6923076923076923
0 0.295673076923077 0.6923076923076923 0.264423076923077 0.6923076923076923 0.264423076923077 0.7259615384615384 0.295673076923077 0.7259615384615384
0 0.3942307692307694 0.7716346153846154 0.3629807692307694 0.7716346153846154 0.3629807692307694 0.7980769230769231 0.3942307692307694 0.7980769230769231
0 0.37259615384615397 0.7716346153846154 0.3461538461538463 0.7716346153846154 0.3461538461538463 0.8004807692307693 0.37259615384615397 0.8004807692307693
0 0.19471153846153852 0.6418269230769231 0.16826923076923084 0.6418269230769231 0.16826923076923084 0.6658653846153846 0.19471153846153852 0.6658653846153846
0 0.21394230769230776 0.6658653846153846 0.18750000000000006 0.6658653846153846 0.18750000000000006 0.6899038461538461 0.21394230769230776 0.6899038461538461
0 0.17788461538461545 0.7331730769230769 0.15625000000000006 0.7331730769230769 0.15625000000000006 0.7596153846153846 0.17788461538461545 0.7596153846153846
0 0.24278846153846162 0.7548076923076923 0.2163461538461539 0.7548076923076923 0.2163461538461539 0.7788461538461539 0.24278846153846162 0.7788461538461539
0 0.27884615384615397 0.8125 0.2475961538461539 0.8125 0.24759615384615394 0.8389423076923077 0.27884615384615397 0.8389423076923077
0 0.16586538461538475 0.8701923076923077 0.13701923076923087 0.8701923076923077 0.13701923076923087 0.9014423076923077 0.16586538461538475 0.9014423076923077
0 0.1730769230769232 0.9591346153846154 0.1514423076923078 0.9591346153846154 0.1514423076923078 0.9759615384615384 0.1730769230769232 0.9759615384615384