0 0.9014423076923077 0.24519230769230782 0.8870192307692307 0.24519230769230782 0.8870192307692307 0.2740384615384617 0.9014423076923077 0.2740384615384617
0 0.9110576923076923 0.3149038461538463 0.8846153846153846 0.3149038461538463 0.8846153846153846 0.3461538461538463 0.9110576923076923 0.3461538461538463
0 0.9543269230769231 0.41586538461538475 0.9206730769230769 0.41586538461538475 0.9206730769230769 0.44711538461538475 0.9543269230769231 0.44711538461538475
0 0.8485576923076923 0.2740384615384616 0.8221153846153846 0.2740384615384616 0.8221153846153846 0.3052884615384616 0.8485576923076923 0.3052884615384617
0 0.8509615384615384 0.35817307692307704 0.8317307692307693 0.35817307692307704 0.8317307692307693 0.3870192307692309 0.8509615384615384 0.3870192307692309
0 0.7740384615384616 0.3461538461538463 0.7475961538461539 0.3461538461538463 0.7475961538461539 0.37259615384615397 0.7740384615384616 0.37259615384615397
0 0.8341346153846154 0.41105769230769246 0.8197115384615384 0.41105769230769246 0.8197115384615384 0.4326923076923078 0.8341346153846154 0.4326923076923078
0 0.8509615384615384 0.42788461538461553 0.8341346153846154 0.42788461538461553 0.8341346153846154 0.45192307692307704 0.8509615384615384 0.45192307692307704
0 0.8605769230769231 0.44711538461538475 0.8389423076923077 0.44711538461538475 0.8389423076923077 0.47355769230769246 0.8605769230769231 0.47355769230769246
0 0.8245192307692307 0.5144230769230771 0.7884615384615384 0.5144230769230771 0.7884615384615384 0.5456730769230771 0.8245192307692307 0.5456730769230771
0 0.8269230769230769 0.5697115384615385 0.8125 0.5697115384615385 0.8125 0.5889423076923078 0.8269230769230769 0.5889423076923078
0 0.8004807692307693 0.5841346153846155 0.7836538461538461 0.5841346153846155 0.7836538461538461 0.6129807692307694 0.8004807692307693 0.6129807692307694
0 0.7740384615384616 0.5697115384615385 0.75 0.5697115384615385 0.75 0.5937500000000001 0.7740384615384616 0.5937500000000001
0 0.7620192307692307 0.49759615384615397 0.7427884615384616 0.49759615384615397 0.7427884615384616 0.5216346153846155 0.7620192307692307 0.5216346153846155
0 0.6995192307692307 0.45432692307692324 0.6778846153846154 0.45432692307692324 0.6778846153846154 0.4807692307692309 0.6995192307692307 0.4807692307692309
0 0.7067307692307693 0.5336538461538463 0.6923076923076923 0.5336538461538463 0.6923076923076923 0.5552884615384617 0.7067307692307693 0.5552884615384617
0 0.6706730769230769 0.512019230769231 0.6586538461538461 0.512019230769231 0.6586538461538461 0.5360576923076924 0.6706730769230769 0.5360576923076924
0 0.7067307692307693 0.5697115384615385 0.6802884615384616 0.5697115384615385 0.6802884615384616 0.5985576923076924 0.7067307692307693 0.5985576923076924
0 0.7355769230769231 0.605769230769231 0.7259615384615384 0.605769230769231 0.7259615384615384 0.6201923076923077 0.7355769230769231 0.6201923076923077
0 0.7716346153846154 0.6201923076923077 0.7572115384615384 0.6201923076923077 0.7572115384615384 0.6442307692307693 0.7716346153846154 0.6442307692307693
0 0.6730769230769231 0.5697115384615385 0.6586538461538461 0.5697115384615385 0.6586538461538461 0.591346153846154 0.6730769230769231 0.591346153846154
0 0.6730769230769231 0.5865384615384617 0.6442307692307693 0.5865384615384617 0.6442307692307693 0.6129807692307694 0.6730769230769231 0.6129807692307694
0 0.6899038461538461 0.6225961538461539 0.6658653846153846 0.6225961538461539 0.6658653846153846 0.6466346153846154 0.6899038461538461 0.6466346153846154
0 0.6730769230769231 0.65625 0.6586538461538461 0.65625 0.6586538461538461 0.6778846153846154 0.6730769230769231 0.6778846153846154
0 0.6490384615384616 0.6225961538461539 0.6346153846153846 0.6225961538461539 0.6346153846153846 0.6466346153846154 0.6490384615384616 0.6466346153846154
0 0.5408653846153848 0.6610576923076923 0.5240384615384617 0.6610576923076923 0.5240384615384617 0.6802884615384616 0.5408653846153848 0.6802884615384616
0 0.5937500000000001 0.6899038461538461 0.5793269230769232 0.6899038461538461 0.5793269230769232 0.71875 0.5937500000000001 0.71875
0 0.6322115384615384 0.6899038461538461 0.6201923076923077 0.6899038461538461 0.6201923076923077 0.7139423076923077 0.6322115384615384 0.7139423076923077
0 0.6418269230769231 0.7644230769230769 0.6177884615384616 0.7644230769230769 0.6177884615384616 0.7860576923076923 0.6418269230769231 0.7860576923076923
0 0.7427884615384616 0.6923076923076923 0.7235576923076923 0.6923076923076923 0.7235576923076923 0.7163461538461539 0.7427884615384616 0.7163461538461539
0 0.7379807692307693 0.7139423076923077 0.7139423076923077 0.7139423076923077 0.7139423076923077 0.7331730769230769 0.7379807692307693 0.7331730769230769
0 0.5552884615384617 0.8389423076923077 0.5384615384615385 0.8389423076923077 0.5384615384615385 0.8605769230769231 0.5552884615384617 0.8605769230769231
0 0.5817307692307694 0.8317307692307693 0.5649038461538463 0.8317307692307693 0.5649038461538463 0.8509615384615384 0.5817307692307694 0.8509615384615384
0 0.6442307692307693 0.8822115384615384 0.6201923076923077 0.8822115384615384 0.6201923076923077 0.9014423076923077 0.6442307692307693 0.9014423076923077
0 0.6754807692307693 0.8269230769230769 0.6610576923076923 0.8269230769230769 0.6610576923076923 0.8485576923076923 0.6754807692307693 0.8485576923076923
0 0.7451923076923077 0.8173076923076923 0.7307692307692307 0.8173076923076923 0.7307692307692307 0.84375 0.7451923076923077 0.84375
0 0.7692307692307693 0.9399038461538461 0.7451923076923077 0.9399038461538461 0.7451923076923077 0.9615384615384616 0.7692307692307693 0.9615384615384616
0 0.8461538461538461 0.9543269230769231 0.8365384615384616 0.9543269230769231 0.8365384615384616 0.9735576923076923 0.8461538461538461 0.9735576923076923
0 0.9543269230769231 0.8629807692307693 0.9350961538461539 0.8629807692307693 0.9350961538461539 0.8846153846153846 0.9543269230769231 0.8846153846153846