0 0.9230769230769231 0.2884615384615386 0.9086538461538461 0.2884615384615386 0.9086538461538461 0.31730769230769246 0.9230769230769231 0.31730769230769246
0 0.9254807692307693 0.3557692307692309 0.8990384615384616 0.3557692307692309 0.8990384615384616 0.38942307692307704 0.9254807692307693 0.38942307692307704
0 0.9615384615384616 0.4639423076923078 0.9254807692307693 0.4639423076923078 0.9254807692307693 0.4927884615384617 0.9615384615384616 0.4927884615384617
0 0.8701923076923077 0.31009615384615397 0.8413461538461539 0.31009615384615397 0.8413461538461539 0.34134615384615397 0.8701923076923077 0.34134615384615397
0 0.8629807692307693 0.3942307692307694 0.8413461538461539 0.3942307692307694 0.8413461538461539 0.42307692307692324 0.8629807692307693 0.42307692307692324
0 0.7884615384615384 0.37259615384615397 0.7596153846153846 0.37259615384615397 0.7596153846153846 0.4014423076923078 0.7884615384615384 0.4014423076923078
0 0.8389423076923077 0.4447115384615386 0.8245192307692307 0.4447115384615386 0.8245192307692307 0.46634615384615397 0.8389423076923077 0.46634615384615397
0 0.8533653846153846 0.4639423076923078 0.8365384615384616 0.4639423076923078 0.8365384615384616 0.4879807692307694 0.8533653846153846 0.4879807692307694
0 0.8629807692307693 0.48557692307692324 0.8413461538461539 0.48557692307692324 0.8413461538461539 0.512019230769231 0.8629807692307693 0.512019230769231
0 0.8173076923076923 0.5456730769230771 0.7836538461538461 0.5456730769230771 0.7836538461538461 0.5793269230769232 0.8173076923076923 0.5793269230769232
0 0.8173076923076923 0.6033653846153848 0.8028846153846154 0.6033653846153848 0.8028846153846154 0.625 0.8173076923076923 0.625
0 0.7884615384615384 0.6153846153846154 0.7716346153846154 0.6153846153846154 0.7716346153846154 0.6418269230769231 0.7884615384615384 0.6418269230769231
0 0.7668269230769231 0.5961538461538463 0.7403846153846154 0.5961538461538463 0.7403846153846154 0.6225961538461539 0.7668269230769231 0.6225961538461539
0 0.7596153846153846 0.5240384615384617 0.7403846153846154 0.5240384615384617 0.7403846153846154 0.5480769230769232 0.7596153846153846 0.5480769230769232
0 0.7019230769230769 0.47355769230769246 0.6802884615384616 0.47355769230769246 0.6802884615384616 0.5000000000000001 0.7019230769230769 0.5000000000000001
0 0.7019230769230769 0.5552884615384617 0.6850961538461539 0.5552884615384617 0.6850961538461539 0.5769230769230771 0.7019230769230769 0.5769230769230771
0 0.6682692307692307 0.528846153846154 0.65625 0.528846153846154 0.65625 0.5528846153846155 0.6682692307692307 0.5528846153846155
0 0.6971153846153846 0.591346153846154 0.6706730769230769 0.591346153846154 0.6706730769230769 0.6177884615384616 0.6971153846153846 0.6177884615384616
0 0.7211538461538461 0.6298076923076923 0.7115384615384616 0.6298076923076923 0.7115384615384616 0.6442307692307693 0.7211538461538461 0.6442307692307693
0 0.7572115384615384 0.6466346153846154 0.7427884615384616 0.6466346153846154 0.7427884615384616 0.6706730769230769 0.7572115384615384 0.6706730769230769
0 0.6634615384615384 0.5865384615384617 0.6490384615384616 0.5865384615384617 0.6490384615384616 0.6081730769230771 0.6634615384615384 0.6081730769230771
0 0.6610576923076923 0.6033653846153848 0.6322115384615384 0.6033653846153848 0.6322115384615384 0.6298076923076923 0.6610576923076923 0.6298076923076923
0 0.6778846153846154 0.6394230769230769 0.6514423076923077 0.6394230769230769 0.6514423076923077 0.6658653846153846 0.6778846153846154 0.6658653846153846
0 0.6538461538461539 0.6730769230769231 0.6394230769230769 0.6730769230769231 0.6394230769230769 0.6971153846153846 0.6538461538461539 0.6971153846153846
0 0.6346153846153846 0.6370192307692307 0.6177884615384616 0.6370192307692307 0.6177884615384616 0.6610576923076923 0.6346153846153846 0.6610576923076923
0 0.5216346153846155 0.6634615384615384 0.5048076923076924 0.6634615384615384 0.5048076923076924 0.6850961538461539 0.5216346153846155 0.6850961538461539
0 0.574519230769231 0.6971153846153846 0.5576923076923078 0.6971153846153846 0.5576923076923078 0.7259615384615384 0.574519230769231 0.7259615384615384
0 0.6105769230769232 0.6995192307692307 0.5985576923076924 0.6995192307692307 0.5985576923076924 0.7235576923076923 0.6105769230769232 0.7235576923076923
0 0.6153846153846154 0.7764423076923077 0.5889423076923078 0.7764423076923077 0.5889423076923078 0.8004807692307693 0.6153846153846154 0.8004807692307693
0 0.7211538461538461 0.7139423076923077 0.7019230769230769 0.7139423076923077 0.7019230769230769 0.7379807692307693 0.7211538461538461 0.7379807692307693
0 0.7163461538461539 0.7355769230769231 0.6899038461538461 0.7355769230769231 0.6899038461538461 0.7572115384615384 0.7163461538461539 0.7572115384615384
0 0.5192307692307694 0.84375 0.5024038461538463 0.84375 0.5024038461538463 0.8653846153846154 0.5192307692307694 0.8653846153846154
0 0.5480769230769232 0.8365384615384616 0.5312500000000001 0.8365384615384616 0.5312500000000001 0.8557692307692307 0.5480769230769232 0.8557692307692307
0 0.6033653846153848 0.8966346153846154 0.5769230769230771 0.8966346153846154 0.5769230769230771 0.9158653846153846 0.6033653846153848 0.9158653846153846
0 0.6394230769230769 0.84375 0.625 0.84375 0.625 0.8653846153846154 0.6394230769230769 0.8653846153846154
0 0.7091346153846154 0.8389423076923077 0.6923076923076923 0.8389423076923077 0.6923076923076923 0.8653846153846154 0.7091346153846154 0.8653846153846154
0 0.7211538461538461 0.9639423076923077 0.6971153846153846 0.9639423076923077 0.6971153846153846 0.9855769230769231 0.7211538461538461 0.9855769230769231
0 0.7980769230769231 0.9879807692307693 0.7860576923076923 0.9879807692307693 0.7860576923076923 1 0.7980769230769231 1
0 0.9134615384615384 0.90625 0.8942307692307693 0.90625 0.8942307692307693 0.9302884615384616 0.9134615384615384 0.9302884615384616