0 0.6995192307692307 0.007211538461538541 0.5865384615384616 0.007211538461538534 0.5865384615384616 0.11538461538461547 0.6995192307692307 0.11538461538461549
0 0.5697115384615384 0.04326923076923083 0.4807692307692308 0.043269230769230824 0.4807692307692308 0.13701923076923084 0.5697115384615384 0.13701923076923084
0 0.625 0.1754807692307693 0.5336538461538461 0.1754807692307693 0.5336538461538461 0.26201923076923084 0.625 0.26201923076923084
0 0.6298076923076923 0.29326923076923084 0.5288461538461539 0.29326923076923084 0.5288461538461539 0.3774038461538462 0.6298076923076923 0.3774038461538463
0 0.5552884615384616 0.27644230769230776 0.46153846153846156 0.27644230769230776 0.46153846153846156 0.3629807692307692 0.5552884615384616 0.3629807692307692
0 0.5504807692307693 0.35096153846153844 0.47115384615384615 0.35096153846153844 0.47115384615384615 0.43028846153846156 0.5504807692307693 0.43028846153846156
0 0.5408653846153846 0.4375 0.46634615384615385 0.4375 0.46634615384615385 0.5240384615384616 0.5408653846153846 0.5240384615384616
0 0.4807692307692308 0.4230769230769231 0.4110576923076923 0.4230769230769231 0.4110576923076923 0.5048076923076923 0.4807692307692308 0.5048076923076923
0 0.46153846153846156 0.375 0.38221153846153844 0.375 0.38221153846153844 0.44471153846153844 0.46153846153846156 0.44471153846153844
0 0.2860576923076924 0.49759615384615385 0.2283653846153847 0.49759615384615385 0.2283653846153847 0.5649038461538461 0.2860576923076924 0.5649038461538461
0 0.3413461538461539 0.5384615384615384 0.29326923076923084 0.5384615384615384 0.29326923076923084 0.6033653846153846 0.34134615384615397 0.6033653846153846
0 0.4615384615384617 0.6009615384615384 0.39663461538461553 0.6009615384615384 0.39663461538461553 0.6730769230769231 0.4615384615384617 0.6730769230769231
0 0.4158653846153847 0.5504807692307693 0.36538461538461536 0.5504807692307693 0.3653846153846155 0.6057692307692307 0.41586538461538475 0.6057692307692307
0 0.3798076923076924 0.5576923076923077 0.3269230769230769 0.5576923076923077 0.326923076923077 0.6177884615384616 0.37980769230769246 0.6177884615384616
0 0.37980769230769246 0.7091346153846154 0.3028846153846155 0.7091346153846154 0.3028846153846155 0.7860576923076923 0.37980769230769246 0.7860576923076923
0 0.33413461538461553 0.7860576923076923 0.26682692307692313 0.7860576923076923 0.2668269230769232 0.8774038461538461 0.33413461538461553 0.8774038461538461
0 0.35336538461538475 0.9182692307692307 0.2740384615384617 0.9182692307692307 0.2740384615384617 0.9903846153846154 0.35336538461538475 0.9903846153846154
0 0.1947115384615386 0.9206730769230769 0.14903846153846165 0.9206730769230769 0.14903846153846165 0.9879807692307693 0.1947115384615386 0.9879807692307693
0 0.1730769230769232 0.875 0.13221153846153857 0.875 0.13221153846153857 0.9230769230769231 0.1730769230769232 0.9230769230769231