0 0.11057692307692311 0.3004807692307692 0.014423076923076962 0.3004807692307692 0.014423076923076967 0.4014423076923077 0.11057692307692311 0.4014423076923077
0 0.1346153846153847 0.4254807692307692 0.045673076923076976 0.4254807692307692 0.04567307692307698 0.5120192307692307 0.1346153846153847 0.5120192307692307
0 0.26201923076923084 0.37259615384615385 0.17788461538461545 0.37259615384615385 0.17788461538461545 0.46153846153846156 0.26201923076923084 0.46153846153846156
0 0.375 0.37259615384615385 0.29807692307692313 0.37259615384615385 0.29807692307692313 0.46634615384615385 0.375 0.46634615384615385
0 0.3581730769230769 0.44471153846153844 0.28125000000000006 0.44471153846153844 0.28125000000000006 0.53125 0.3581730769230769 0.53125
0 0.42788461538461536 0.4519230769230769 0.3557692307692308 0.4519230769230769 0.3557692307692308 0.5216346153846154 0.42788461538461536 0.5216346153846154
0 0.5216346153846154 0.4639423076923077 0.43990384615384615 0.4639423076923077 0.43990384615384615 0.5336538461538461 0.5216346153846154 0.5336538461538461
0 0.5000000000000001 0.5216346153846154 0.4230769230769231 0.5216346153846154 0.42307692307692313 0.5841346153846154 0.5000000000000001 0.5841346153846154
0 0.4423076923076924 0.5384615384615384 0.375 0.5384615384615384 0.37500000000000006 0.6177884615384616 0.44230769230769246 0.6177884615384616
0 0.560096153846154 0.7139423076923077 0.4927884615384617 0.7139423076923077 0.4927884615384617 0.7716346153846154 0.560096153846154 0.7716346153846154
0 0.5985576923076924 0.6610576923076923 0.5336538461538463 0.6610576923076923 0.5336538461538463 0.7091346153846154 0.5985576923076924 0.7091346153846154
0 0.6706730769230769 0.543269230769231 0.5985576923076923 0.543269230769231 0.5985576923076924 0.605769230769231 0.6706730769230769 0.605769230769231
0 0.6033653846153848 0.5865384615384616 0.5480769230769232 0.5865384615384616 0.5480769230769232 0.6370192307692307 0.6033653846153848 0.6370192307692307
0 0.6129807692307694 0.625 0.5552884615384617 0.625 0.5552884615384617 0.6754807692307693 0.6129807692307694 0.6754807692307693
0 0.7788461538461539 0.6298076923076923 0.7091346153846154 0.6298076923076923 0.7091346153846154 0.6971153846153846 0.7788461538461539 0.6971153846153846
0 0.8701923076923077 0.6778846153846154 0.7836538461538461 0.6778846153846154 0.7836538461538461 0.7355769230769231 0.8701923076923077 0.7355769230769231
0 0.9807692307692307 0.6610576923076923 0.9182692307692307 0.6610576923076923 0.9182692307692307 0.7307692307692307 0.9807692307692307 0.7307692307692307
0 0.9807692307692307 0.8173076923076923 0.9182692307692307 0.8173076923076923 0.9182692307692307 0.8581730769230769 0.9807692307692307 0.8581730769230769
0 0.9158653846153846 0.8389423076923077 0.8701923076923077 0.8389423076923077 0.8701923076923077 0.875 0.9158653846153846 0.875