0 0.9951923076923077 0.30288461538461553 0.8870192307692307 0.30288461538461553 0.8870192307692307 0.4134615384615386 0.9951923076923077 0.4134615384615386
0 0.9591346153846154 0.42788461538461553 0.8629807692307693 0.42788461538461553 0.8629807692307693 0.5216346153846155 0.9591346153846154 0.5216346153846155
0 0.8293269230769231 0.3750000000000001 0.7379807692307693 0.3750000000000001 0.7379807692307693 0.4711538461538463 0.8293269230769231 0.4711538461538463
0 0.7067307692307693 0.3750000000000001 0.6274038461538461 0.3750000000000001 0.6274038461538461 0.4711538461538463 0.7067307692307693 0.4711538461538463
0 0.7211538461538461 0.44711538461538475 0.6418269230769231 0.44711538461538475 0.6418269230769231 0.5360576923076924 0.7211538461538461 0.5360576923076924
0 0.6466346153846154 0.45192307692307704 0.5721153846153846 0.45192307692307704 0.5721153846153846 0.5264423076923078 0.6466346153846154 0.5264423076923078
0 0.5649038461538461 0.4591346153846155 0.4735576923076923 0.45913461538461536 0.4735576923076923 0.5384615384615385 0.5649038461538461 0.5384615384615385
0 0.5793269230769231 0.5192307692307693 0.49759615384615385 0.5192307692307693 0.4975961538461539 0.5889423076923077 0.5793269230769232 0.5889423076923078
0 0.6298076923076923 0.5384615384615385 0.5552884615384616 0.5384615384615384 0.5552884615384616 0.6225961538461539 0.6298076923076923 0.6225961538461539
0 0.5072115384615385 0.7115384615384616 0.43509615384615397 0.7115384615384616 0.43509615384615397 0.7764423076923077 0.5072115384615385 0.7764423076923077
0 0.46634615384615397 0.65625 0.39663461538461553 0.65625 0.39663461538461553 0.7139423076923077 0.46634615384615397 0.7139423076923077
0 0.4038461538461539 0.5360576923076923 0.3269230769230769 0.5360576923076923 0.326923076923077 0.6057692307692307 0.40384615384615397 0.6057692307692307
0 0.45192307692307704 0.5841346153846154 0.3942307692307694 0.5841346153846154 0.3942307692307694 0.6394230769230769 0.45192307692307704 0.6394230769230769
0 0.4447115384615386 0.6225961538461539 0.3822115384615386 0.6225961538461539 0.3822115384615386 0.6754807692307693 0.4447115384615386 0.6754807692307693
0 0.28846153846153855 0.625 0.21875000000000006 0.625 0.21875000000000006 0.6947115384615384 0.28846153846153855 0.6947115384615384
0 0.2163461538461539 0.6658653846153846 0.12500000000000006 0.6658653846153846 0.12500000000000008 0.7331730769230769 0.2163461538461539 0.7331730769230769
0 0.08413461538461547 0.6490384615384616 0.01201923076923085 0.6490384615384616 0.012019230769230855 0.7259615384615384 0.08413461538461549 0.7259615384615384
0 0.07932692307692318 0.8076923076923077 0.014423076923077021 0.8076923076923077 0.014423076923077023 0.8509615384615384 0.07932692307692318 0.8509615384615384
0 0.1250000000000001 0.8293269230769231 0.07692307692307702 0.8293269230769231 0.07692307692307702 0.8677884615384616 0.1250000000000001 0.8677884615384616