0 0.4567307692307692 0.19951923076923084 0.40625 0.19951923076923084 0.40625 0.2475961538461539 0.4567307692307692 0.2475961538461539
0 0.5961538461538461 0.2524038461538462 0.53125 0.2524038461538462 0.53125 0.3052884615384616 0.5961538461538461 0.3052884615384616
0 0.6514423076923077 0.2716346153846155 0.6057692307692307 0.2716346153846155 0.6057692307692307 0.3076923076923078 0.6514423076923077 0.3076923076923078
0 0.71875 0.3389423076923078 0.6538461538461539 0.3389423076923078 0.6538461538461539 0.3870192307692309 0.71875 0.3870192307692309
0 0.7740384615384616 0.39182692307692324 0.71875 0.39182692307692324 0.71875 0.4399038461538463 0.7740384615384616 0.4399038461538463
0 0.7283653846153846 0.3870192307692309 0.6826923076923077 0.3870192307692309 0.6826923076923077 0.4254807692307694 0.7283653846153846 0.4254807692307694
0 0.4375 0.24519230769230776 0.3918269230769231 0.24519230769230776 0.3918269230769231 0.2908653846153847 0.4375 0.2908653846153847
0 0.38221153846153844 0.31009615384615385 0.3485576923076923 0.31009615384615385 0.3485576923076923 0.34375 0.38221153846153844 0.34375
0 0.3269230769230769 0.3028846153846155 0.28125000000000006 0.3028846153846155 0.28125000000000006 0.3485576923076923 0.3269230769230769 0.3485576923076923
0 0.2908653846153847 0.36538461538461536 0.2524038461538462 0.36538461538461536 0.2524038461538462 0.40384615384615385 0.2908653846153847 0.40384615384615385
0 0.3701923076923077 0.3605769230769231 0.3173076923076923 0.3605769230769231 0.3173076923076923 0.41346153846153844 0.3701923076923077 0.41346153846153844
0 0.4831730769230769 0.38221153846153844 0.4206730769230769 0.38221153846153844 0.4206730769230769 0.42788461538461536 0.4831730769230769 0.42788461538461536
0 0.5793269230769231 0.358173076923077 0.5264423076923077 0.3581730769230769 0.5264423076923077 0.3966346153846155 0.5793269230769231 0.39663461538461553
0 0.6153846153846154 0.4062500000000001 0.5697115384615384 0.4062500000000001 0.5697115384615384 0.45432692307692324 0.6153846153846154 0.45432692307692324
0 0.6682692307692307 0.4134615384615386 0.6274038461538461 0.4134615384615386 0.6274038461538461 0.46634615384615397 0.6682692307692307 0.46634615384615397
0 0.6850961538461539 0.4326923076923078 0.6610576923076923 0.4326923076923078 0.6610576923076923 0.4639423076923078 0.6850961538461539 0.4639423076923078
0 0.7427884615384616 0.4326923076923078 0.7019230769230769 0.4326923076923078 0.7019230769230769 0.47355769230769246 0.7427884615384616 0.47355769230769246
0 0.7836538461538461 0.44230769230769246 0.7475961538461539 0.44230769230769246 0.7475961538461539 0.48557692307692324 0.7836538461538461 0.48557692307692324
0 0.7427884615384616 0.48317307692307704 0.7163461538461539 0.48317307692307704 0.7163461538461539 0.512019230769231 0.7427884615384616 0.512019230769231
0 0.7283653846153846 0.4879807692307694 0.6995192307692307 0.4879807692307694 0.6995192307692307 0.5264423076923078 0.7283653846153846 0.5264423076923078
0 0.6754807692307693 0.4711538461538463 0.6394230769230769 0.4711538461538463 0.6394230769230769 0.512019230769231 0.6754807692307693 0.512019230769231
0 0.6971153846153846 0.4951923076923078 0.6610576923076923 0.4951923076923078 0.6610576923076923 0.5360576923076924 0.6971153846153846 0.5360576923076924
0 0.7932692307692307 0.5336538461538463 0.7451923076923077 0.5336538461538463 0.7451923076923077 0.5841346153846155 0.7932692307692307 0.5841346153846155
0 0.7475961538461539 0.5721153846153848 0.7163461538461539 0.5721153846153848 0.7163461538461539 0.605769230769231 0.7475961538461539 0.605769230769231
0 0.71875 0.6129807692307694 0.6850961538461539 0.6129807692307694 0.6850961538461539 0.6442307692307693 0.71875 0.6442307692307693
0 0.5961538461538463 0.6274038461538461 0.5408653846153848 0.6274038461538461 0.5408653846153848 0.6754807692307693 0.5961538461538463 0.6754807692307693
0 0.4711538461538462 0.5456730769230769 0.43028846153846156 0.5456730769230769 0.4302884615384616 0.5913461538461539 0.4711538461538463 0.5913461538461539
0 0.49278846153846156 0.47836538461538464 0.4495192307692308 0.47836538461538464 0.4495192307692308 0.5336538461538461 0.49278846153846156 0.5336538461538461
0 0.46153846153846156 0.4567307692307692 0.40384615384615385 0.4567307692307692 0.40384615384615385 0.5192307692307693 0.46153846153846156 0.5192307692307693
0 0.31490384615384615 0.5120192307692307 0.264423076923077 0.5120192307692307 0.264423076923077 0.5408653846153846 0.31490384615384615 0.5408653846153846
0 0.3028846153846155 0.4182692307692308 0.2716346153846155 0.4182692307692308 0.2716346153846155 0.44711538461538464 0.3028846153846155 0.44711538461538464
0 0.26201923076923084 0.4423076923076923 0.23317307692307698 0.4423076923076923 0.23317307692307698 0.46875 0.26201923076923084 0.46875
0 0.20192307692307698 0.41586538461538464 0.15625000000000006 0.41586538461538464 0.15625000000000006 0.4543269230769231 0.20192307692307698 0.4543269230769231
0 0.17067307692307698 0.4375 0.13221153846153852 0.4375 0.13221153846153852 0.47836538461538464 0.17067307692307698 0.47836538461538464