0 0.45913461538461536 0.20192307692307698 0.41346153846153844 0.20192307692307698 0.41346153846153844 0.24519230769230776 0.45913461538461536 0.24519230769230776
0 0.5985576923076923 0.2548076923076924 0.5360576923076923 0.2548076923076924 0.5360576923076923 0.3052884615384616 0.5985576923076923 0.3052884615384616
0 0.65625 0.2740384615384616 0.6081730769230769 0.2740384615384616 0.6081730769230769 0.31009615384615397 0.65625 0.31009615384615397
0 0.7211538461538461 0.34134615384615397 0.65625 0.34134615384615397 0.65625 0.38942307692307704 0.7211538461538461 0.38942307692307704
0 0.7740384615384616 0.3990384615384617 0.71875 0.3990384615384617 0.71875 0.44230769230769246 0.7740384615384616 0.44230769230769246
0 0.7307692307692307 0.38942307692307704 0.6826923076923077 0.38942307692307704 0.6826923076923077 0.4302884615384617 0.7307692307692307 0.4302884615384617
0 0.4423076923076923 0.24278846153846162 0.39663461538461536 0.24278846153846162 0.39663461538461536 0.28846153846153855 0.4423076923076923 0.28846153846153855
0 0.3870192307692308 0.3028846153846155 0.3485576923076923 0.3028846153846155 0.3485576923076923 0.34375 0.3870192307692308 0.34375
0 0.3317307692307692 0.29807692307692313 0.28125000000000006 0.29807692307692313 0.28125000000000006 0.3485576923076923 0.3317307692307692 0.3485576923076923
0 0.29326923076923084 0.3605769230769231 0.2524038461538462 0.3605769230769231 0.2524038461538462 0.4014423076923077 0.29326923076923084 0.4014423076923077
0 0.3701923076923077 0.3581730769230769 0.31971153846153844 0.3581730769230769 0.31971153846153844 0.4110576923076923 0.3701923076923077 0.4110576923076923
0 0.4831730769230769 0.3798076923076923 0.4230769230769231 0.3798076923076923 0.4230769230769231 0.4254807692307692 0.4831730769230769 0.4254807692307692
0 0.5817307692307693 0.358173076923077 0.5288461538461539 0.3581730769230769 0.5288461538461539 0.3966346153846155 0.5817307692307693 0.39663461538461553
0 0.6177884615384616 0.4062500000000001 0.5697115384615384 0.4062500000000001 0.5697115384615384 0.4567307692307694 0.6177884615384616 0.4567307692307694
0 0.6706730769230769 0.4134615384615386 0.6225961538461539 0.4134615384615386 0.6225961538461539 0.4711538461538463 0.6706730769230769 0.4711538461538463
0 0.6850961538461539 0.43509615384615397 0.6610576923076923 0.43509615384615397 0.6610576923076923 0.46634615384615397 0.6850961538461539 0.46634615384615397
0 0.7427884615384616 0.4375000000000001 0.7043269230769231 0.4375000000000001 0.7043269230769231 0.47836538461538475 0.7427884615384616 0.47836538461538475
0 0.7860576923076923 0.44711538461538475 0.7475961538461539 0.44711538461538475 0.7475961538461539 0.4927884615384617 0.7860576923076923 0.4927884615384617
0 0.7451923076923077 0.48557692307692324 0.7163461538461539 0.48557692307692324 0.7163461538461539 0.5144230769230771 0.7451923076923077 0.5144230769230771
0 0.7259615384615384 0.4927884615384617 0.6995192307692307 0.4927884615384617 0.6995192307692307 0.5312500000000001 0.7259615384615384 0.5312500000000001
0 0.6754807692307693 0.47355769230769246 0.6394230769230769 0.47355769230769246 0.6394230769230769 0.5144230769230771 0.6754807692307693 0.5144230769230771
0 0.6947115384615384 0.49759615384615397 0.6610576923076923 0.49759615384615397 0.6610576923076923 0.5384615384615385 0.6947115384615384 0.5384615384615385
0 0.7932692307692307 0.5384615384615385 0.7451923076923077 0.5384615384615385 0.7451923076923077 0.5889423076923078 0.7932692307692307 0.5889423076923078
0 0.7475961538461539 0.5769230769230771 0.7139423076923077 0.5769230769230771 0.7139423076923077 0.6105769230769232 0.7475961538461539 0.6105769230769232
0 0.7139423076923077 0.6177884615384616 0.6826923076923077 0.6177884615384616 0.6826923076923077 0.6466346153846154 0.7139423076923077 0.6466346153846154
0 0.5937500000000001 0.6298076923076923 0.5384615384615385 0.6298076923076923 0.5384615384615385 0.6778846153846154 0.5937500000000001 0.6778846153846154
0 0.46875000000000006 0.5456730769230769 0.43028846153846156 0.5456730769230769 0.4302884615384616 0.5913461538461539 0.4687500000000001 0.5913461538461539
0 0.49038461538461536 0.47836538461538464 0.4495192307692308 0.47836538461538464 0.4495192307692308 0.5336538461538461 0.49038461538461536 0.5336538461538461
0 0.46153846153846156 0.4567307692307692 0.40384615384615385 0.4567307692307692 0.40384615384615385 0.5192307692307693 0.46153846153846156 0.5192307692307693
0 0.31490384615384615 0.5048076923076923 0.26201923076923084 0.5048076923076923 0.26201923076923084 0.5408653846153846 0.31490384615384615 0.5408653846153846
0 0.3052884615384616 0.4110576923076923 0.2716346153846155 0.4110576923076923 0.2716346153846155 0.44471153846153844 0.3052884615384616 0.44471153846153844
0 0.264423076923077 0.4375 0.23557692307692316 0.4375 0.23557692307692316 0.4639423076923077 0.264423076923077 0.4639423076923077
0 0.20192307692307698 0.4110576923076923 0.15865384615384623 0.4110576923076923 0.15865384615384623 0.4495192307692308 0.20192307692307698 0.4495192307692308
0 0.17067307692307698 0.4326923076923077 0.13221153846153852 0.4326923076923077 0.13221153846153852 0.47115384615384615 0.17067307692307698 0.47115384615384615