0 0.6514423076923077 0.2283653846153847 0.6105769230769231 0.2283653846153847 0.6105769230769231 0.264423076923077 0.6514423076923077 0.264423076923077
0 0.5168269230769231 0.2524038461538462 0.46153846153846156 0.2524038461538462 0.46153846153846156 0.28846153846153855 0.5168269230769231 0.28846153846153855
0 0.4423076923076923 0.2524038461538462 0.4014423076923077 0.2524038461538462 0.4014423076923077 0.2788461538461539 0.4423076923076923 0.2788461538461539
0 0.3798076923076923 0.3052884615384616 0.32211538461538464 0.3052884615384616 0.32211538461538464 0.34134615384615385 0.3798076923076923 0.34134615384615385
0 0.3028846153846155 0.3485576923076923 0.25721153846153855 0.3485576923076923 0.25721153846153855 0.3798076923076923 0.3028846153846155 0.3798076923076923
0 0.34134615384615385 0.34615384615384615 0.3004807692307693 0.34615384615384615 0.3004807692307693 0.37740384615384615 0.34134615384615385 0.37740384615384615
0 0.6538461538461539 0.2740384615384616 0.6177884615384616 0.2740384615384616 0.6177884615384616 0.31009615384615397 0.6538461538461539 0.31009615384615397
0 0.6850961538461539 0.3461538461538463 0.65625 0.3461538461538463 0.65625 0.3774038461538463 0.6850961538461539 0.3774038461538463
0 0.75 0.3557692307692309 0.7115384615384616 0.3557692307692309 0.7115384615384616 0.3942307692307694 0.75 0.3942307692307694
0 0.7644230769230769 0.42307692307692324 0.7331730769230769 0.42307692307692324 0.7331730769230769 0.45432692307692324 0.7644230769230769 0.45432692307692324
0 0.6995192307692307 0.4062500000000001 0.6610576923076923 0.4062500000000001 0.6610576923076923 0.44711538461538475 0.6995192307692307 0.44711538461538475
0 0.5961538461538461 0.40144230769230776 0.5432692307692307 0.4014423076923077 0.5432692307692307 0.43269230769230776 0.5961538461538461 0.4326923076923078
0 0.5 0.3557692307692308 0.4519230769230769 0.3557692307692308 0.4519230769230769 0.38221153846153844 0.5 0.38221153846153844
0 0.44471153846153844 0.3918269230769231 0.40865384615384615 0.3918269230769231 0.40865384615384615 0.43028846153846156 0.44471153846153844 0.43028846153846156
0 0.3870192307692308 0.38461538461538464 0.3557692307692308 0.38461538461538464 0.3557692307692308 0.4326923076923077 0.3870192307692308 0.4326923076923077
0 0.3557692307692308 0.39663461538461536 0.33653846153846156 0.39663461538461536 0.33653846153846156 0.4230769230769231 0.3557692307692308 0.4230769230769231
0 0.31009615384615385 0.3894230769230769 0.2788461538461539 0.3894230769230769 0.2788461538461539 0.4206730769230769 0.31009615384615385 0.4206730769230769
0 0.264423076923077 0.3870192307692308 0.23557692307692316 0.3870192307692308 0.23557692307692316 0.4230769230769231 0.264423076923077 0.4230769230769231
0 0.28846153846153855 0.4326923076923077 0.26682692307692313 0.4326923076923077 0.26682692307692313 0.4567307692307692 0.28846153846153855 0.4567307692307692
0 0.3004807692307693 0.44471153846153844 0.28125000000000006 0.44471153846153844 0.28125000000000006 0.47596153846153844 0.3004807692307693 0.47596153846153844
0 0.3629807692307692 0.43990384615384615 0.33653846153846156 0.43990384615384615 0.33653846153846156 0.4735576923076923 0.3629807692307692 0.4735576923076923
0 0.33653846153846156 0.4567307692307692 0.31009615384615385 0.4567307692307692 0.31009615384615385 0.49278846153846156 0.33653846153846156 0.49278846153846156
0 0.24278846153846162 0.47596153846153844 0.2067307692307693 0.47596153846153844 0.2067307692307693 0.5168269230769231 0.24278846153846162 0.5168269230769231
0 0.26682692307692313 0.5192307692307693 0.24038461538461545 0.5192307692307693 0.24038461538461545 0.5480769230769231 0.26682692307692313 0.5480769230769231
0 0.28846153846153855 0.5673076923076923 0.26201923076923084 0.5673076923076923 0.26201923076923084 0.5913461538461539 0.28846153846153855 0.5913461538461539
0 0.42307692307692324 0.6153846153846154 0.3774038461538463 0.6153846153846154 0.3774038461538463 0.6514423076923077 0.42307692307692324 0.6514423076923077
0 0.5480769230769231 0.5576923076923077 0.5168269230769231 0.5576923076923077 0.5168269230769231 0.5961538461538461 0.5480769230769232 0.5961538461538461
0 0.5432692307692307 0.4879807692307692 0.5120192307692307 0.4879807692307692 0.5120192307692307 0.5360576923076923 0.5432692307692307 0.5360576923076923
0 0.5913461538461539 0.4783653846153847 0.5480769230769231 0.47836538461538464 0.5480769230769231 0.528846153846154 0.5913461538461539 0.528846153846154
0 0.7259615384615384 0.5625000000000001 0.6778846153846154 0.5625000000000001 0.6778846153846154 0.5817307692307694 0.7259615384615384 0.5817307692307694
0 0.7355769230769231 0.4687500000000001 0.7091346153846154 0.4687500000000001 0.7091346153846154 0.4927884615384617 0.7355769230769231 0.4927884615384617
0 0.7692307692307693 0.5024038461538463 0.7451923076923077 0.5024038461538463 0.7451923076923077 0.5216346153846155 0.7692307692307693 0.5216346153846155
0 0.8461538461538461 0.4927884615384617 0.8100961538461539 0.4927884615384617 0.8100961538461539 0.5240384615384617 0.8461538461538461 0.5240384615384617
0 0.8653846153846154 0.5216346153846155 0.8341346153846154 0.5216346153846155 0.8341346153846154 0.5528846153846155 0.8653846153846154 0.5528846153846155