0 0.25000000000000006 0.4495192307692308 0.17067307692307698 0.4495192307692308 0.17067307692307698 0.5144230769230769 0.25000000000000006 0.5144230769230769
0 0.2836538461538462 0.2692307692307693 0.18269230769230768 0.2692307692307692 0.18269230769230774 0.35336538461538464 0.2836538461538462 0.35336538461538464
0 0.3485576923076923 0.4110576923076923 0.2860576923076924 0.4110576923076923 0.2860576923076924 0.4735576923076923 0.3485576923076923 0.4735576923076923
0 0.4326923076923077 0.21875000000000006 0.3389423076923077 0.21875000000000006 0.3389423076923077 0.3052884615384616 0.4326923076923077 0.3052884615384616
0 0.5192307692307693 0.2788461538461539 0.4230769230769231 0.2788461538461539 0.4230769230769231 0.3581730769230769 0.5192307692307693 0.3581730769230769
0 0.5456730769230769 0.18990384615384623 0.45913461538461536 0.18990384615384623 0.45913461538461536 0.2596153846153847 0.5456730769230769 0.2596153846153847
0 0.7524038461538461 0.3774038461538463 0.6418269230769231 0.3774038461538463 0.6418269230769231 0.4687500000000001 0.7524038461538461 0.4687500000000001
0 0.8076923076923077 0.5456730769230771 0.7115384615384616 0.5456730769230771 0.7115384615384616 0.625 0.8076923076923077 0.625
0 0.8653846153846154 0.6538461538461539 0.7740384615384616 0.6538461538461539 0.7740384615384616 0.7331730769230769 0.8653846153846154 0.7331730769230769
0 0.6826923076923077 0.7235576923076923 0.5961538461538463 0.7235576923076923 0.5961538461538463 0.7980769230769231 0.6826923076923077 0.7980769230769231
0 0.9326923076923077 0.9038461538461539 0.8413461538461539 0.9038461538461539 0.8413461538461539 0.9783653846153846 0.9326923076923077 0.9783653846153846