0 0.24519230769230776 0.4807692307692308 0.17307692307692316 0.4807692307692308 0.17307692307692316 0.5336538461538461 0.24519230769230776 0.5336538461538461
0 0.26201923076923084 0.3004807692307692 0.17307692307692316 0.3004807692307692 0.17307692307692316 0.36778846153846156 0.26201923076923084 0.36778846153846156
0 0.34134615384615385 0.43028846153846156 0.2836538461538462 0.43028846153846156 0.2836538461538462 0.4855769230769231 0.34134615384615385 0.4855769230769231
0 0.40625 0.23557692307692316 0.3245192307692308 0.23557692307692316 0.3245192307692308 0.31009615384615385 0.40625 0.31009615384615385
0 0.5 0.2860576923076924 0.4110576923076923 0.2860576923076924 0.4110576923076923 0.3581730769230769 0.5 0.3581730769230769
0 0.5168269230769231 0.1971153846153847 0.43990384615384615 0.1971153846153847 0.43990384615384615 0.2548076923076924 0.5168269230769231 0.2548076923076924
0 0.7379807692307693 0.3677884615384617 0.6394230769230769 0.3677884615384617 0.6394230769230769 0.44230769230769246 0.7379807692307693 0.44230769230769246
0 0.8076923076923077 0.528846153846154 0.7211538461538461 0.528846153846154 0.7211538461538461 0.5961538461538463 0.8076923076923077 0.5961538461538463
0 0.875 0.6322115384615384 0.7956730769230769 0.6322115384615384 0.7956730769230769 0.6971153846153846 0.875 0.6971153846153846
0 0.6995192307692307 0.7163461538461539 0.6201923076923077 0.7163461538461539 0.6201923076923077 0.7788461538461539 0.6995192307692307 0.7788461538461539
0 0.9639423076923077 0.875 0.8822115384615384 0.875 0.8822115384615384 0.9350961538461539 0.9639423076923077 0.9350961538461539