0 0.8293269230769231 0.5048076923076924 0.7475961538461539 0.5048076923076924 0.7475961538461539 0.5697115384615385 0.8293269230769231 0.5697115384615385
0 0.8485576923076923 0.3245192307692309 0.75 0.3245192307692309 0.75 0.4062500000000001 0.8485576923076923 0.4062500000000001
0 0.7259615384615384 0.4447115384615386 0.6586538461538461 0.4447115384615386 0.6586538461538461 0.512019230769231 0.7259615384615384 0.512019230769231
0 0.7043269230769231 0.2475961538461539 0.6129807692307693 0.2475961538461539 0.6129807692307693 0.32932692307692324 0.7043269230769231 0.32932692307692324
0 0.6153846153846154 0.2836538461538462 0.5120192307692307 0.2836538461538462 0.5120192307692307 0.37500000000000006 0.6153846153846154 0.3750000000000001
0 0.5913461538461539 0.1971153846153847 0.5096153846153846 0.1971153846153847 0.5096153846153846 0.264423076923077 0.5913461538461539 0.264423076923077
0 0.3798076923076923 0.3389423076923077 0.26682692307692313 0.3389423076923077 0.26682692307692313 0.4326923076923077 0.3798076923076923 0.4326923076923077
0 0.28125000000000006 0.49278846153846156 0.18028846153846162 0.49278846153846156 0.18028846153846162 0.5793269230769231 0.28125000000000006 0.5793269230769231
0 0.19471153846153852 0.59375 0.10576923076923084 0.59375 0.10576923076923084 0.6658653846153846 0.19471153846153852 0.6658653846153846
0 0.35817307692307704 0.6947115384615384 0.2716346153846155 0.6947115384615384 0.2716346153846155 0.7668269230769231 0.35817307692307704 0.7668269230769231
0 0.08173076923076933 0.8221153846153846 1.006800974299026e-16 0.8221153846153846 1.0494869805193063e-16 0.8918269230769231 0.08173076923076933 0.8918269230769231