0 0.1418269230769231 0.23557692307692307 0.09855769230769235 0.23557692307692307 0.09855769230769235 0.27403846153846156 0.1418269230769231 0.27403846153846156
0 0.21153846153846156 0.25961538461538464 0.15384615384615385 0.25961538461538464 0.15384615384615388 0.31009615384615385 0.21153846153846162 0.31009615384615385
0 0.2692307692307693 0.29086538461538464 0.22596153846153852 0.29086538461538464 0.22596153846153852 0.34615384615384615 0.2692307692307693 0.34615384615384615
0 0.35096153846153844 0.3269230769230769 0.295673076923077 0.3269230769230769 0.295673076923077 0.375 0.35096153846153844 0.375
0 0.46634615384615385 0.35096153846153844 0.4230769230769231 0.35096153846153844 0.4230769230769231 0.39903846153846156 0.46634615384615385 0.39903846153846156
0 0.5673076923076923 0.4038461538461539 0.5336538461538461 0.40384615384615385 0.5336538461538461 0.4471153846153847 0.5673076923076923 0.44711538461538475
0 0.6875 0.44230769230769246 0.65625 0.44230769230769246 0.65625 0.4807692307692309 0.6875 0.4807692307692309
0 0.7740384615384616 0.49759615384615397 0.7235576923076923 0.49759615384615397 0.7235576923076923 0.5384615384615385 0.7740384615384616 0.5384615384615385
0 0.7019230769230769 0.48557692307692324 0.6514423076923077 0.48557692307692324 0.6514423076923077 0.5192307692307694 0.7019230769230769 0.5192307692307694
0 0.6370192307692307 0.4879807692307694 0.5913461538461539 0.4879807692307694 0.5913461538461539 0.5312500000000001 0.6370192307692307 0.5312500000000001
0 0.59375 0.4975961538461539 0.5528846153846154 0.49759615384615385 0.5528846153846154 0.5384615384615385 0.59375 0.5384615384615385
0 0.47596153846153844 0.4879807692307692 0.44471153846153844 0.4879807692307692 0.44471153846153844 0.5216346153846154 0.47596153846153844 0.5216346153846154