0 0.1322115384615385 0.24759615384615385 0.08894230769230772 0.24759615384615385 0.08894230769230772 0.2860576923076923 0.1322115384615385 0.2860576923076923
0 0.20192307692307696 0.27163461538461536 0.14663461538461542 0.27163461538461536 0.14663461538461542 0.31971153846153844 0.20192307692307698 0.31971153846153844
0 0.26201923076923084 0.3004807692307692 0.22115384615384623 0.3004807692307692 0.22115384615384623 0.35336538461538464 0.26201923076923084 0.35336538461538464
0 0.34375 0.33413461538461536 0.28846153846153855 0.33413461538461536 0.28846153846153855 0.38221153846153844 0.34375 0.38221153846153844
0 0.4639423076923077 0.35096153846153844 0.4182692307692308 0.35096153846153844 0.4182692307692308 0.4014423076923077 0.4639423076923077 0.4014423076923077
0 0.5625 0.4038461538461539 0.5336538461538461 0.40384615384615385 0.5336538461538461 0.4471153846153847 0.5625 0.44711538461538475
0 0.6875 0.4375000000000001 0.65625 0.4375000000000001 0.65625 0.4759615384615386 0.6875 0.4759615384615386
0 0.7740384615384616 0.4879807692307694 0.7235576923076923 0.4879807692307694 0.7235576923076923 0.528846153846154 0.7740384615384616 0.528846153846154
0 0.7019230769230769 0.47836538461538475 0.6514423076923077 0.47836538461538475 0.6514423076923077 0.512019230769231 0.7019230769230769 0.512019230769231
0 0.6394230769230769 0.48317307692307704 0.5913461538461539 0.48317307692307704 0.5913461538461539 0.528846153846154 0.6394230769230769 0.528846153846154
0 0.59375 0.49519230769230776 0.5528846153846154 0.4951923076923077 0.5528846153846154 0.5360576923076924 0.59375 0.5360576923076924
0 0.4735576923076923 0.49038461538461536 0.44471153846153844 0.49038461538461536 0.44471153846153844 0.5240384615384616 0.4735576923076923 0.5240384615384616