0 0.09134615384615388 0.3389423076923077 0.05288461538461542 0.3389423076923077 0.052884615384615426 0.36778846153846156 0.09134615384615388 0.36778846153846156
0 0.16346153846153852 0.3485576923076923 0.11778846153846158 0.3485576923076923 0.11778846153846158 0.3870192307692308 0.16346153846153852 0.3870192307692308
0 0.22596153846153852 0.3605769230769231 0.19471153846153852 0.3605769230769231 0.19471153846153852 0.40625 0.22596153846153852 0.40625
0 0.31490384615384615 0.3798076923076923 0.26682692307692313 0.3798076923076923 0.26682692307692313 0.4182692307692308 0.31490384615384615 0.4182692307692308
0 0.43509615384615385 0.3701923076923077 0.39903846153846156 0.3701923076923077 0.39903846153846156 0.4110576923076923 0.43509615384615385 0.4110576923076923
0 0.5408653846153846 0.39663461538461536 0.5192307692307693 0.39663461538461536 0.5192307692307693 0.43509615384615385 0.5408653846153846 0.43509615384615385
0 0.6706730769230769 0.40384615384615397 0.6466346153846154 0.40384615384615397 0.6466346153846154 0.4375000000000001 0.6706730769230769 0.4375000000000001
0 0.7668269230769231 0.44230769230769246 0.7235576923076923 0.44230769230769246 0.7235576923076923 0.4711538461538463 0.7668269230769231 0.4711538461538463
0 0.6947115384615384 0.44711538461538475 0.6490384615384616 0.44711538461538475 0.6490384615384616 0.47355769230769246 0.6947115384615384 0.47355769230769246
0 0.6322115384615384 0.4639423076923078 0.59375 0.4639423076923078 0.59375 0.5000000000000001 0.6322115384615384 0.5000000000000001
0 0.5913461538461539 0.48317307692307704 0.5600961538461539 0.48317307692307704 0.5600961538461539 0.5144230769230771 0.5913461538461539 0.5144230769230771
0 0.4735576923076923 0.5 0.4495192307692308 0.5 0.4495192307692308 0.5288461538461539 0.4735576923076923 0.5288461538461539