0 0.6081730769230769 6.844480307734605e-17 0.5096153846153846 6.240988495654781e-17 0.5096153846153846 0.09134615384615391 0.6081730769230769 0.09134615384615391
0 0.8004807692307693 0.021634615384615474 0.71875 0.02163461538461547 0.71875 0.10817307692307702 0.8004807692307693 0.10817307692307702
0 0.3004807692307693 0.1730769230769231 0.21875 0.17307692307692307 0.21875000000000003 0.28125000000000006 0.3004807692307693 0.28125000000000006
0 0.1682692307692308 0.25961538461538464 0.07451923076923081 0.25961538461538464 0.07451923076923081 0.3701923076923077 0.16826923076923084 0.3701923076923077
0 0.11538461538461543 0.3293269230769231 0.03125000000000004 0.3293269230769231 0.03125000000000005 0.42788461538461536 0.11538461538461545 0.42788461538461536
0 0.3004807692307693 0.3581730769230769 0.20432692307692316 0.3581730769230769 0.20432692307692316 0.46634615384615385 0.3004807692307693 0.46634615384615385
0 0.3389423076923078 0.5625 0.25000000000000006 0.5625 0.25000000000000006 0.6634615384615384 0.3389423076923078 0.6634615384615384
0 0.4375000000000001 0.7211538461538461 0.3437500000000001 0.7211538461538461 0.3437500000000001 0.8221153846153846 0.4375000000000001 0.8221153846153846
0 0.3317307692307694 0.7259615384615384 0.26682692307692313 0.7259615384615384 0.26682692307692313 0.8173076923076923 0.3317307692307694 0.8173076923076923
0 0.18269230769230776 0.5985576923076923 0.05769230769230776 0.5985576923076923 0.05769230769230777 0.7379807692307693 0.18269230769230776 0.7379807692307693
0 0.39663461538461553 0.8317307692307693 0.2908653846153847 0.8317307692307693 0.2908653846153847 0.9399038461538461 0.39663461538461553 0.9399038461538461
0 0.8004807692307693 0.8028846153846154 0.7091346153846154 0.8028846153846154 0.7091346153846154 0.9086538461538461 0.8004807692307693 0.9086538461538461
0 1 0.7980769230769231 0.9230769230769231 0.7980769230769231 0.9230769230769231 0.90625 1 0.90625
0 0.8485576923076923 0.5793269230769232 0.7596153846153846 0.5793269230769232 0.7596153846153846 0.6875 0.8485576923076923 0.6875
0 0.8100961538461539 0.42067307692307704 0.7379807692307693 0.42067307692307704 0.7379807692307693 0.5168269230769232 0.8100961538461539 0.5168269230769232
0 0.7908653846153846 0.3076923076923078 0.7331730769230769 0.3076923076923078 0.7331730769230769 0.3822115384615386 0.7908653846153846 0.3822115384615386
0 0.5793269230769231 0.076923076923077 0.4855769230769231 0.076923076923077 0.4855769230769231 0.1754807692307693 0.5793269230769231 0.1754807692307693
0 0.47596153846153844 0.15865384615384623 0.40625 0.15865384615384623 0.40625 0.23076923076923084 0.47596153846153844 0.23076923076923084
0 0.4567307692307692 0.40865384615384615 0.3557692307692308 0.40865384615384615 0.3557692307692308 0.5192307692307693 0.4567307692307692 0.5192307692307693
0 0.42307692307692313 0.5024038461538461 0.32211538461538464 0.5024038461538461 0.3221153846153847 0.6370192307692307 0.42307692307692324 0.6370192307692307
0 0.46394230769230776 0.5336538461538461 0.3942307692307692 0.5336538461538461 0.3942307692307693 0.6081730769230769 0.4639423076923078 0.6081730769230769
0 0.5937500000000001 0.6778846153846154 0.4807692307692309 0.6778846153846154 0.4807692307692309 0.7860576923076923 0.5937500000000001 0.7860576923076923
0 0.5961538461538463 0.7379807692307693 0.5072115384615385 0.7379807692307693 0.5072115384615385 0.8389423076923077 0.5961538461538463 0.8389423076923077
0 0.5072115384615385 0.8221153846153846 0.4062500000000001 0.8221153846153846 0.4062500000000001 0.9230769230769231 0.5072115384615385 0.9230769230769231
0 0.7259615384615384 0.06490384615384624 0.6490384615384616 0.06490384615384624 0.6490384615384616 0.16105769230769237 0.7259615384615384 0.16105769230769237
0 0.6466346153846154 0.1971153846153847 0.5576923076923077 0.1971153846153847 0.5576923076923077 0.3004807692307693 0.6466346153846154 0.3004807692307693