0 0.6971153846153846 0.01201923076923085 0.6298076923076923 0.012019230769230846 0.6298076923076923 0.10576923076923084 0.6971153846153846 0.10576923076923084
0 0.8846153846153846 0.09855769230769242 0.8173076923076923 0.09855769230769242 0.8173076923076923 0.17067307692307704 0.8846153846153846 0.17067307692307707
0 0.08173076923076925 0.06730769230769232 0.024038461538461547 0.0673076923076923 0.02403846153846155 0.14423076923076922 0.08173076923076926 0.14423076923076922
0 0.3557692307692308 0.1322115384615385 0.2980769230769231 0.1322115384615385 0.2980769230769231 0.22596153846153852 0.3557692307692308 0.22596153846153852
0 0.20673076923076927 0.1875 0.13942307692307696 0.1875 0.13942307692307696 0.28125 0.2067307692307693 0.28125
0 0.1418269230769231 0.24519230769230768 0.07932692307692311 0.24519230769230768 0.07932692307692311 0.3269230769230769 0.1418269230769231 0.3269230769230769
0 0.3125 0.3125 0.24278846153846162 0.3125 0.24278846153846162 0.4014423076923077 0.3125 0.4014423076923077
0 0.30769230769230776 0.5216346153846154 0.24038461538461545 0.5216346153846154 0.24038461538461545 0.6057692307692307 0.3076923076923078 0.6057692307692307
0 0.3701923076923078 0.6971153846153846 0.295673076923077 0.6971153846153846 0.295673076923077 0.7860576923076923 0.3701923076923078 0.7860576923076923
0 0.26682692307692313 0.6802884615384616 0.22115384615384623 0.6802884615384616 0.22115384615384623 0.7596153846153846 0.26682692307692313 0.7596153846153846
0 0.13942307692307698 0.5216346153846154 0.04567307692307699 0.5216346153846154 0.045673076923077 0.6370192307692307 0.13942307692307698 0.6370192307692307
0 0.30048076923076933 0.7980769230769231 0.22115384615384623 0.7980769230769231 0.22115384615384626 0.8822115384615384 0.3004807692307694 0.8822115384615384
0 0.7043269230769231 0.8581730769230769 0.6346153846153846 0.8581730769230769 0.6346153846153846 0.9471153846153846 0.7043269230769231 0.9471153846153846
0 0.9158653846153846 0.9038461538461539 0.84375 0.9038461538461539 0.84375 0.9951923076923077 0.9158653846153846 0.9951923076923077
0 0.7980769230769231 0.6514423076923077 0.7355769230769231 0.6514423076923077 0.7355769230769231 0.7427884615384616 0.7980769230769231 0.7427884615384616
0 0.8004807692307693 0.4879807692307694 0.7475961538461539 0.4879807692307694 0.7475961538461539 0.574519230769231 0.8004807692307693 0.574519230769231
0 0.8100961538461539 0.3750000000000001 0.7716346153846154 0.3750000000000001 0.7716346153846154 0.4399038461538463 0.8100961538461539 0.4399038461538463
0 0.6490384615384616 0.10336538461538468 0.5793269230769231 0.10336538461538468 0.5793269230769231 0.18028846153846162 0.6490384615384616 0.18028846153846162
0 0.5384615384615384 0.16105769230769237 0.4831730769230769 0.16105769230769237 0.4831730769230769 0.21875000000000006 0.5384615384615384 0.21875000000000006
0 0.4543269230769231 0.39663461538461536 0.37740384615384615 0.39663461538461536 0.37740384615384615 0.4879807692307692 0.4543269230769231 0.4879807692307692
0 0.39182692307692313 0.4807692307692308 0.3269230769230769 0.4807692307692308 0.326923076923077 0.5985576923076923 0.39182692307692324 0.5985576923076923
0 0.4423076923076924 0.5216346153846154 0.3918269230769231 0.5216346153846154 0.39182692307692313 0.5817307692307693 0.44230769230769246 0.5817307692307693
0 0.528846153846154 0.6923076923076923 0.4399038461538463 0.6923076923076923 0.4399038461538463 0.7764423076923077 0.528846153846154 0.7764423076923077
0 0.5168269230769232 0.7524038461538461 0.45432692307692324 0.7524038461538461 0.45432692307692324 0.8341346153846154 0.5168269230769232 0.8341346153846154
0 0.41586538461538475 0.8100961538461539 0.3317307692307694 0.8100961538461539 0.3317307692307694 0.8942307692307693 0.41586538461538475 0.8942307692307693
0 0.7980769230769231 0.12259615384615395 0.7403846153846154 0.12259615384615395 0.7403846153846154 0.2067307692307693 0.7980769230769231 0.2067307692307693
0 0.6850961538461539 0.23557692307692316 0.625 0.23557692307692316 0.625 0.3197115384615386 0.6850961538461539 0.3197115384615386