0 0.10336538461538465 0.3173076923076923 3.885898497294486e-17 0.3173076923076923 4.3863551219460483e-17 0.39903846153846156 0.10336538461538465 0.39903846153846156
0 0.15625 0.1322115384615385 0.07932692307692307 0.13221153846153846 0.0793269230769231 0.20673076923076922 0.15625 0.20673076923076922
0 0.17067307692307707 0.9350961538461539 0.09134615384615395 0.9350961538461539 0.09134615384615397 1 0.17067307692307707 1
0 0.2379807692307693 0.65625 0.13942307692307698 0.65625 0.139423076923077 0.7259615384615384 0.2379807692307693 0.7259615384615384
0 0.3028846153846155 0.8004807692307693 0.19951923076923084 0.8004807692307693 0.19951923076923087 0.8822115384615384 0.30288461538461553 0.8822115384615384
0 0.34855769230769246 0.8677884615384616 0.26442307692307704 0.8677884615384616 0.26442307692307704 0.9350961538461539 0.34855769230769246 0.9350961538461539
0 0.42067307692307704 0.6899038461538461 0.3197115384615386 0.6899038461538461 0.3197115384615386 0.7716346153846154 0.42067307692307704 0.7716346153846154
0 0.6225961538461539 0.6850961538461539 0.528846153846154 0.6850961538461539 0.528846153846154 0.7644230769230769 0.6225961538461539 0.7644230769230769
0 0.7980769230769231 0.6129807692307694 0.7019230769230769 0.6129807692307694 0.7019230769230769 0.6995192307692307 0.7980769230769231 0.6995192307692307
0 0.7764423076923077 0.7163461538461539 0.6923076923076923 0.7163461538461539 0.6923076923076923 0.7740384615384616 0.7764423076923077 0.7740384615384616
0 0.6658653846153846 0.8461538461538461 0.5360576923076924 0.8461538461538461 0.5360576923076924 0.9591346153846154 0.6658653846153846 0.9591346153846154
0 0.8990384615384616 0.6778846153846154 0.8028846153846154 0.6778846153846154 0.8028846153846154 0.7692307692307693 0.8990384615384616 0.7692307692307693
0 0.9399038461538461 0.2764423076923078 0.8485576923076923 0.2764423076923078 0.8485576923076923 0.34855769230769246 0.9399038461538461 0.34855769230769246
0 0.9807692307692307 0.05528846153846165 0.8798076923076923 0.05528846153846164 0.8798076923076923 0.13942307692307704 0.9807692307692307 0.13942307692307707
0 0.7355769230769231 0.1850961538461539 0.6322115384615384 0.1850961538461539 0.6322115384615384 0.26201923076923084 0.7355769230769231 0.26201923076923084
0 0.5625 0.1971153846153847 0.47115384615384615 0.1971153846153847 0.47115384615384615 0.2548076923076924 0.5625 0.2548076923076924
0 0.4254807692307692 0.19471153846153852 0.3581730769230769 0.19471153846153852 0.3581730769230769 0.23557692307692316 0.4254807692307692 0.23557692307692316
0 0.17788461538461545 0.36778846153846156 0.09615384615384619 0.36778846153846156 0.0961538461538462 0.4423076923076923 0.17788461538461545 0.4423076923076923
0 0.22115384615384623 0.47836538461538464 0.15865384615384623 0.47836538461538464 0.15865384615384623 0.5384615384615384 0.22115384615384623 0.5384615384615384
0 0.4975961538461539 0.5432692307692307 0.39663461538461536 0.5432692307692307 0.3966346153846155 0.6322115384615384 0.49759615384615397 0.6322115384615384
0 0.6081730769230771 0.5961538461538463 0.48317307692307704 0.5961538461538461 0.48317307692307704 0.6802884615384616 0.6081730769230771 0.6802884615384616
0 0.591346153846154 0.5528846153846154 0.5240384615384616 0.5528846153846154 0.5240384615384616 0.6129807692307693 0.591346153846154 0.6129807692307694
0 0.7788461538461539 0.4567307692307694 0.6875 0.4567307692307694 0.6875 0.5552884615384617 0.7788461538461539 0.5552884615384617
0 0.8365384615384616 0.4639423076923078 0.75 0.4639423076923078 0.75 0.5360576923076924 0.8365384615384616 0.5360576923076924
0 0.90625 0.560096153846154 0.8125 0.560096153846154 0.8125 0.65625 0.90625 0.65625
0 0.19711538461538464 0.21394230769230768 0.10576923076923081 0.21394230769230768 0.10576923076923081 0.2860576923076923 0.1971153846153847 0.2860576923076923
0 0.31490384615384615 0.32211538461538464 0.22596153846153852 0.32211538461538464 0.22596153846153852 0.3942307692307692 0.31490384615384615 0.3942307692307692