0 0.42307692307692324 0.7355769230769231 0.2788461538461539 0.7355769230769231 0.27884615384615397 0.8725961538461539 0.42307692307692324 0.8725961538461539
0 0.5817307692307694 0.8341346153846154 0.47836538461538475 0.8341346153846154 0.47836538461538475 0.9399038461538461 0.5817307692307694 0.9399038461538461
0 0.7283653846153846 0.8557692307692307 0.5865384615384617 0.8557692307692307 0.5865384615384617 0.9591346153846154 0.7283653846153846 0.9591346153846154
0 0.7379807692307693 0.7884615384615384 0.65625 0.7884615384615384 0.65625 0.8605769230769231 0.7379807692307693 0.8605769230769231
0 0.5961538461538463 0.78125 0.5240384615384617 0.78125 0.5240384615384617 0.8557692307692307 0.5961538461538463 0.8557692307692307
0 0.6298076923076923 0.7548076923076923 0.5649038461538463 0.7548076923076923 0.5649038461538463 0.8221153846153846 0.6298076923076923 0.8221153846153846
0 0.6634615384615384 0.8028846153846154 0.6009615384615385 0.8028846153846154 0.6009615384615385 0.8822115384615384 0.6634615384615384 0.8822115384615384
0 0.591346153846154 0.5576923076923077 0.4807692307692308 0.5576923076923077 0.48076923076923084 0.6586538461538461 0.591346153846154 0.6586538461538461
0 0.5216346153846154 0.4326923076923077 0.41346153846153844 0.4326923076923077 0.41346153846153844 0.5384615384615384 0.5216346153846154 0.5384615384615384
0 0.5961538461538461 0.32932692307692313 0.5120192307692307 0.3293269230769231 0.5120192307692307 0.4086538461538462 0.5961538461538461 0.4086538461538463
0 0.5745192307692307 0.41826923076923084 0.5120192307692307 0.4182692307692308 0.5120192307692307 0.4879807692307693 0.5745192307692307 0.4879807692307694
0 0.6538461538461539 0.47596153846153855 0.5456730769230769 0.47596153846153844 0.545673076923077 0.5673076923076924 0.6538461538461539 0.5673076923076924
0 0.6706730769230769 0.543269230769231 0.6057692307692307 0.543269230769231 0.6057692307692308 0.6177884615384616 0.6706730769230769 0.6177884615384616
0 0.6875 0.605769230769231 0.6009615384615385 0.605769230769231 0.6009615384615385 0.6875 0.6875 0.6875
0 0.7163461538461539 0.6730769230769231 0.6418269230769231 0.6730769230769231 0.6418269230769231 0.7524038461538461 0.7163461538461539 0.7524038461538461
0 0.6899038461538461 0.7139423076923077 0.6153846153846154 0.7139423076923077 0.6153846153846154 0.7908653846153846 0.6899038461538461 0.7908653846153846