0 0.8822115384615384 0.35817307692307704 0.7764423076923077 0.35817307692307704 0.7764423076923077 0.47355769230769246 0.8822115384615384 0.47355769230769246
0 0.9134615384615384 0.5697115384615385 0.8341346153846154 0.5697115384615385 0.8341346153846154 0.6466346153846154 0.9134615384615384 0.6466346153846154
0 0.8966346153846154 0.6754807692307693 0.8341346153846154 0.6754807692307693 0.8341346153846154 0.8004807692307693 0.8966346153846154 0.8004807692307693
0 0.8028846153846154 0.7259615384615384 0.7475961538461539 0.7259615384615384 0.7475961538461539 0.7932692307692307 0.8028846153846154 0.7932692307692307
0 0.8293269230769231 0.5961538461538463 0.7716346153846154 0.5961538461538463 0.7716346153846154 0.6514423076923077 0.8293269230769231 0.6514423076923077
0 0.7908653846153846 0.6274038461538461 0.7355769230769231 0.6274038461538461 0.7355769230769231 0.6802884615384616 0.7908653846153846 0.6802884615384616
0 0.8413461538461539 0.6778846153846154 0.7740384615384616 0.6778846153846154 0.7740384615384616 0.7211538461538461 0.8413461538461539 0.7211538461538461
0 0.6346153846153846 0.512019230769231 0.5625 0.512019230769231 0.5625000000000001 0.6009615384615385 0.6346153846153846 0.6009615384615385
0 0.5336538461538461 0.4230769230769231 0.4495192307692308 0.4230769230769231 0.4495192307692308 0.5072115384615384 0.5336538461538461 0.5072115384615384
0 0.389423076923077 0.49038461538461536 0.3293269230769231 0.49038461538461536 0.32932692307692313 0.5600961538461539 0.38942307692307704 0.5600961538461539
0 0.4735576923076923 0.5096153846153846 0.41586538461538464 0.5096153846153846 0.41586538461538464 0.5552884615384616 0.4735576923076923 0.5552884615384616
0 0.5336538461538463 0.5552884615384616 0.46875 0.5552884615384616 0.46875000000000006 0.6466346153846154 0.5336538461538463 0.6466346153846154
0 0.5817307692307694 0.6274038461538461 0.5192307692307694 0.6274038461538461 0.5192307692307694 0.6754807692307693 0.5817307692307694 0.6754807692307693
0 0.6466346153846154 0.6346153846153846 0.5841346153846155 0.6346153846153846 0.5841346153846155 0.7067307692307693 0.6466346153846154 0.7067307692307693
0 0.7019230769230769 0.6923076923076923 0.6394230769230769 0.6923076923076923 0.6394230769230769 0.75 0.7019230769230769 0.75
0 0.7475961538461539 0.6706730769230769 0.6850961538461539 0.6706730769230769 0.6850961538461539 0.7307692307692307 0.7475961538461539 0.7307692307692307