0 0.5745192307692307 0.09134615384615391 0.43028846153846156 0.09134615384615391 0.43028846153846156 0.23076923076923084 0.5745192307692307 0.23076923076923084
0 0.3557692307692308 0.11298076923076926 0.2548076923076923 0.11298076923076926 0.2548076923076923 0.21634615384615388 0.3557692307692308 0.2163461538461539
0 0.25 0.15865384615384615 0.11298076923076926 0.15865384615384615 0.11298076923076926 0.25 0.25 0.25
0 0.22355769230769235 0.25721153846153844 0.13942307692307696 0.25721153846153844 0.13942307692307696 0.33413461538461536 0.22355769230769237 0.33413461538461536
0 0.34375 0.2043269230769231 0.27403846153846156 0.20432692307692307 0.27403846153846156 0.27403846153846156 0.34375 0.2740384615384616
0 0.32211538461538464 0.24759615384615388 0.2548076923076923 0.24759615384615385 0.25480769230769235 0.3173076923076923 0.32211538461538464 0.3173076923076923
0 0.2620192307692308 0.21153846153846154 0.20192307692307693 0.21153846153846154 0.20192307692307696 0.29086538461538464 0.26201923076923084 0.29086538461538464
0 0.47596153846153844 0.37259615384615385 0.3701923076923077 0.37259615384615385 0.3701923076923077 0.46634615384615385 0.47596153846153844 0.46634615384615385
0 0.5889423076923077 0.44951923076923084 0.4879807692307692 0.4495192307692308 0.4879807692307692 0.5504807692307693 0.5889423076923077 0.5504807692307694
0 0.5504807692307694 0.6057692307692307 0.4711538461538463 0.6057692307692307 0.4711538461538463 0.6802884615384616 0.5504807692307694 0.6802884615384616
0 0.5120192307692308 0.5288461538461539 0.4543269230769231 0.5288461538461539 0.45432692307692313 0.5961538461538461 0.512019230769231 0.5961538461538461
0 0.4567307692307693 0.47596153846153844 0.34615384615384615 0.47596153846153844 0.3461538461538462 0.5697115384615384 0.4567307692307694 0.5697115384615384
0 0.375 0.4519230769230769 0.31009615384615385 0.4519230769230769 0.31009615384615385 0.5240384615384616 0.375 0.5240384615384616
0 0.35096153846153844 0.3894230769230769 0.26201923076923084 0.3894230769230769 0.26201923076923084 0.47115384615384615 0.35096153846153844 0.47115384615384615
0 0.2836538461538462 0.3485576923076923 0.20913461538461545 0.3485576923076923 0.20913461538461545 0.4254807692307692 0.2836538461538462 0.4254807692307692
0 0.29326923076923084 0.3004807692307693 0.21394230769230776 0.3004807692307692 0.21394230769230776 0.38221153846153844 0.29326923076923084 0.38221153846153844