0 0.22115384615384623 0.36538461538461536 0.1274038461538462 0.36538461538461536 0.1274038461538462 0.47596153846153844 0.22115384615384623 0.47596153846153844
0 0.4254807692307692 0.19951923076923084 0.35336538461538464 0.19951923076923084 0.35336538461538464 0.28125000000000006 0.4254807692307692 0.28125000000000006
0 0.20192307692307698 0.6298076923076923 0.10576923076923084 0.6298076923076923 0.10576923076923085 0.7259615384615384 0.20192307692307698 0.7259615384615384
0 0.6322115384615384 0.7596153846153846 0.5528846153846155 0.7596153846153846 0.5528846153846155 0.8365384615384616 0.6322115384615384 0.8365384615384616
0 0.9519230769230769 0.7043269230769231 0.8677884615384616 0.7043269230769231 0.8677884615384616 0.7836538461538461 0.9519230769230769 0.7836538461538461
0 0.6778846153846154 0.03365384615384623 0.5817307692307693 0.03365384615384622 0.5817307692307693 0.1346153846153847 0.6778846153846154 0.1346153846153847
0 0.5024038461538463 0.8004807692307693 0.42067307692307704 0.8004807692307693 0.42067307692307704 0.8774038461538461 0.5024038461538463 0.8774038461538461
0 0.3653846153846155 0.5240384615384616 0.29326923076923084 0.5240384615384616 0.29326923076923084 0.6009615384615384 0.36538461538461553 0.6009615384615384
0 0.44711538461538464 0.43990384615384615 0.3581730769230769 0.43990384615384615 0.3581730769230769 0.5240384615384616 0.44711538461538464 0.5240384615384616
0 0.8245192307692307 0.0673076923076924 0.7355769230769231 0.06730769230769239 0.7355769230769231 0.16346153846153852 0.8245192307692307 0.16346153846153852
0 0.7764423076923077 0.14903846153846162 0.6923076923076923 0.14903846153846162 0.6923076923076923 0.23076923076923084 0.7764423076923077 0.23076923076923084
0 0.7836538461538461 0.2548076923076924 0.6875 0.2548076923076924 0.6875 0.3461538461538463 0.7836538461538461 0.3461538461538463
0 0.8365384615384616 0.38942307692307704 0.7572115384615384 0.38942307692307704 0.7572115384615384 0.4951923076923078 0.8365384615384616 0.4951923076923078
0 0.90625 0.4447115384615386 0.8149038461538461 0.4447115384615386 0.8149038461538461 0.5264423076923078 0.90625 0.5264423076923078
0 0.8461538461538461 0.6682692307692307 0.7740384615384616 0.6682692307692307 0.7740384615384616 0.7403846153846154 0.8461538461538461 0.7403846153846154
0 0.7980769230769231 0.6033653846153848 0.7163461538461539 0.6033653846153848 0.7163461538461539 0.6899038461538461 0.7980769230769231 0.6899038461538461
0 0.71875 0.9014423076923077 0.6514423076923077 0.9014423076923077 0.6514423076923077 0.9735576923076923 0.71875 0.9735576923076923
0 0.75 0.4759615384615386 0.6274038461538461 0.4759615384615386 0.6274038461538461 0.6033653846153848 0.75 0.6033653846153848
0 0.6442307692307693 0.4927884615384616 0.5504807692307693 0.49278846153846156 0.5504807692307693 0.5793269230769231 0.6442307692307693 0.5793269230769232
0 0.6586538461538461 0.3966346153846155 0.5480769230769231 0.39663461538461536 0.5480769230769231 0.5096153846153847 0.6586538461538461 0.5096153846153848
0 0.7091346153846154 0.35336538461538475 0.6322115384615384 0.35336538461538475 0.6322115384615384 0.45913461538461553 0.7091346153846154 0.45913461538461553
0 0.6418269230769231 0.29326923076923084 0.5673076923076923 0.29326923076923084 0.5673076923076923 0.3701923076923078 0.6418269230769231 0.3701923076923078
0 0.5649038461538461 0.26201923076923084 0.5 0.26201923076923084 0.5 0.33894230769230776 0.5649038461538461 0.3389423076923078
0 0.6346153846153846 0.1346153846153847 0.53125 0.1346153846153847 0.53125 0.23317307692307698 0.6346153846153846 0.23317307692307698
0 0.4903846153846155 0.49759615384615385 0.4014423076923077 0.49759615384615385 0.40144230769230776 0.6129807692307693 0.49038461538461553 0.6129807692307693