0 0.3701923076923078 0.7451923076923077 0.2740384615384616 0.7451923076923077 0.2740384615384616 0.8245192307692307 0.3701923076923078 0.8245192307692307
0 0.2548076923076924 0.49759615384615385 0.18750000000000006 0.49759615384615385 0.18750000000000006 0.5528846153846154 0.2548076923076924 0.5528846153846154
0 0.6009615384615385 0.8485576923076923 0.5216346153846155 0.8485576923076923 0.5216346153846155 0.9230769230769231 0.6009615384615385 0.9230769230769231
0 0.8413461538461539 0.4711538461538463 0.78125 0.4711538461538463 0.78125 0.5384615384615385 0.8413461538461539 0.5384615384615385
0 0.8894230769230769 0.14903846153846165 0.8269230769230769 0.14903846153846165 0.8269230769230769 0.2235576923076924 0.8894230769230769 0.22355769230769246
0 0.18750000000000003 0.2091346153846154 0.09615384615384619 0.2091346153846154 0.09615384615384619 0.29086538461538464 0.18750000000000006 0.29086538461538464
0 0.8413461538461539 0.6081730769230771 0.78125 0.6081730769230771 0.78125 0.6754807692307693 0.8413461538461539 0.6754807692307693
0 0.5384615384615385 0.6538461538461539 0.4759615384615386 0.6538461538461539 0.4759615384615386 0.7115384615384616 0.5384615384615385 0.7115384615384616
0 0.48557692307692313 0.5504807692307693 0.4182692307692308 0.5504807692307693 0.41826923076923084 0.6225961538461539 0.48557692307692324 0.6225961538461539
0 0.2620192307692308 0.08413461538461542 0.18269230769230768 0.08413461538461542 0.18269230769230768 0.15144230769230774 0.2620192307692308 0.15144230769230774
0 0.31490384615384615 0.14663461538461542 0.2403846153846154 0.14663461538461542 0.2403846153846154 0.2211538461538462 0.31490384615384615 0.22115384615384623
0 0.4206730769230769 0.17307692307692316 0.34615384615384615 0.17307692307692316 0.34615384615384615 0.25721153846153855 0.4206730769230769 0.25721153846153855
0 0.5841346153846154 0.16826923076923084 0.4879807692307692 0.16826923076923084 0.4879807692307692 0.23317307692307698 0.5841346153846154 0.23317307692307698
0 0.6322115384615384 0.11538461538461545 0.5649038461538461 0.11538461538461545 0.5649038461538461 0.18990384615384623 0.6322115384615384 0.18990384615384623
0 0.8173076923076923 0.24038461538461545 0.7596153846153846 0.24038461538461545 0.7596153846153846 0.29807692307692313 0.8173076923076923 0.29807692307692313
0 0.7548076923076923 0.26682692307692313 0.6826923076923077 0.26682692307692313 0.6826923076923077 0.33413461538461553 0.7548076923076923 0.33413461538461553
0 1 0.4326923076923078 0.9399038461538461 0.4326923076923078 0.9399038461538461 0.4879807692307694 1 0.4879807692307694
0 0.6490384615384616 0.2836538461538462 0.5456730769230769 0.2836538461538462 0.5456730769230769 0.38221153846153855 0.6490384615384616 0.3822115384615386
0 0.5985576923076923 0.3774038461538462 0.5240384615384616 0.37740384615384615 0.5240384615384616 0.4591346153846155 0.5985576923076923 0.45913461538461553
0 0.5336538461538461 0.3389423076923077 0.43990384615384615 0.3389423076923077 0.43990384615384615 0.4326923076923077 0.5336538461538461 0.4326923076923077
0 0.5096153846153846 0.28125000000000006 0.41346153846153844 0.28125000000000006 0.41346153846153844 0.3389423076923077 0.5096153846153846 0.3389423076923077
0 0.40384615384615385 0.31971153846153844 0.34134615384615385 0.31971153846153844 0.34134615384615385 0.3798076923076923 0.40384615384615385 0.3798076923076923
0 0.35336538461538464 0.38221153846153844 0.2836538461538462 0.38221153846153844 0.2836538461538462 0.43509615384615385 0.35336538461538464 0.43509615384615385
0 0.264423076923077 0.28125 0.18750000000000006 0.28125 0.18750000000000006 0.36538461538461536 0.264423076923077 0.36538461538461536
0 0.5865384615384616 0.5360576923076924 0.4855769230769231 0.5360576923076923 0.48557692307692313 0.6033653846153847 0.5865384615384617 0.6033653846153848