0 0.28125000000000006 0.6538461538461539 0.19230769230769237 0.6538461538461539 0.19230769230769237 0.7596153846153846 0.28125000000000006 0.7596153846153846
0 0.5384615384615385 0.7427884615384616 0.4711538461538463 0.7427884615384616 0.4711538461538463 0.8197115384615384 0.5384615384615385 0.8197115384615384
0 0.15625000000000006 0.4326923076923077 0.0649038461538462 0.4326923076923077 0.06490384615384621 0.5264423076923077 0.15625000000000006 0.5264423076923077
0 0.5024038461538461 0.15625000000000006 0.4254807692307692 0.15625000000000006 0.4254807692307692 0.22596153846153852 0.5024038461538461 0.22596153846153852
0 0.8173076923076923 0.0721153846153847 0.7307692307692307 0.0721153846153847 0.7307692307692307 0.14903846153846165 0.8173076923076923 0.14903846153846165
0 0.8365384615384616 0.7788461538461539 0.7403846153846154 0.7788461538461539 0.7403846153846154 0.8822115384615384 0.8365384615384616 0.8822115384615384
0 0.36778846153846156 0.17067307692307698 0.28846153846153844 0.17067307692307698 0.28846153846153844 0.24278846153846162 0.36778846153846156 0.24278846153846162
0 0.35336538461538464 0.47596153846153844 0.2836538461538462 0.47596153846153844 0.2836538461538462 0.5504807692307693 0.35336538461538464 0.5504807692307693
0 0.4591346153846155 0.5192307692307693 0.3798076923076923 0.5192307692307693 0.3798076923076924 0.59375 0.45913461538461553 0.59375
0 0.9519230769230769 0.6899038461538461 0.8701923076923077 0.6899038461538461 0.8701923076923077 0.78125 0.9519230769230769 0.78125
0 0.8822115384615384 0.6466346153846154 0.7980769230769231 0.6466346153846154 0.7980769230769231 0.7307692307692307 0.8822115384615384 0.7307692307692307
0 0.8413461538461539 0.5480769230769232 0.75 0.5480769230769232 0.75 0.6274038461538461 0.8413461538461539 0.6274038461538461
0 0.8341346153846154 0.37980769230769246 0.7572115384615384 0.37980769230769246 0.7572115384615384 0.48557692307692324 0.8341346153846154 0.48557692307692324
0 0.8774038461538461 0.32932692307692324 0.7932692307692307 0.32932692307692324 0.7932692307692307 0.40384615384615397 0.8774038461538461 0.40384615384615397
0 0.7331730769230769 0.15625000000000006 0.6682692307692307 0.15625000000000006 0.6682692307692307 0.22115384615384623 0.7331730769230769 0.22115384615384623
0 0.7163461538461539 0.22115384615384623 0.6346153846153846 0.22115384615384623 0.6346153846153846 0.3052884615384616 0.7163461538461539 0.3052884615384616
0 0.5264423076923077 6.034918120798255e-17 0.45913461538461536 5.622777371085204e-17 0.45913461538461536 0.06250000000000006 0.5264423076923077 0.06250000000000007
0 0.7139423076923077 0.32932692307692324 0.6033653846153846 0.32932692307692324 0.6033653846153846 0.4447115384615386 0.7139423076923077 0.4447115384615386
0 0.6201923076923077 0.389423076923077 0.53125 0.3894230769230769 0.53125 0.4711538461538462 0.6201923076923077 0.4711538461538463
0 0.6706730769230769 0.44711538461538475 0.5600961538461539 0.44711538461538475 0.5600961538461539 0.5576923076923078 0.6706730769230769 0.5576923076923078
0 0.7283653846153846 0.4687500000000001 0.65625 0.4687500000000001 0.65625 0.5697115384615385 0.7283653846153846 0.5697115384615385
0 0.6971153846153846 0.574519230769231 0.6274038461538461 0.574519230769231 0.6274038461538461 0.6466346153846154 0.6971153846153846 0.6466346153846154
0 0.6442307692307693 0.6322115384615384 0.5793269230769232 0.6322115384615384 0.5793269230769232 0.7091346153846154 0.6442307692307693 0.7091346153846154
0 0.7524038461538461 0.7091346153846154 0.6586538461538461 0.7091346153846154 0.6586538461538461 0.7980769230769231 0.7524038461538461 0.7980769230769231
0 0.46634615384615385 0.4182692307692308 0.3894230769230769 0.4182692307692308 0.3894230769230769 0.5264423076923077 0.46634615384615385 0.5264423076923077