0 0.8894230769230769 0.44711538461538475 0.78125 0.44711538461538475 0.78125 0.5673076923076924 0.8894230769230769 0.5673076923076924
0 0.7139423076923077 0.23317307692307698 0.6346153846153846 0.23317307692307698 0.6346153846153846 0.32211538461538475 0.7139423076923077 0.32211538461538475
0 0.8389423076923077 0.7115384615384616 0.7427884615384616 0.7115384615384616 0.7427884615384616 0.8100961538461539 0.8389423076923077 0.8100961538461539
0 0.3750000000000001 0.7235576923076923 0.29326923076923084 0.7235576923076923 0.29326923076923084 0.8052884615384616 0.3750000000000001 0.8052884615384616
0 0.0865384615384616 0.5865384615384616 7.183024494998899e-17 0.5865384615384616 7.712919744629967e-17 0.6730769230769231 0.0865384615384616 0.6730769230769231
0 0.5384615384615384 0.004807692307692368 0.42788461538461536 0.004807692307692361 0.42788461538461536 0.12259615384615391 0.5384615384615384 0.12259615384615391
0 0.4951923076923078 0.7956730769230769 0.4062500000000001 0.7956730769230769 0.4062500000000001 0.8822115384615384 0.4951923076923078 0.8822115384615384
0 0.6899038461538461 0.5625000000000001 0.6105769230769232 0.5625000000000001 0.6105769230769232 0.6466346153846154 0.6899038461538461 0.6466346153846154
0 0.6490384615384616 0.4615384615384616 0.5504807692307693 0.46153846153846156 0.5504807692307693 0.5552884615384616 0.6490384615384616 0.5552884615384617
0 0.375 0.007211538461538502 0.28365384615384615 0.007211538461538496 0.28365384615384615 0.10576923076923081 0.375 0.10576923076923081
0 0.4014423076923077 0.09375000000000003 0.31009615384615385 0.09375000000000003 0.31009615384615385 0.1850961538461539 0.4014423076923077 0.1850961538461539
0 0.38221153846153844 0.1947115384615385 0.27163461538461536 0.19471153846153846 0.2716346153846154 0.29807692307692313 0.38221153846153844 0.29807692307692313
0 0.2788461538461539 0.31009615384615385 0.18269230769230776 0.31009615384615385 0.18269230769230776 0.4254807692307692 0.2788461538461539 0.4254807692307692
0 0.2067307692307693 0.3485576923076923 0.10817307692307696 0.3485576923076923 0.10817307692307697 0.43990384615384615 0.2067307692307693 0.43990384615384615
0 0.18750000000000006 0.5769230769230769 0.108173076923077 0.5769230769230769 0.108173076923077 0.6586538461538461 0.18750000000000006 0.6586538461538461
0 0.2596153846153847 0.5288461538461539 0.16826923076923084 0.5288461538461539 0.16826923076923084 0.6201923076923077 0.2596153846153847 0.6201923076923077
0 0.2451923076923078 0.8341346153846154 0.17067307692307698 0.8341346153846154 0.17067307692307704 0.9134615384615384 0.24519230769230782 0.9134615384615384
0 0.3701923076923077 0.4254807692307692 0.24519230769230776 0.4254807692307692 0.24519230769230776 0.5552884615384616 0.3701923076923077 0.5552884615384616
0 0.4519230769230769 0.45913461538461536 0.34615384615384615 0.45913461538461536 0.34615384615384615 0.5576923076923077 0.4519230769230769 0.5576923076923077
0 0.4735576923076923 0.36538461538461536 0.35096153846153844 0.36538461538461536 0.35096153846153844 0.4879807692307692 0.4735576923076923 0.4879807692307692
0 0.40865384615384615 0.3052884615384616 0.31490384615384615 0.3052884615384616 0.31490384615384615 0.4230769230769231 0.40865384615384615 0.4230769230769231
0 0.4855769230769231 0.2692307692307693 0.40384615384615385 0.2692307692307693 0.40384615384615385 0.35336538461538464 0.4855769230769231 0.35336538461538464
0 0.5625 0.2548076923076924 0.4831730769230769 0.2548076923076924 0.4831730769230769 0.34375000000000006 0.5625 0.3437500000000001
0 0.5600961538461539 0.12019230769230776 0.44711538461538464 0.12019230769230776 0.44711538461538464 0.2283653846153847 0.5600961538461539 0.2283653846153847
0 0.5937500000000001 0.5024038461538463 0.4855769230769231 0.5024038461538461 0.48557692307692313 0.6298076923076923 0.5937500000000001 0.6298076923076923