0 0.2908653846153847 0.6538461538461539 0.18990384615384623 0.6538461538461539 0.18990384615384623 0.7692307692307693 0.2908653846153847 0.7692307692307693
0 0.5408653846153848 0.7451923076923077 0.4759615384615386 0.7451923076923077 0.4759615384615386 0.8197115384615384 0.5408653846153848 0.8197115384615384
0 0.1538461538461539 0.4423076923076923 0.0649038461538462 0.4423076923076923 0.06490384615384621 0.53125 0.1538461538461539 0.53125
0 0.49759615384615385 0.1538461538461539 0.4206730769230769 0.1538461538461539 0.4206730769230769 0.2283653846153847 0.49759615384615385 0.2283653846153847
0 0.8100961538461539 0.0673076923076924 0.7259615384615384 0.06730769230769239 0.7259615384615384 0.14663461538461547 0.8100961538461539 0.14663461538461547
0 0.8389423076923077 0.7764423076923077 0.75 0.7764423076923077 0.75 0.8774038461538461 0.8389423076923077 0.8774038461538461
0 0.3629807692307692 0.17067307692307698 0.28125 0.17067307692307698 0.28125 0.2475961538461539 0.3629807692307692 0.2475961538461539
0 0.35336538461538464 0.47836538461538464 0.2860576923076924 0.47836538461538464 0.2860576923076924 0.5528846153846154 0.35336538461538464 0.5528846153846154
0 0.4615384615384616 0.5192307692307693 0.3798076923076923 0.5192307692307693 0.3798076923076924 0.5985576923076923 0.4615384615384617 0.5985576923076923
0 0.9543269230769231 0.6899038461538461 0.8798076923076923 0.6899038461538461 0.8798076923076923 0.7716346153846154 0.9543269230769231 0.7716346153846154
0 0.8870192307692307 0.6418269230769231 0.7980769230769231 0.6418269230769231 0.7980769230769231 0.7283653846153846 0.8870192307692307 0.7283653846153846
0 0.84375 0.5384615384615385 0.75 0.5384615384615385 0.75 0.6274038461538461 0.84375 0.6274038461538461
0 0.8317307692307693 0.3774038461538463 0.7548076923076923 0.3774038461538463 0.7548076923076923 0.48317307692307704 0.8317307692307693 0.48317307692307704
0 0.875 0.32211538461538475 0.7908653846153846 0.32211538461538475 0.7908653846153846 0.4014423076923078 0.875 0.4014423076923078
0 0.7307692307692307 0.15144230769230776 0.6634615384615384 0.15144230769230776 0.6634615384615384 0.21875000000000006 0.7307692307692307 0.21875000000000006
0 0.7091346153846154 0.22115384615384623 0.6346153846153846 0.22115384615384623 0.6346153846153846 0.29807692307692313 0.7091346153846154 0.29807692307692313
0 0.5168269230769231 5.946602245859743e-17 0.4543269230769231 5.563900121126196e-17 0.4543269230769231 0.06250000000000006 0.5168269230769231 0.06250000000000007
0 0.7115384615384616 0.32692307692307704 0.5985576923076923 0.32692307692307704 0.5985576923076923 0.44230769230769246 0.7115384615384616 0.44230769230769246
0 0.6201923076923077 0.3846153846153847 0.5264423076923077 0.38461538461538464 0.5264423076923077 0.4735576923076924 0.6201923076923077 0.47355769230769246
0 0.6682692307692307 0.4447115384615386 0.5600961538461539 0.4447115384615386 0.5600961538461539 0.5528846153846155 0.6682692307692307 0.5528846153846155
0 0.7283653846153846 0.4639423076923078 0.6610576923076923 0.4639423076923078 0.6610576923076923 0.5673076923076924 0.7283653846153846 0.5673076923076924
0 0.6995192307692307 0.5721153846153848 0.6274038461538461 0.5721153846153848 0.6274038461538461 0.6442307692307693 0.6995192307692307 0.6442307692307693
0 0.6466346153846154 0.6322115384615384 0.5841346153846155 0.6322115384615384 0.5841346153846155 0.7067307692307693 0.6466346153846154 0.7067307692307693
0 0.7596153846153846 0.7043269230769231 0.6586538461538461 0.7043269230769231 0.6586538461538461 0.7980769230769231 0.7596153846153846 0.7980769230769231
0 0.46875 0.4182692307692308 0.3870192307692308 0.4182692307692308 0.3870192307692308 0.5288461538461539 0.46875 0.5288461538461539