0 0.35817307692307704 0.7331730769230769 0.25721153846153855 0.7331730769230769 0.25721153846153855 0.8173076923076923 0.35817307692307704 0.8173076923076923
0 0.25721153846153855 0.47836538461538464 0.18269230769230776 0.47836538461538464 0.18269230769230776 0.5456730769230769 0.25721153846153855 0.5456730769230769
0 0.5841346153846155 0.8485576923076923 0.49759615384615397 0.8485576923076923 0.49759615384615397 0.9302884615384616 0.5841346153846155 0.9302884615384616
0 0.8461538461538461 0.48557692307692324 0.7764423076923077 0.48557692307692324 0.7764423076923077 0.560096153846154 0.8461538461538461 0.560096153846154
0 0.9086538461538461 0.1682692307692309 0.8389423076923077 0.1682692307692309 0.8389423076923077 0.24519230769230782 0.9086538461538461 0.24519230769230782
0 0.20673076923076922 0.18269230769230768 0.10336538461538465 0.18269230769230768 0.10336538461538465 0.27884615384615385 0.20673076923076922 0.27884615384615385
0 0.8389423076923077 0.6201923076923077 0.7692307692307693 0.6201923076923077 0.7692307692307693 0.6947115384615384 0.8389423076923077 0.6947115384615384
0 0.5336538461538463 0.6490384615384616 0.4639423076923078 0.6490384615384616 0.4639423076923078 0.7139423076923077 0.5336538461538463 0.7139423076923077
0 0.48557692307692313 0.5432692307692307 0.40865384615384615 0.5432692307692307 0.4086538461538462 0.6274038461538461 0.48557692307692324 0.6274038461538461
0 0.28365384615384615 0.06730769230769233 0.20192307692307693 0.06730769230769232 0.20192307692307693 0.13942307692307696 0.28365384615384615 0.13942307692307696
0 0.3389423076923077 0.12980769230769235 0.25240384615384615 0.12980769230769235 0.25240384615384615 0.21634615384615388 0.3389423076923077 0.2163461538461539
0 0.43990384615384615 0.16346153846153852 0.3581730769230769 0.16346153846153852 0.3581730769230769 0.2548076923076924 0.43990384615384615 0.2548076923076924
0 0.6057692307692307 0.1658653846153847 0.5 0.1658653846153847 0.5 0.24278846153846162 0.6057692307692307 0.24278846153846162
0 0.6538461538461539 0.12019230769230776 0.5793269230769231 0.12019230769230776 0.5793269230769231 0.19951923076923084 0.6538461538461539 0.19951923076923084
0 0.8341346153846154 0.2524038461538462 0.7692307692307693 0.2524038461538462 0.7692307692307693 0.31730769230769246 0.8341346153846154 0.31730769230769246
0 0.7668269230769231 0.27644230769230776 0.6923076923076923 0.27644230769230776 0.6923076923076923 0.34855769230769246 0.7668269230769231 0.34855769230769246
0 1 0.45192307692307704 0.9375 0.45192307692307704 0.9375 0.5096153846153848 1 0.5096153846153848
0 0.6634615384615384 0.2836538461538462 0.5504807692307693 0.2836538461538462 0.5504807692307693 0.389423076923077 0.6634615384615384 0.38942307692307704
0 0.6081730769230769 0.37500000000000006 0.5216346153846154 0.375 0.5216346153846154 0.46875000000000006 0.6081730769230769 0.4687500000000001
0 0.5432692307692307 0.33653846153846156 0.4423076923076923 0.33653846153846156 0.4423076923076923 0.4375 0.5432692307692307 0.4375
0 0.5216346153846154 0.2740384615384616 0.4206730769230769 0.2740384615384616 0.4206730769230769 0.34375 0.5216346153846154 0.34375
0 0.41586538461538464 0.31009615384615385 0.34615384615384615 0.31009615384615385 0.34615384615384615 0.37740384615384615 0.41586538461538464 0.37740384615384615
0 0.3605769230769231 0.36778846153846156 0.2860576923076924 0.36778846153846156 0.2860576923076924 0.42788461538461536 0.3605769230769231 0.42788461538461536
0 0.2764423076923077 0.2644230769230769 0.19471153846153846 0.2644230769230769 0.1947115384615385 0.3557692307692308 0.27644230769230776 0.3557692307692308
0 0.5865384615384616 0.5312500000000001 0.47596153846153844 0.53125 0.47596153846153855 0.608173076923077 0.5865384615384617 0.6081730769230771