0 0.3629807692307694 0.7379807692307693 0.26201923076923084 0.7379807692307693 0.26201923076923084 0.8197115384615384 0.3629807692307694 0.8197115384615384
0 0.2524038461538462 0.4879807692307692 0.1850961538461539 0.4879807692307692 0.1850961538461539 0.5432692307692307 0.2524038461538462 0.5432692307692307
0 0.5889423076923078 0.8509615384615384 0.5096153846153848 0.8509615384615384 0.5096153846153848 0.9278846153846154 0.5889423076923078 0.9278846153846154
0 0.84375 0.4807692307692309 0.78125 0.4807692307692309 0.78125 0.5480769230769232 0.84375 0.5480769230769232
0 0.9038461538461539 0.1610576923076924 0.8365384615384616 0.16105769230769237 0.8365384615384616 0.23557692307692318 0.9038461538461539 0.2355769230769232
0 0.1971153846153846 0.19471153846153846 0.10336538461538465 0.19471153846153846 0.10336538461538465 0.2764423076923077 0.1971153846153846 0.2764423076923077
0 0.8389423076923077 0.6177884615384616 0.7764423076923077 0.6177884615384616 0.7764423076923077 0.6875 0.8389423076923077 0.6875
0 0.5336538461538463 0.6538461538461539 0.46634615384615397 0.6538461538461539 0.46634615384615397 0.7115384615384616 0.5336538461538463 0.7115384615384616
0 0.483173076923077 0.5480769230769231 0.41346153846153844 0.5480769230769231 0.41346153846153855 0.6225961538461539 0.48317307692307704 0.6225961538461539
0 0.2764423076923077 0.07211538461538464 0.1971153846153846 0.07211538461538464 0.1971153846153846 0.1418269230769231 0.2764423076923077 0.1418269230769231
0 0.3245192307692308 0.1370192307692308 0.25 0.1370192307692308 0.25 0.21394230769230774 0.3245192307692308 0.21394230769230776
0 0.4326923076923077 0.17067307692307698 0.3557692307692308 0.17067307692307698 0.3557692307692308 0.2548076923076924 0.4326923076923077 0.2548076923076924
0 0.5961538461538461 0.16826923076923084 0.49759615384615385 0.16826923076923084 0.49759615384615385 0.23557692307692316 0.5961538461538461 0.23557692307692316
0 0.6442307692307693 0.12019230769230776 0.5769230769230769 0.12019230769230776 0.5769230769230769 0.1971153846153847 0.6442307692307693 0.1971153846153847
0 0.8269230769230769 0.2475961538461539 0.7668269230769231 0.2475961538461539 0.7668269230769231 0.3076923076923078 0.8269230769230769 0.3076923076923078
0 0.7620192307692307 0.2740384615384616 0.6899038461538461 0.2740384615384616 0.6899038461538461 0.34134615384615397 0.7620192307692307 0.34134615384615397
0 1 0.44711538461538475 0.9423076923076923 0.44711538461538475 0.9423076923076923 0.5024038461538463 1 0.5024038461538463
0 0.6538461538461539 0.2860576923076924 0.5504807692307693 0.2860576923076924 0.5504807692307693 0.38701923076923084 0.6538461538461539 0.3870192307692309
0 0.6033653846153846 0.3798076923076924 0.5264423076923077 0.3798076923076923 0.5264423076923077 0.4615384615384616 0.6033653846153846 0.4615384615384617
0 0.5408653846153846 0.3389423076923077 0.4423076923076923 0.3389423076923077 0.4423076923076923 0.43509615384615385 0.5408653846153846 0.43509615384615385
0 0.5168269230769231 0.2788461538461539 0.4182692307692308 0.2788461538461539 0.4182692307692308 0.3389423076923077 0.5168269230769231 0.3389423076923077
0 0.4110576923076923 0.31490384615384615 0.3485576923076923 0.31490384615384615 0.3485576923076923 0.37740384615384615 0.4110576923076923 0.37740384615384615
0 0.3557692307692308 0.37259615384615385 0.28846153846153855 0.37259615384615385 0.28846153846153855 0.43028846153846156 0.3557692307692308 0.43028846153846156
0 0.2716346153846154 0.27163461538461536 0.19230769230769232 0.27163461538461536 0.19230769230769235 0.3581730769230769 0.2716346153846155 0.3581730769230769
0 0.5841346153846154 0.5360576923076924 0.4807692307692308 0.5360576923076923 0.48076923076923084 0.6057692307692308 0.5841346153846155 0.605769230769231