0 0.4951923076923078 0.7884615384615384 0.39182692307692324 0.7884615384615384 0.39182692307692324 0.875 0.4951923076923078 0.875
0 0.2860576923076924 0.5985576923076923 0.21394230769230776 0.5985576923076923 0.21394230769230776 0.6586538461538461 0.2860576923076924 0.6586538461538461
0 0.7427884615384616 0.7932692307692307 0.6586538461538461 0.7932692307692307 0.6586538461538461 0.875 0.7427884615384616 0.875
0 0.8245192307692307 0.35336538461538475 0.7572115384615384 0.35336538461538475 0.7572115384615384 0.42067307692307704 0.8245192307692307 0.42067307692307704
0 0.75 0.036057692307692395 0.6802884615384616 0.036057692307692395 0.6802884615384616 0.11298076923076932 0.75 0.11298076923076933
0 0.1225961538461539 0.3557692307692308 0.026442307692307734 0.3557692307692308 0.02644230769230774 0.44471153846153844 0.12259615384615391 0.44471153846153844
0 0.875 0.47836538461538475 0.8076923076923077 0.47836538461538475 0.8076923076923077 0.5504807692307694 0.875 0.5504807692307694
0 0.6081730769230771 0.6370192307692307 0.5408653846153848 0.6370192307692307 0.5408653846153848 0.6995192307692307 0.6081730769230771 0.6995192307692307
0 0.5240384615384617 0.5600961538461539 0.45192307692307704 0.5600961538461539 0.45192307692307704 0.6370192307692307 0.5240384615384617 0.6370192307692307
0 0.13942307692307696 0.21153846153846154 0.05528846153846157 0.21153846153846154 0.05528846153846157 0.28365384615384615 0.13942307692307696 0.28365384615384615
0 0.21153846153846156 0.25 0.13461538461538464 0.25 0.13461538461538464 0.3293269230769231 0.21153846153846162 0.3293269230769231
0 0.3269230769230769 0.2355769230769231 0.24519230769230768 0.23557692307692307 0.24519230769230774 0.3245192307692308 0.3269230769230769 0.3245192307692308
0 0.47115384615384615 0.17307692307692316 0.3701923076923077 0.17307692307692316 0.3701923076923077 0.24519230769230776 0.47115384615384615 0.24519230769230776
0 0.4951923076923077 0.10336538461538468 0.4254807692307692 0.10336538461538468 0.4254807692307692 0.18269230769230776 0.4951923076923077 0.18269230769230776
0 0.7139423076923077 0.14663461538461547 0.6514423076923077 0.14663461538461545 0.6514423076923077 0.20913461538461545 0.7139423076923077 0.20913461538461545
0 0.6658653846153846 0.1971153846153847 0.5889423076923077 0.1971153846153847 0.5889423076923077 0.2692307692307693 0.6658653846153846 0.2692307692307693
0 0.9543269230769231 0.25480769230769246 0.8894230769230769 0.25480769230769246 0.8894230769230769 0.3149038461538463 0.9543269230769231 0.3149038461538463
0 0.5817307692307693 0.25721153846153855 0.47115384615384615 0.25721153846153855 0.47115384615384615 0.3629807692307693 0.5817307692307693 0.3629807692307694
0 0.5673076923076923 0.358173076923077 0.4879807692307692 0.3581730769230769 0.4879807692307692 0.44471153846153855 0.5673076923076923 0.4447115384615386
0 0.49759615384615385 0.35096153846153844 0.3942307692307692 0.35096153846153844 0.3942307692307692 0.4495192307692308 0.49759615384615385 0.4495192307692308
0 0.4423076923076923 0.3052884615384616 0.34375 0.3052884615384616 0.34375 0.3701923076923077 0.4423076923076923 0.3701923076923077
0 0.3581730769230769 0.37740384615384615 0.2908653846153847 0.37740384615384615 0.2908653846153847 0.43990384615384615 0.3581730769230769 0.43990384615384615
0 0.33413461538461536 0.4543269230769231 0.26201923076923084 0.4543269230769231 0.26201923076923084 0.5120192307692307 0.33413461538461536 0.5120192307692307
0 0.22115384615384623 0.39663461538461536 0.1370192307692308 0.39663461538461536 0.1370192307692308 0.4855769230769231 0.22115384615384623 0.4855769230769231
0 0.6105769230769231 0.5120192307692308 0.5048076923076923 0.5120192307692307 0.5048076923076924 0.5889423076923077 0.6105769230769232 0.5889423076923078