0 0.4254807692307694 0.7524038461538461 0.3028846153846155 0.7524038461538461 0.3028846153846155 0.8605769230769231 0.4254807692307694 0.8605769230769231
0 0.26682692307692313 0.5288461538461539 0.1850961538461539 0.5288461538461539 0.1850961538461539 0.6009615384615384 0.26682692307692313 0.6009615384615384
0 0.6658653846153846 0.8245192307692307 0.5649038461538463 0.8245192307692307 0.5649038461538463 0.9230769230769231 0.6658653846153846 0.9230769230769231
0 0.8485576923076923 0.42067307692307704 0.7692307692307693 0.42067307692307704 0.7692307692307693 0.5024038461538463 0.8485576923076923 0.5024038461538463
0 0.8533653846153846 0.0937500000000001 0.7692307692307693 0.0937500000000001 0.7692307692307693 0.18509615384615394 0.8533653846153846 0.185096153846154
0 0.1634615384615385 0.25240384615384615 0.05528846153846157 0.25240384615384615 0.05528846153846158 0.35096153846153844 0.16346153846153852 0.35096153846153844
0 0.8701923076923077 0.5528846153846155 0.7884615384615384 0.5528846153846155 0.7884615384615384 0.6418269230769231 0.8701923076923077 0.6418269230769231
0 0.5721153846153848 0.6442307692307693 0.4927884615384617 0.6442307692307693 0.4927884615384617 0.71875 0.5721153846153848 0.71875
0 0.5072115384615385 0.5480769230769231 0.4230769230769231 0.5480769230769231 0.42307692307692313 0.6370192307692307 0.5072115384615385 0.6370192307692307
0 0.21875 0.1153846153846154 0.125 0.11538461538461539 0.12500000000000003 0.19951923076923078 0.21875 0.19951923076923078
0 0.27884615384615385 0.17067307692307693 0.18990384615384615 0.17067307692307693 0.18990384615384615 0.2620192307692308 0.27884615384615385 0.2620192307692308
0 0.3942307692307692 0.18269230769230776 0.2980769230769231 0.18269230769230776 0.29807692307692313 0.2860576923076924 0.3942307692307692 0.2860576923076924
0 0.5528846153846154 0.15144230769230776 0.43509615384615385 0.15144230769230776 0.43509615384615385 0.24519230769230776 0.5528846153846154 0.24519230769230776
0 0.59375 0.09615384615384623 0.5072115384615384 0.09615384615384623 0.5072115384615384 0.18990384615384623 0.59375 0.18990384615384623
0 0.7908653846153846 0.19471153846153852 0.71875 0.19471153846153852 0.71875 0.26682692307692313 0.7908653846153846 0.26682692307692313
0 0.7355769230769231 0.2283653846153847 0.6442307692307693 0.2283653846153847 0.6442307692307693 0.3149038461538463 0.7355769230769231 0.3149038461538463
0 0.9927884615384616 0.36057692307692324 0.9254807692307693 0.36057692307692324 0.9254807692307693 0.4254807692307694 0.9927884615384616 0.4254807692307694
0 0.6370192307692307 0.2596153846153847 0.5096153846153846 0.2596153846153847 0.5096153846153846 0.3846153846153847 0.6370192307692307 0.38461538461538475
0 0.5985576923076923 0.3629807692307693 0.5024038461538461 0.3629807692307692 0.5024038461538461 0.4615384615384616 0.5985576923076923 0.4615384615384617
0 0.5288461538461539 0.33413461538461536 0.41586538461538464 0.33413461538461536 0.41586538461538464 0.44711538461538464 0.5288461538461539 0.44711538461538464
0 0.49038461538461536 0.27644230769230776 0.3798076923076923 0.27644230769230776 0.3798076923076923 0.3581730769230769 0.49038461538461536 0.3581730769230769
0 0.3918269230769231 0.3317307692307692 0.3173076923076923 0.3317307692307692 0.3173076923076923 0.40625 0.3918269230769231 0.40625
0 0.34615384615384615 0.4014423076923077 0.2692307692307693 0.4014423076923077 0.2692307692307693 0.46875 0.34615384615384615 0.46875
0 0.2524038461538462 0.31490384615384615 0.15625000000000006 0.31490384615384615 0.15625000000000006 0.41346153846153844 0.2524038461538462 0.41346153846153844
0 0.6033653846153847 0.5192307692307693 0.4855769230769231 0.5192307692307693 0.48557692307692313 0.608173076923077 0.6033653846153848 0.6081730769230771