0 0.3557692307692309 0.6201923076923077 0.23557692307692316 0.6201923076923077 0.23557692307692316 0.7019230769230769 0.3557692307692309 0.7019230769230769
0 0.2740384615384616 0.5408653846153846 0.17307692307692316 0.5408653846153846 0.17307692307692316 0.6057692307692307 0.2740384615384616 0.6057692307692307
0 0.3990384615384617 0.5865384615384616 0.27644230769230776 0.5865384615384616 0.27644230769230776 0.6370192307692307 0.3990384615384617 0.6370192307692307
0 0.5625000000000001 0.6490384615384616 0.4134615384615386 0.6490384615384616 0.4134615384615386 0.7163461538461539 0.5625000000000001 0.7163461538461539
0 0.5408653846153848 0.5673076923076923 0.44230769230769246 0.5673076923076923 0.44230769230769246 0.6394230769230769 0.5408653846153848 0.6394230769230769
0 0.6466346153846154 0.4615384615384616 0.5504807692307693 0.46153846153846156 0.5504807692307693 0.5384615384615385 0.6466346153846154 0.5384615384615385
0 0.6899038461538461 0.4687500000000001 0.6201923076923077 0.4687500000000001 0.6201923076923077 0.5889423076923078 0.6899038461538461 0.5889423076923078
0 0.6033653846153846 0.39182692307692313 0.5048076923076923 0.3918269230769231 0.5048076923076923 0.4711538461538462 0.6033653846153846 0.4711538461538463
0 0.6346153846153846 0.3028846153846155 0.5288461538461539 0.3028846153846155 0.5288461538461539 0.3798076923076924 0.6346153846153846 0.37980769230769246
0 0.5384615384615384 0.2067307692307693 0.39903846153846156 0.2067307692307693 0.39903846153846156 0.2788461538461539 0.5384615384615384 0.2788461538461539
0 0.4735576923076923 0.3245192307692308 0.3798076923076923 0.3245192307692308 0.3798076923076923 0.3894230769230769 0.4735576923076923 0.3894230769230769
0 0.46634615384615385 0.4110576923076923 0.38221153846153844 0.4110576923076923 0.38221153846153844 0.46153846153846156 0.46634615384615385 0.46153846153846156
0 0.46153846153846156 0.4639423076923077 0.3942307692307692 0.4639423076923077 0.3942307692307692 0.5024038461538461 0.46153846153846156 0.5024038461538461
0 0.420673076923077 0.5336538461538461 0.3485576923076923 0.5336538461538461 0.3485576923076924 0.5841346153846154 0.42067307692307704 0.5841346153846154
0 0.4735576923076924 0.5072115384615384 0.38221153846153844 0.5072115384615384 0.38221153846153855 0.5625 0.47355769230769246 0.5625
0 0.295673076923077 0.4639423076923077 0.22355769230769237 0.4639423076923077 0.22355769230769237 0.5192307692307693 0.295673076923077 0.5192307692307693
0 0.32932692307692313 0.5192307692307693 0.25000000000000006 0.5192307692307693 0.25000000000000006 0.5745192307692307 0.32932692307692324 0.5745192307692307
0 0.19230769230769237 0.4326923076923077 0.12740384615384623 0.4326923076923077 0.12740384615384623 0.49038461538461536 0.19230769230769237 0.49038461538461536
0 0.2379807692307693 0.375 0.1418269230769231 0.375 0.14182692307692313 0.4519230769230769 0.2379807692307693 0.4519230769230769
0 0.35096153846153844 0.3701923076923077 0.2716346153846155 0.3701923076923077 0.2716346153846155 0.42788461538461536 0.35096153846153844 0.42788461538461536
0 0.3942307692307692 0.33653846153846156 0.28125000000000006 0.33653846153846156 0.28125000000000006 0.3870192307692308 0.3942307692307692 0.3870192307692308