0 0.46153846153846156 0.19230769230769237 0.36778846153846156 0.19230769230769237 0.36778846153846156 0.31971153846153844 0.46153846153846156 0.31971153846153844
0 0.5576923076923077 0.16346153846153852 0.4879807692307692 0.16346153846153852 0.4879807692307692 0.26682692307692313 0.5576923076923077 0.26682692307692313
0 0.49278846153846156 0.24519230769230776 0.40865384615384615 0.24519230769230776 0.40865384615384615 0.37740384615384615 0.49278846153846156 0.37740384615384615
0 0.38221153846153844 0.35336538461538464 0.2860576923076924 0.35336538461538464 0.2860576923076924 0.5072115384615384 0.38221153846153844 0.5072115384615384
0 0.44711538461538464 0.40625 0.36538461538461536 0.40625 0.36538461538461536 0.5096153846153846 0.44711538461538464 0.5096153846153846
0 0.5168269230769231 0.5384615384615384 0.4206730769230769 0.5384615384615384 0.420673076923077 0.6490384615384616 0.5168269230769232 0.6490384615384616
0 0.48557692307692324 0.5961538461538461 0.36057692307692324 0.5961538461538461 0.36057692307692324 0.6802884615384616 0.48557692307692324 0.6802884615384616
0 0.5937500000000001 0.5216346153846154 0.5024038461538461 0.5216346153846154 0.5024038461538463 0.6298076923076923 0.5937500000000001 0.6298076923076923
0 0.6682692307692307 0.5721153846153848 0.5793269230769232 0.5721153846153848 0.5793269230769232 0.6850961538461539 0.6682692307692307 0.6850961538461539
0 0.8052884615384616 0.4807692307692309 0.7043269230769231 0.4807692307692309 0.7043269230769231 0.6274038461538461 0.8052884615384616 0.6274038461538461
0 0.7019230769230769 0.4254807692307694 0.6177884615384616 0.4254807692307694 0.6177884615384616 0.528846153846154 0.7019230769230769 0.528846153846154
0 0.6177884615384616 0.4038461538461539 0.5552884615384616 0.40384615384615385 0.5552884615384616 0.49519230769230776 0.6177884615384616 0.4951923076923078
0 0.5625 0.4038461538461539 0.5192307692307693 0.40384615384615385 0.5192307692307693 0.4711538461538462 0.5625 0.4711538461538463
0 0.5144230769230769 0.3317307692307692 0.4519230769230769 0.3317307692307692 0.4519230769230769 0.4110576923076923 0.5144230769230769 0.4110576923076923
0 0.5288461538461539 0.3701923076923077 0.4543269230769231 0.3701923076923077 0.4543269230769231 0.47115384615384615 0.5288461538461539 0.47115384615384615
0 0.6201923076923077 0.23557692307692316 0.5528846153846154 0.23557692307692316 0.5528846153846154 0.3149038461538462 0.6201923076923077 0.3149038461538463
0 0.5576923076923077 0.24519230769230776 0.4951923076923077 0.24519230769230776 0.4951923076923077 0.3293269230769231 0.5576923076923077 0.3293269230769231
0 0.6850961538461539 0.15144230769230776 0.6129807692307693 0.15144230769230776 0.6129807692307693 0.23076923076923084 0.6850961538461539 0.23076923076923084
0 0.7307692307692307 0.18269230769230776 0.6394230769230769 0.18269230769230776 0.6394230769230769 0.28846153846153855 0.7307692307692307 0.28846153846153855
0 0.6971153846153846 0.3076923076923078 0.6225961538461539 0.3076923076923078 0.6225961538461539 0.3990384615384617 0.6971153846153846 0.3990384615384617
0 0.7163461538461539 0.3317307692307694 0.6514423076923077 0.3317307692307694 0.6514423076923077 0.4495192307692309 0.7163461538461539 0.4495192307692309