0 0.38461538461538464 0.23076923076923084 0.32211538461538464 0.23076923076923084 0.32211538461538464 0.34134615384615385 0.38461538461538464 0.34134615384615385
0 0.4735576923076923 0.17067307692307698 0.4230769230769231 0.17067307692307698 0.4230769230769231 0.264423076923077 0.4735576923076923 0.264423076923077
0 0.4230769230769231 0.2692307692307693 0.3798076923076923 0.2692307692307693 0.3798076923076923 0.3894230769230769 0.4230769230769231 0.3894230769230769
0 0.34615384615384615 0.40384615384615385 0.29326923076923084 0.40384615384615385 0.29326923076923084 0.5480769230769231 0.34615384615384615 0.5480769230769231
0 0.42788461538461536 0.4375 0.3701923076923077 0.4375 0.3701923076923077 0.5288461538461539 0.42788461538461536 0.5288461538461539
0 0.5264423076923077 0.5528846153846154 0.46153846153846156 0.5528846153846154 0.4615384615384616 0.6418269230769231 0.5264423076923078 0.6418269230769231
0 0.5168269230769232 0.6274038461538461 0.4062500000000001 0.6274038461538461 0.4062500000000001 0.6778846153846154 0.5168269230769232 0.6778846153846154
0 0.5985576923076924 0.514423076923077 0.5336538461538461 0.5144230769230769 0.5336538461538463 0.6033653846153847 0.5985576923076924 0.6033653846153848
0 0.6826923076923077 0.543269230769231 0.6225961538461539 0.543269230769231 0.6225961538461539 0.6394230769230769 0.6826923076923077 0.6394230769230769
0 0.7860576923076923 0.42067307692307704 0.7331730769230769 0.42067307692307704 0.7331730769230769 0.5528846153846155 0.7860576923076923 0.5528846153846155
0 0.6778846153846154 0.39182692307692324 0.6201923076923077 0.39182692307692324 0.6201923076923077 0.4807692307692309 0.6778846153846154 0.4807692307692309
0 0.59375 0.38701923076923084 0.5480769230769231 0.3870192307692308 0.5480769230769231 0.46875000000000006 0.59375 0.4687500000000001
0 0.5360576923076923 0.39663461538461536 0.5072115384615384 0.39663461538461536 0.5072115384615384 0.45913461538461536 0.5360576923076923 0.45913461538461536
0 0.47115384615384615 0.34615384615384615 0.4326923076923077 0.34615384615384615 0.4326923076923077 0.41346153846153844 0.47115384615384615 0.41346153846153844
0 0.49278846153846156 0.3798076923076923 0.44711538461538464 0.3798076923076923 0.44711538461538464 0.46875 0.49278846153846156 0.46875
0 0.5480769230769231 0.22596153846153852 0.5024038461538461 0.22596153846153852 0.5024038461538461 0.29326923076923084 0.5480769230769231 0.29326923076923084
0 0.49038461538461536 0.25000000000000006 0.44711538461538464 0.25000000000000006 0.44711538461538464 0.3245192307692308 0.49038461538461536 0.3245192307692308
0 0.5913461538461539 0.13221153846153852 0.5384615384615384 0.13221153846153852 0.5384615384615384 0.19471153846153852 0.5913461538461539 0.19471153846153852
0 0.6442307692307693 0.15144230769230776 0.5745192307692307 0.15144230769230776 0.5745192307692307 0.24278846153846162 0.6442307692307693 0.24278846153846162
0 0.6418269230769231 0.2788461538461539 0.5889423076923077 0.2788461538461539 0.5889423076923077 0.3557692307692309 0.6418269230769231 0.3557692307692309
0 0.6658653846153846 0.29326923076923084 0.6322115384615384 0.29326923076923084 0.6322115384615384 0.40384615384615397 0.6658653846153846 0.40384615384615397