0 0.8317307692307693 0.6923076923076923 0.7451923076923077 0.6923076923076923 0.7451923076923077 0.7740384615384616 0.8317307692307693 0.7740384615384616
0 0.7091346153846154 0.7403846153846154 0.6225961538461539 0.7403846153846154 0.6225961538461539 0.8125 0.7091346153846154 0.8125
0 0.8197115384615384 0.5312500000000001 0.7211538461538461 0.5312500000000001 0.7211538461538461 0.5985576923076924 0.8197115384615384 0.5985576923076924
0 0.6538461538461539 0.5721153846153848 0.5817307692307694 0.5721153846153848 0.5817307692307694 0.6394230769230769 0.6538461538461539 0.6394230769230769
0 0.7115384615384616 0.4927884615384617 0.5985576923076923 0.4927884615384617 0.5985576923076924 0.574519230769231 0.7115384615384616 0.574519230769231
0 0.5144230769230769 0.4375 0.40625 0.4375 0.40625 0.5144230769230769 0.5144230769230769 0.5144230769230769
0 0.35336538461538464 0.20192307692307696 0.27403846153846156 0.20192307692307693 0.27403846153846156 0.27403846153846156 0.35336538461538464 0.2740384615384616
0 0.5120192307692307 0.16346153846153852 0.4182692307692308 0.16346153846153852 0.4182692307692308 0.23076923076923084 0.5120192307692307 0.23076923076923084
0 0.40865384615384615 0.37740384615384615 0.3173076923076923 0.37740384615384615 0.3173076923076923 0.4495192307692308 0.40865384615384615 0.4495192307692308
0 0.6875 0.37259615384615397 0.5721153846153846 0.37259615384615397 0.5721153846153846 0.47355769230769246 0.6875 0.47355769230769246
0 0.6394230769230769 0.4158653846153847 0.5384615384615384 0.41586538461538464 0.5384615384615384 0.5072115384615385 0.6394230769230769 0.5072115384615385
0 0.53125 0.31971153846153844 0.4375 0.31971153846153844 0.4375 0.40625 0.53125 0.40625
0 0.5168269230769231 0.2379807692307693 0.4014423076923077 0.2379807692307693 0.4014423076923077 0.31490384615384615 0.5168269230769231 0.31490384615384615
0 0.24759615384615388 0.1971153846153846 0.13461538461538464 0.1971153846153846 0.13461538461538464 0.30288461538461536 0.2475961538461539 0.30288461538461536
0 0.1899038461538462 0.25 0.10576923076923081 0.25 0.10576923076923081 0.33413461538461536 0.18990384615384623 0.33413461538461536