0 0.4855769230769231 0.0913461538461539 0.40384615384615385 0.09134615384615388 0.40384615384615385 0.18028846153846162 0.4855769230769231 0.18028846153846162
0 0.38461538461538464 0.17067307692307698 0.30288461538461536 0.17067307692307698 0.30288461538461536 0.26682692307692313 0.38461538461538464 0.26682692307692313
0 0.625 0.18269230769230776 0.5408653846153846 0.18269230769230776 0.5408653846153846 0.28846153846153855 0.625 0.28846153846153855
0 0.5024038461538461 0.31009615384615385 0.4326923076923077 0.31009615384615385 0.4326923076923077 0.38461538461538464 0.5024038461538461 0.38461538461538464
0 0.5985576923076923 0.2860576923076924 0.5024038461538461 0.2860576923076924 0.5024038461538461 0.4110576923076924 0.5985576923076923 0.41105769230769246
0 0.545673076923077 0.49038461538461536 0.4567307692307692 0.49038461538461536 0.4567307692307693 0.6081730769230769 0.5456730769230771 0.6081730769230769
0 0.6730769230769231 0.7524038461538461 0.5961538461538463 0.7524038461538461 0.5961538461538463 0.8365384615384616 0.6730769230769231 0.8365384615384616
0 0.7860576923076923 0.6322115384615384 0.7019230769230769 0.6322115384615384 0.7019230769230769 0.7331730769230769 0.7860576923076923 0.7331730769230769
0 0.5504807692307694 0.6129807692307693 0.4639423076923078 0.6129807692307693 0.4639423076923078 0.7139423076923077 0.5504807692307694 0.7139423076923077
0 0.6875 0.3677884615384617 0.5793269230769231 0.3677884615384617 0.5793269230769231 0.48557692307692324 0.6875 0.48557692307692324
0 0.625 0.39182692307692313 0.53125 0.3918269230769231 0.53125 0.4975961538461539 0.625 0.49759615384615397
0 0.6610576923076923 0.5312500000000001 0.5576923076923077 0.53125 0.5576923076923077 0.6370192307692307 0.6610576923076923 0.6370192307692307
0 0.71875 0.5865384615384617 0.6298076923076923 0.5865384615384617 0.6298076923076923 0.7091346153846154 0.71875 0.7091346153846154
0 0.6153846153846154 0.8365384615384616 0.5072115384615385 0.8365384615384616 0.5072115384615385 0.9543269230769231 0.6153846153846154 0.9543269230769231
0 0.5480769230769232 0.8653846153846154 0.45913461538461553 0.8653846153846154 0.45913461538461553 0.9591346153846154 0.5480769230769232 0.9591346153846154