0 0.1850961538461539 0.5649038461538461 0.10336538461538468 0.5649038461538461 0.10336538461538468 0.6370192307692307 0.1850961538461539 0.6370192307692307
0 0.2836538461538462 0.65625 0.1971153846153847 0.65625 0.1971153846153847 0.7283653846153846 0.2836538461538462 0.7283653846153846
0 0.2740384615384616 0.4182692307692308 0.17788461538461545 0.4182692307692308 0.17788461538461545 0.4855769230769231 0.2740384615384616 0.4855769230769231
0 0.3846153846153847 0.5192307692307693 0.3173076923076923 0.5192307692307693 0.3173076923076924 0.5817307692307693 0.38461538461538475 0.5817307692307693
0 0.39903846153846156 0.4326923076923077 0.28846153846153855 0.4326923076923077 0.28846153846153855 0.5072115384615384 0.39903846153846156 0.5072115384615384
0 0.6009615384615384 0.4591346153846155 0.49759615384615385 0.45913461538461536 0.49759615384615385 0.528846153846154 0.6009615384615384 0.528846153846154
0 0.8125 0.3004807692307693 0.7403846153846154 0.3004807692307693 0.7403846153846154 0.3629807692307694 0.8125 0.3629807692307694
0 0.6947115384615384 0.20432692307692316 0.6057692307692307 0.20432692307692316 0.6057692307692307 0.26682692307692313 0.6947115384615384 0.26682692307692313
0 0.7043269230769231 0.4399038461538463 0.6153846153846154 0.4399038461538463 0.6153846153846154 0.5072115384615385 0.7043269230769231 0.5072115384615385
0 0.4639423076923077 0.3293269230769231 0.3581730769230769 0.3293269230769231 0.3581730769230769 0.4230769230769231 0.4639423076923077 0.4230769230769231
0 0.4807692307692308 0.3894230769230769 0.3870192307692308 0.3894230769230769 0.3870192307692308 0.46875 0.4807692307692308 0.46875
0 0.6153846153846154 0.33894230769230776 0.5264423076923077 0.3389423076923077 0.5264423076923077 0.42307692307692313 0.6153846153846154 0.42307692307692324
0 0.6802884615384616 0.27644230769230776 0.5697115384615384 0.27644230769230776 0.5697115384615384 0.3461538461538463 0.6802884615384616 0.3461538461538463
0 0.9375 0.3437500000000001 0.8341346153846154 0.3437500000000001 0.8341346153846154 0.4375000000000001 0.9375 0.4375000000000001
0 0.9495192307692307 0.4086538461538463 0.8677884615384616 0.4086538461538463 0.8677884615384616 0.48557692307692324 0.9495192307692307 0.48557692307692324