0 0.8894230769230769 0.5985576923076924 0.7932692307692307 0.5985576923076924 0.7932692307692307 0.6875 0.8894230769230769 0.6875
0 0.7860576923076923 0.6754807692307693 0.6826923076923077 0.6754807692307693 0.6826923076923077 0.7668269230769231 0.7860576923076923 0.7668269230769231
0 0.8341346153846154 0.4399038461538463 0.7235576923076923 0.4399038461538463 0.7235576923076923 0.528846153846154 0.8341346153846154 0.528846153846154
0 0.6826923076923077 0.5312500000000001 0.6033653846153846 0.5312500000000001 0.6033653846153847 0.605769230769231 0.6826923076923077 0.605769230769231
0 0.71875 0.44711538461538475 0.6009615384615384 0.44711538461538475 0.6009615384615384 0.5336538461538463 0.71875 0.5336538461538463
0 0.5120192307692307 0.44471153846153844 0.3942307692307692 0.44471153846153844 0.3942307692307692 0.5336538461538461 0.5120192307692307 0.5336538461538461
0 0.2884615384615385 0.264423076923077 0.2091346153846154 0.2644230769230769 0.20913461538461542 0.33653846153846156 0.28846153846153855 0.33653846153846156
0 0.4326923076923077 0.18269230769230776 0.33413461538461536 0.18269230769230776 0.33413461538461536 0.25721153846153855 0.4326923076923077 0.25721153846153855
0 0.39903846153846156 0.4110576923076923 0.29326923076923084 0.4110576923076923 0.29326923076923084 0.5 0.39903846153846156 0.5
0 0.6682692307692307 0.32932692307692313 0.5408653846153846 0.3293269230769231 0.5408653846153846 0.4471153846153847 0.6682692307692307 0.44711538461538475
0 0.6298076923076923 0.389423076923077 0.5216346153846154 0.3894230769230769 0.5216346153846154 0.4879807692307693 0.6298076923076923 0.4879807692307694
0 0.49759615384615385 0.3245192307692308 0.3918269230769231 0.3245192307692308 0.3918269230769231 0.4254807692307692 0.49759615384615385 0.4254807692307692
0 0.46153846153846156 0.2524038461538462 0.3389423076923077 0.2524038461538462 0.3389423076923077 0.34134615384615385 0.46153846153846156 0.34134615384615385
0 0.19230769230769237 0.28846153846153844 0.06971153846153849 0.28846153846153844 0.0697115384615385 0.4014423076923077 0.19230769230769237 0.4014423076923077
0 0.15144230769230774 0.35096153846153844 0.05288461538461543 0.35096153846153844 0.05288461538461543 0.44471153846153844 0.15144230769230776 0.44471153846153844