0 0.3245192307692309 0.7644230769230769 0.2524038461538462 0.7644230769230769 0.25240384615384626 0.84375 0.3245192307692309 0.84375
0 0.2716346153846155 0.6418269230769231 0.20192307692307698 0.6418269230769231 0.20192307692307698 0.7259615384615384 0.2716346153846155 0.7259615384615384
0 0.4927884615384617 0.7235576923076923 0.42067307692307704 0.7235576923076923 0.42067307692307704 0.8245192307692307 0.4927884615384617 0.8245192307692307
0 0.43509615384615397 0.5913461538461539 0.3750000000000001 0.5913461538461539 0.3750000000000001 0.6586538461538461 0.43509615384615397 0.6586538461538461
0 0.5192307692307694 0.6009615384615384 0.4399038461538463 0.6009615384615384 0.4399038461538463 0.7139423076923077 0.5192307692307694 0.7139423076923077
0 0.5576923076923077 0.40384615384615385 0.4879807692307692 0.40384615384615385 0.4879807692307692 0.5096153846153846 0.5576923076923077 0.5096153846153846
0 0.7836538461538461 0.25721153846153855 0.71875 0.25721153846153855 0.71875 0.33413461538461553 0.7836538461538461 0.33413461538461553
0 0.8293269230769231 0.3990384615384617 0.7692307692307693 0.3990384615384617 0.7692307692307693 0.4879807692307694 0.8293269230769231 0.4879807692307694
0 0.6105769230769231 0.31250000000000006 0.5432692307692307 0.3125 0.5432692307692307 0.40144230769230776 0.6105769230769231 0.4014423076923078
0 0.6370192307692307 0.5697115384615385 0.5384615384615385 0.5697115384615384 0.5384615384615385 0.6802884615384616 0.6370192307692307 0.6802884615384616
0 0.5889423076923077 0.5384615384615385 0.5024038461538461 0.5384615384615384 0.5024038461538463 0.6346153846153846 0.5889423076923078 0.6346153846153846
0 0.6802884615384616 0.42788461538461553 0.5913461538461539 0.42788461538461553 0.5913461538461539 0.5216346153846155 0.6802884615384616 0.5216346153846155
0 0.7572115384615384 0.3870192307692309 0.6826923076923077 0.3870192307692309 0.6826923076923077 0.5000000000000001 0.7572115384615384 0.5000000000000001
0 0.7764423076923077 0.12259615384615394 0.6802884615384616 0.12259615384615391 0.6802884615384616 0.22596153846153852 0.7764423076923077 0.22596153846153852
0 0.7235576923076923 0.09134615384615394 0.6466346153846154 0.09134615384615391 0.6466346153846154 0.17307692307692316 0.7235576923076923 0.17307692307692316