0 0.2067307692307693 0.6370192307692307 0.1346153846153847 0.6370192307692307 0.1346153846153847 0.6995192307692307 0.2067307692307693 0.6995192307692307
0 0.3197115384615386 0.7067307692307693 0.24278846153846162 0.7067307692307693 0.24278846153846162 0.7644230769230769 0.3197115384615386 0.7644230769230769
0 0.26682692307692313 0.4807692307692308 0.17788461538461545 0.4807692307692308 0.17788461538461545 0.53125 0.26682692307692313 0.53125
0 0.39182692307692313 0.5528846153846154 0.33413461538461536 0.5528846153846154 0.3341346153846155 0.6033653846153846 0.39182692307692324 0.6033653846153846
0 0.3918269230769231 0.47115384615384615 0.2908653846153847 0.47115384615384615 0.2908653846153847 0.5288461538461539 0.3918269230769231 0.5288461538461539
0 0.59375 0.4591346153846155 0.49759615384615385 0.45913461538461536 0.49759615384615385 0.5120192307692308 0.59375 0.512019230769231
0 0.7716346153846154 0.25721153846153855 0.7043269230769231 0.25721153846153855 0.7043269230769231 0.3076923076923078 0.7716346153846154 0.3076923076923078
0 0.6394230769230769 0.18750000000000006 0.5552884615384616 0.18750000000000006 0.5552884615384616 0.23557692307692316 0.6394230769230769 0.23557692307692316
0 0.6947115384615384 0.41586538461538475 0.6129807692307693 0.41586538461538475 0.6129807692307693 0.4711538461538463 0.6947115384615384 0.4711538461538463
0 0.4375 0.3581730769230769 0.34375 0.3581730769230769 0.34375 0.43509615384615385 0.4375 0.43509615384615385
0 0.46153846153846156 0.4110576923076923 0.3798076923076923 0.4110576923076923 0.3798076923076923 0.47836538461538464 0.46153846153846156 0.47836538461538464
0 0.5841346153846154 0.3341346153846155 0.5072115384615384 0.33413461538461536 0.5072115384615384 0.4038461538461539 0.5841346153846154 0.40384615384615397
0 0.6394230769230769 0.264423076923077 0.5360576923076923 0.264423076923077 0.5360576923076923 0.3149038461538462 0.6394230769230769 0.3149038461538463
0 0.9014423076923077 0.2812500000000001 0.8100961538461539 0.28125000000000006 0.8100961538461539 0.36057692307692324 0.9014423076923077 0.36057692307692324
0 0.9254807692307693 0.3365384615384617 0.8557692307692307 0.3365384615384617 0.8557692307692307 0.4014423076923078 0.9254807692307693 0.4014423076923078