0 0.29326923076923084 0.4879807692307692 0.2067307692307693 0.4879807692307692 0.2067307692307693 0.6033653846153846 0.29326923076923084 0.6033653846153846
0 0.5480769230769231 0.36778846153846156 0.43509615384615385 0.36778846153846156 0.43509615384615385 0.4831730769230769 0.5480769230769231 0.4831730769230769
0 0.2716346153846155 0.7307692307692307 0.18750000000000006 0.7307692307692307 0.1875000000000001 0.8629807692307693 0.27163461538461553 0.8629807692307693
0 0.5721153846153848 0.7235576923076923 0.46634615384615397 0.7235576923076923 0.46634615384615397 0.8365384615384616 0.5721153846153848 0.8365384615384616
0 0.8317307692307693 0.8461538461538461 0.6947115384615384 0.8461538461538461 0.6947115384615384 0.9783653846153846 0.8317307692307693 0.9783653846153846
0 0.6081730769230771 0.8461538461538461 0.5144230769230771 0.8461538461538461 0.5144230769230771 0.9855769230769231 0.6081730769230771 0.9855769230769231
0 0.4951923076923078 0.8389423076923077 0.4086538461538463 0.8389423076923077 0.4086538461538463 0.9375 0.4951923076923078 0.9375
0 0.43509615384615397 0.6586538461538461 0.3245192307692309 0.6586538461538461 0.3245192307692309 0.7884615384615384 0.43509615384615397 0.7884615384615384
0 0.78125 0.5649038461538463 0.6802884615384616 0.5649038461538463 0.6802884615384616 0.6947115384615384 0.78125 0.6947115384615384
0 0.6995192307692307 0.5360576923076924 0.6057692307692307 0.5360576923076924 0.6057692307692308 0.6466346153846154 0.6995192307692307 0.6466346153846154
0 0.5096153846153846 0.18028846153846162 0.4014423076923077 0.18028846153846162 0.4014423076923077 0.3004807692307693 0.5096153846153846 0.3004807692307693
0 0.5576923076923077 0.12019230769230776 0.44711538461538464 0.12019230769230776 0.44711538461538464 0.23076923076923084 0.5576923076923077 0.23076923076923084
0 0.6009615384615384 0.016826923076923142 0.4879807692307692 0.016826923076923135 0.4879807692307692 0.17067307692307698 0.6009615384615384 0.17067307692307698
0 0.8052884615384616 0.009615384615384704 0.6778846153846154 0.009615384615384696 0.6778846153846154 0.139423076923077 0.8052884615384616 0.13942307692307704