0 0.28846153846153855 0.45913461538461536 0.19951923076923084 0.45913461538461536 0.19951923076923084 0.5721153846153846 0.28846153846153855 0.5721153846153846
0 0.5552884615384616 0.3701923076923077 0.4495192307692308 0.3701923076923077 0.4495192307692308 0.47836538461538464 0.5552884615384616 0.47836538461538464
0 0.23317307692307698 0.6971153846153846 0.15625000000000006 0.6971153846153846 0.15625000000000006 0.8293269230769231 0.23317307692307698 0.8293269230769231
0 0.5384615384615385 0.7235576923076923 0.43509615384615397 0.7235576923076923 0.43509615384615397 0.8365384615384616 0.5384615384615385 0.8365384615384616
0 0.7740384615384616 0.8798076923076923 0.6466346153846154 0.8798076923076923 0.6466346153846154 1 0.7740384615384616 1
0 0.5552884615384617 0.8509615384615384 0.46634615384615397 0.8509615384615384 0.46634615384615397 0.9879807692307693 0.5552884615384617 0.9879807692307693
0 0.45192307692307704 0.8293269230769231 0.36057692307692324 0.8293269230769231 0.36057692307692324 0.9278846153846154 0.45192307692307704 0.9278846153846154
0 0.4134615384615386 0.6394230769230769 0.29807692307692313 0.6394230769230769 0.29807692307692313 0.7740384615384616 0.4134615384615386 0.7740384615384616
0 0.7644230769230769 0.5889423076923078 0.65625 0.5889423076923078 0.65625 0.7259615384615384 0.7644230769230769 0.7259615384615384
0 0.6850961538461539 0.5552884615384617 0.5961538461538461 0.5552884615384617 0.5961538461538463 0.6610576923076923 0.6850961538461539 0.6610576923076923
0 0.5384615384615384 0.17788461538461545 0.4375 0.17788461538461545 0.4375 0.29326923076923084 0.5384615384615384 0.29326923076923084
0 0.5961538461538461 0.12259615384615391 0.4855769230769231 0.12259615384615391 0.4855769230769231 0.23557692307692316 0.5961538461538461 0.23557692307692316
0 0.6466346153846154 0.028846153846153917 0.5384615384615384 0.028846153846153914 0.5384615384615384 0.17788461538461545 0.6466346153846154 0.17788461538461545
0 0.8629807692307693 0.024038461538461633 0.7235576923076923 0.024038461538461623 0.7235576923076923 0.17548076923076933 0.8629807692307693 0.17548076923076936