0 0.605769230769231 0.7091346153846154 0.4951923076923078 0.7091346153846154 0.4951923076923078 0.7956730769230769 0.605769230769231 0.7956730769230769
0 0.4783653846153847 0.45913461538461536 0.37259615384615385 0.45913461538461536 0.3725961538461539 0.5625 0.47836538461538475 0.5625
0 0.8677884615384616 0.7283653846153846 0.7403846153846154 0.7283653846153846 0.7403846153846154 0.8052884615384616 0.8677884615384616 0.8052884615384616
0 0.8317307692307693 0.42788461538461553 0.7259615384615384 0.42788461538461553 0.7259615384615384 0.5240384615384617 0.8317307692307693 0.5240384615384617
0 0.9663461538461539 0.1682692307692309 0.8509615384615384 0.1682692307692309 0.8509615384615384 0.29086538461538475 0.9663461538461539 0.29086538461538475
0 0.9783653846153846 0.3942307692307694 0.8509615384615384 0.3942307692307694 0.8509615384615384 0.4711538461538463 0.9783653846153846 0.4711538461538463
0 0.9326923076923077 0.5024038461538463 0.84375 0.5024038461538463 0.84375 0.5817307692307694 0.9326923076923077 0.5817307692307694
0 0.7884615384615384 0.5649038461538463 0.6634615384615384 0.5649038461538463 0.6634615384615384 0.6682692307692307 0.7884615384615384 0.6682692307692307
0 0.6899038461538461 0.21875000000000006 0.5625 0.21875000000000006 0.5625 0.3197115384615386 0.6899038461538461 0.3197115384615386
0 0.6394230769230769 0.3052884615384616 0.5360576923076923 0.3052884615384616 0.5360576923076923 0.389423076923077 0.6394230769230769 0.38942307692307704
0 0.2908653846153847 0.5072115384615384 0.18750000000000006 0.5072115384615384 0.18750000000000006 0.5961538461538461 0.2908653846153847 0.5961538461538461
0 0.22596153846153852 0.4567307692307692 0.12500000000000006 0.4567307692307692 0.12500000000000006 0.5552884615384616 0.22596153846153852 0.5552884615384616
0 0.16826923076923084 0.41346153846153844 0.021634615384615436 0.41346153846153844 0.02163461538461544 0.5192307692307693 0.16826923076923084 0.5192307692307693
0 0.12980769230769235 0.20432692307692307 2.502283123257813e-17 0.20432692307692307 3.238248747745405e-17 0.3245192307692308 0.12980769230769235 0.3245192307692308