0 0.4951923076923078 0.7091346153846154 0.3870192307692309 0.7091346153846154 0.3870192307692309 0.7908653846153846 0.4951923076923078 0.7908653846153846
0 0.6274038461538461 0.46394230769230776 0.5264423076923077 0.4639423076923077 0.5264423076923077 0.5625000000000001 0.6274038461538461 0.5625000000000001
0 0.25000000000000006 0.7235576923076923 0.12740384615384626 0.7235576923076923 0.12740384615384626 0.7884615384615384 0.25000000000000006 0.7884615384615384
0 0.27644230769230776 0.4182692307692308 0.17067307692307698 0.4182692307692308 0.17067307692307698 0.5168269230769231 0.27644230769230776 0.5168269230769231
0 0.15865384615384615 0.15625 0.04567307692307694 0.15625 0.04567307692307695 0.27403846153846156 0.15865384615384615 0.27403846153846156
0 0.1538461538461539 0.38221153846153844 0.02403846153846158 0.38221153846153844 0.02403846153846159 0.4567307692307692 0.1538461538461539 0.4567307692307692
0 0.1538461538461539 0.49038461538461536 0.06730769230769237 0.49038461538461536 0.06730769230769237 0.5673076923076923 0.1538461538461539 0.5673076923076923
0 0.3317307692307694 0.5600961538461539 0.21153846153846162 0.5600961538461539 0.21153846153846162 0.65625 0.3317307692307694 0.65625
0 0.44471153846153844 0.2163461538461539 0.31971153846153844 0.2163461538461539 0.31971153846153844 0.31009615384615385 0.44471153846153844 0.31009615384615385
0 0.46875 0.3028846153846155 0.36778846153846156 0.3028846153846155 0.36778846153846156 0.38461538461538464 0.46875 0.38461538461538464
0 0.8100961538461539 0.512019230769231 0.7043269230769231 0.512019230769231 0.7043269230769231 0.605769230769231 0.8100961538461539 0.605769230769231
0 0.875 0.46634615384615397 0.7740384615384616 0.46634615384615397 0.7740384615384616 0.5649038461538463 0.875 0.5649038461538463
0 0.9807692307692307 0.42788461538461553 0.8365384615384616 0.42788461538461553 0.8365384615384616 0.528846153846154 0.9807692307692307 0.528846153846154
0 1 0.22115384615384628 0.8774038461538461 0.22115384615384628 0.8774038461538461 0.34134615384615397 1 0.34134615384615397