0 0.4567307692307694 0.6754807692307693 0.3245192307692309 0.6754807692307693 0.3245192307692309 0.7884615384615384 0.4567307692307694 0.7884615384615384
0 0.6346153846153846 0.46875000000000006 0.5120192307692307 0.46875 0.5120192307692308 0.5889423076923077 0.6346153846153846 0.5889423076923078
0 0.21153846153846162 0.6346153846153846 0.0721153846153847 0.6346153846153846 0.0721153846153847 0.7355769230769231 0.21153846153846162 0.7355769230769231
0 0.3028846153846155 0.34615384615384615 0.16826923076923084 0.34615384615384615 0.16826923076923084 0.4735576923076923 0.3028846153846155 0.4735576923076923
0 0.24278846153846154 0.06730769230769233 0.10096153846153846 0.06730769230769232 0.10096153846153848 0.21153846153846154 0.24278846153846154 0.21153846153846154
0 0.19230769230769235 0.2764423076923077 0.0384615384615385 0.2764423076923077 0.038461538461538505 0.3942307692307692 0.19230769230769237 0.3942307692307692
0 0.16826923076923084 0.39663461538461536 0.060096153846153896 0.39663461538461536 0.0600961538461539 0.49759615384615385 0.16826923076923084 0.49759615384615385
0 0.32932692307692313 0.49278846153846156 0.18028846153846162 0.49278846153846156 0.18028846153846162 0.625 0.32932692307692324 0.625
0 0.5096153846153846 0.18028846153846162 0.3581730769230769 0.18028846153846162 0.3581730769230769 0.31009615384615385 0.5096153846153846 0.31009615384615385
0 0.5144230769230769 0.2788461538461539 0.3942307692307692 0.2788461538461539 0.3942307692307692 0.38461538461538464 0.5144230769230769 0.38461538461538464
0 0.8076923076923077 0.5480769230769232 0.6730769230769231 0.5480769230769232 0.6730769230769231 0.6730769230769231 0.8076923076923077 0.6730769230769231
0 0.875 0.5240384615384617 0.7548076923076923 0.5240384615384617 0.7548076923076923 0.6418269230769231 0.875 0.6418269230769231
0 0.9903846153846154 0.4927884615384617 0.8149038461538461 0.4927884615384617 0.8149038461538461 0.6370192307692307 0.9903846153846154 0.6370192307692307
0 1 0.3004807692307694 0.8990384615384616 0.3004807692307694 0.8990384615384616 0.45192307692307704 1 0.45192307692307704