0 0.5096153846153848 0.7163461538461539 0.4062500000000001 0.7163461538461539 0.4062500000000001 0.7908653846153846 0.5096153846153848 0.7908653846153846
0 0.6225961538461539 0.4615384615384616 0.5288461538461539 0.46153846153846156 0.5288461538461539 0.5528846153846154 0.6225961538461539 0.5528846153846155
0 0.26682692307692313 0.7475961538461539 0.14663461538461547 0.7475961538461539 0.14663461538461547 0.8052884615384616 0.26682692307692313 0.8052884615384616
0 0.2716346153846155 0.43990384615384615 0.17067307692307698 0.43990384615384615 0.17067307692307698 0.53125 0.2716346153846155 0.53125
0 0.1370192307692308 0.1875 0.028846153846153872 0.1875 0.028846153846153876 0.3004807692307692 0.1370192307692308 0.3004807692307692
0 0.14663461538461545 0.41346153846153844 0.021634615384615436 0.41346153846153844 0.02163461538461544 0.4807692307692308 0.14663461538461545 0.4807692307692308
0 0.15625000000000006 0.5192307692307693 0.07211538461538468 0.5192307692307693 0.07211538461538468 0.5913461538461539 0.15625000000000006 0.5913461538461539
0 0.3389423076923078 0.5793269230769231 0.22115384615384623 0.5793269230769231 0.22115384615384623 0.6682692307692307 0.3389423076923078 0.6682692307692307
0 0.4254807692307692 0.23317307692307698 0.30528846153846156 0.23317307692307698 0.30528846153846156 0.3173076923076923 0.4254807692307692 0.3173076923076923
0 0.4543269230769231 0.3125 0.3605769230769231 0.3125 0.3605769230769231 0.3870192307692308 0.4543269230769231 0.3870192307692308
0 0.8125 0.49759615384615397 0.7115384615384616 0.49759615384615397 0.7115384615384616 0.5841346153846155 0.8125 0.5841346153846155
0 0.8725961538461539 0.44711538461538475 0.7764423076923077 0.44711538461538475 0.7764423076923077 0.5408653846153848 0.8725961538461539 0.5408653846153848
0 0.9759615384615384 0.40384615384615397 0.8365384615384616 0.40384615384615397 0.8365384615384616 0.49759615384615397 0.9759615384615384 0.49759615384615397
0 1 0.1947115384615386 0.8653846153846154 0.1947115384615386 0.8653846153846154 0.3076923076923078 1 0.3076923076923078