0 0.3485576923076923 3.9300564347637425e-17 0.2932692307692308 3.591512247499449e-17 0.2932692307692308 0.07451923076923081 0.3485576923076923 0.07451923076923081
0 0.3798076923076923 0.09134615384615388 0.3317307692307692 0.09134615384615388 0.3317307692307692 0.15865384615384623 0.3798076923076923 0.15865384615384623
0 0.4182692307692308 0.16346153846153852 0.3581730769230769 0.16346153846153852 0.3581730769230769 0.22596153846153852 0.4182692307692308 0.22596153846153852
0 0.33653846153846156 0.264423076923077 0.27403846153846156 0.2644230769230769 0.27403846153846156 0.35096153846153844 0.33653846153846156 0.35096153846153844
0 0.3004807692307693 0.37259615384615385 0.23557692307692316 0.37259615384615385 0.23557692307692316 0.42788461538461536 0.3004807692307693 0.42788461538461536
0 0.21153846153846162 0.5384615384615384 0.15144230769230776 0.5384615384615384 0.15144230769230776 0.59375 0.21153846153846162 0.59375
0 0.3437500000000001 0.6129807692307693 0.2860576923076924 0.6129807692307693 0.2860576923076924 0.6682692307692307 0.3437500000000001 0.6682692307692307
0 0.3461538461538463 0.7379807692307693 0.2788461538461539 0.7379807692307693 0.2788461538461539 0.8221153846153846 0.3461538461538463 0.8221153846153846
0 0.4879807692307692 0.40865384615384615 0.44711538461538464 0.40865384615384615 0.44711538461538464 0.4831730769230769 0.4879807692307692 0.4831730769230769
0 0.5120192307692307 0.3245192307692308 0.4495192307692308 0.3245192307692308 0.4495192307692308 0.40384615384615385 0.5120192307692307 0.40384615384615385
0 0.5697115384615384 0.31250000000000006 0.5288461538461539 0.3125 0.5288461538461539 0.38701923076923084 0.5697115384615384 0.3870192307692309
0 0.6418269230769231 0.3317307692307694 0.5841346153846154 0.3317307692307694 0.5841346153846154 0.3942307692307694 0.6418269230769231 0.3942307692307694
0 0.5697115384615385 0.5336538461538463 0.5288461538461539 0.5336538461538461 0.528846153846154 0.5841346153846154 0.5697115384615385 0.5841346153846155