0 0.10817307692307702 0.7067307692307693 0.02644230769230778 0.7067307692307693 0.026442307692307782 0.7764423076923077 0.10817307692307702 0.7764423076923077
0 0.18750000000000006 0.6658653846153846 0.1129807692307693 0.6658653846153846 0.11298076923076932 0.7235576923076923 0.18750000000000006 0.7235576923076923
0 0.2475961538461539 0.6177884615384616 0.1754807692307693 0.6177884615384616 0.1754807692307693 0.6899038461538461 0.2475961538461539 0.6899038461538461
0 0.3870192307692309 0.6802884615384616 0.28846153846153855 0.6802884615384616 0.28846153846153855 0.7596153846153846 0.3870192307692309 0.7596153846153846
0 0.4687500000000001 0.7091346153846154 0.4014423076923078 0.7091346153846154 0.4014423076923078 0.78125 0.4687500000000001 0.78125
0 0.6466346153846154 0.7716346153846154 0.574519230769231 0.7716346153846154 0.574519230769231 0.84375 0.6466346153846154 0.84375
0 0.6995192307692307 0.6298076923076923 0.6298076923076923 0.6298076923076923 0.6298076923076923 0.6995192307692307 0.6995192307692307 0.6995192307692307
0 0.8509615384615384 0.6081730769230771 0.7572115384615384 0.6081730769230771 0.7572115384615384 0.6875 0.8509615384615384 0.6875
0 0.4903846153846155 0.5120192307692307 0.40865384615384615 0.5120192307692307 0.4086538461538462 0.5673076923076923 0.49038461538461553 0.5673076923076923
0 0.4158653846153847 0.49759615384615385 0.32211538461538464 0.49759615384615385 0.3221153846153847 0.5793269230769231 0.41586538461538475 0.5793269230769231
0 0.3870192307692308 0.44711538461538464 0.3052884615384616 0.44711538461538464 0.3052884615384616 0.5024038461538461 0.3870192307692308 0.5024038461538461
0 0.38461538461538464 0.375 0.31490384615384615 0.375 0.31490384615384615 0.4423076923076923 0.38461538461538464 0.4423076923076923
0 0.5817307692307693 0.41826923076923084 0.5240384615384616 0.4182692307692308 0.5240384615384616 0.46875000000000006 0.5817307692307693 0.4687500000000001