0 0.4831730769230769 5.460864933697933e-17 0.40865384615384615 5.004566246515626e-17 0.40865384615384615 0.04807692307692313 0.4831730769230769 0.04807692307692313
0 0.49278846153846156 0.06250000000000006 0.4254807692307692 0.06250000000000006 0.4254807692307692 0.14182692307692316 0.49278846153846156 0.14182692307692316
0 0.5120192307692307 0.1346153846153847 0.43028846153846156 0.1346153846153847 0.43028846153846156 0.2163461538461539 0.5120192307692307 0.2163461538461539
0 0.40625 0.21394230769230776 0.3173076923076923 0.21394230769230776 0.3173076923076923 0.3173076923076923 0.40625 0.3173076923076923
0 0.34134615384615385 0.3076923076923077 0.264423076923077 0.3076923076923077 0.264423076923077 0.3798076923076923 0.34134615384615385 0.3798076923076923
0 0.21394230769230776 0.44711538461538464 0.13701923076923084 0.44711538461538464 0.13701923076923084 0.5192307692307693 0.21394230769230776 0.5192307692307693
0 0.32451923076923084 0.5504807692307693 0.2475961538461539 0.5504807692307693 0.2475961538461539 0.625 0.3245192307692309 0.625
0 0.28846153846153855 0.6730769230769231 0.20192307692307698 0.6730769230769231 0.20192307692307698 0.7716346153846154 0.28846153846153855 0.7716346153846154
0 0.5168269230769231 0.39663461538461536 0.4519230769230769 0.39663461538461536 0.4519230769230769 0.4831730769230769 0.5168269230769231 0.4831730769230769
0 0.5600961538461539 0.3173076923076924 0.47596153846153844 0.3173076923076923 0.47596153846153844 0.41346153846153855 0.5600961538461539 0.4134615384615386
0 0.6153846153846154 0.326923076923077 0.5552884615384616 0.3269230769230769 0.5552884615384616 0.4110576923076924 0.6153846153846154 0.41105769230769246
0 0.6826923076923077 0.3557692307692309 0.6057692307692307 0.3557692307692309 0.6057692307692307 0.4375000000000001 0.6826923076923077 0.4375000000000001
0 0.5625000000000001 0.5384615384615385 0.5048076923076923 0.5384615384615384 0.5048076923076924 0.6033653846153847 0.5625000000000001 0.6033653846153848