0 0.12259615384615394 0.6754807692307693 0.05528846153846163 0.6754807692307693 0.055288461538461633 0.7740384615384616 0.12259615384615395 0.7740384615384616
0 0.10336538461538468 0.49278846153846156 0.04807692307692314 0.49278846153846156 0.04807692307692314 0.5961538461538461 0.10336538461538468 0.5961538461538461
0 0.09375000000000006 0.39663461538461536 0.045673076923076976 0.39663461538461536 0.045673076923076976 0.45913461538461536 0.09375000000000007 0.45913461538461536
0 0.2548076923076923 0.2091346153846154 0.18509615384615385 0.2091346153846154 0.18509615384615385 0.2668269230769231 0.2548076923076923 0.2668269230769231
0 0.14903846153846156 0.10096153846153848 0.08653846153846154 0.10096153846153846 0.08653846153846155 0.18028846153846154 0.14903846153846156 0.18028846153846154
0 0.40625 0.04807692307692312 0.3389423076923077 0.048076923076923114 0.3389423076923077 0.12259615384615388 0.40625 0.12259615384615388
0 0.49278846153846156 0.04086538461538468 0.41346153846153844 0.040865384615384664 0.41346153846153844 0.11778846153846159 0.49278846153846156 0.1177884615384616
0 0.4326923076923077 0.28125000000000006 0.34134615384615385 0.28125000000000006 0.34134615384615385 0.37740384615384615 0.4326923076923077 0.37740384615384615
0 0.4639423076923077 0.3557692307692308 0.4206730769230769 0.3557692307692308 0.4206730769230769 0.4423076923076923 0.4639423076923077 0.4423076923076923
0 0.4230769230769231 0.4230769230769231 0.36538461538461536 0.4230769230769231 0.36538461538461536 0.49278846153846156 0.4230769230769231 0.49278846153846156
0 0.22596153846153852 0.30528846153846156 0.17307692307692316 0.30528846153846156 0.17307692307692316 0.3485576923076923 0.22596153846153852 0.3485576923076923
0 0.2908653846153847 0.3942307692307692 0.25000000000000006 0.3942307692307692 0.25000000000000006 0.43028846153846156 0.2908653846153847 0.43028846153846156
0 0.3173076923076923 0.44471153846153844 0.2740384615384616 0.44471153846153844 0.2740384615384616 0.5216346153846154 0.3173076923076923 0.5216346153846154
0 0.27644230769230776 0.4639423076923077 0.24519230769230776 0.4639423076923077 0.24519230769230776 0.5096153846153846 0.27644230769230776 0.5096153846153846
0 0.2596153846153847 0.5288461538461539 0.18269230769230776 0.5288461538461539 0.18269230769230776 0.6105769230769231 0.2596153846153847 0.6105769230769231
0 0.25721153846153855 0.6057692307692307 0.22115384615384623 0.6057692307692307 0.22115384615384623 0.6538461538461539 0.25721153846153855 0.6538461538461539
0 0.19230769230769237 0.42788461538461536 0.14663461538461545 0.42788461538461536 0.14663461538461545 0.49278846153846156 0.19230769230769237 0.49278846153846156
0 0.19951923076923084 0.37259615384615385 0.16105769230769237 0.37259615384615385 0.16105769230769237 0.40625 0.19951923076923084 0.40625
0 0.1274038461538462 0.2644230769230769 0.06730769230769235 0.2644230769230769 0.06730769230769235 0.3317307692307692 0.1274038461538462 0.3317307692307692
0 0.5144230769230769 0.1754807692307693 0.4567307692307692 0.1754807692307693 0.4567307692307692 0.24278846153846162 0.5144230769230769 0.24278846153846162
0 0.2620192307692309 0.9110576923076923 0.22836538461538475 0.9110576923076923 0.22836538461538475 0.9567307692307693 0.2620192307692309 0.9567307692307693
0 0.1105769230769232 0.9639423076923077 0.0528846153846155 0.9639423076923077 0.0528846153846155 1 0.11057692307692321 1
0 0.5649038461538463 0.8245192307692307 0.4639423076923078 0.8245192307692307 0.4639423076923078 0.9014423076923077 0.5649038461538463 0.9014423076923077
0 0.46634615384615397 0.6586538461538461 0.4182692307692309 0.6586538461538461 0.4182692307692309 0.7475961538461539 0.46634615384615397 0.7475961538461539
0 0.38461538461538475 0.6490384615384616 0.35336538461538475 0.6490384615384616 0.35336538461538475 0.6875 0.38461538461538475 0.6875
0 0.5865384615384616 0.47596153846153855 0.5384615384615384 0.47596153846153844 0.5384615384615384 0.545673076923077 0.5865384615384616 0.5456730769230771
0 0.5312500000000001 0.6009615384615384 0.49759615384615397 0.6009615384615384 0.49759615384615397 0.6658653846153846 0.5312500000000001 0.6658653846153846
0 0.6995192307692307 0.6610576923076923 0.6466346153846154 0.6610576923076923 0.6466346153846154 0.7355769230769231 0.6995192307692307 0.7355769230769231
0 0.7307692307692307 0.8533653846153846 0.6899038461538461 0.8533653846153846 0.6899038461538461 0.90625 0.7307692307692307 0.90625
0 0.8605769230769231 0.45913461538461553 0.7980769230769231 0.45913461538461553 0.7980769230769231 0.5264423076923078 0.8605769230769231 0.5264423076923078
0 1 0.6442307692307693 0.96875 0.6442307692307693 0.96875 0.6802884615384616 1 0.6802884615384616
0 0.9519230769230769 0.5072115384615385 0.9182692307692307 0.5072115384615385 0.9182692307692307 0.5625000000000001 0.9519230769230769 0.5625000000000001
0 0.9807692307692307 0.5504807692307694 0.9543269230769231 0.5504807692307694 0.9543269230769231 0.5889423076923078 0.9807692307692307 0.5889423076923078
0 0.9230769230769231 0.2980769230769232 0.8293269230769231 0.29807692307692313 0.8293269230769231 0.3942307692307694 0.9230769230769231 0.3942307692307694
0 0.7932692307692307 0.5048076923076924 0.7307692307692307 0.5048076923076924 0.7307692307692307 0.5625000000000001 0.7932692307692307 0.5625000000000001
0 0.7716346153846154 0.5264423076923078 0.7091346153846154 0.5264423076923078 0.7091346153846154 0.591346153846154 0.7716346153846154 0.591346153846154
0 0.6899038461538461 0.32692307692307704 0.6322115384615384 0.32692307692307704 0.6322115384615384 0.41105769230769246 0.6899038461538461 0.41105769230769246
0 0.6153846153846154 0.29326923076923084 0.5576923076923077 0.29326923076923084 0.5576923076923077 0.3725961538461539 0.6153846153846154 0.37259615384615397
0 0.5793269230769231 0.2596153846153847 0.49278846153846156 0.2596153846153847 0.49278846153846156 0.32932692307692313 0.5793269230769231 0.32932692307692324
0 0.5673076923076923 0.20192307692307698 0.5288461538461539 0.20192307692307698 0.5288461538461539 0.23557692307692316 0.5673076923076923 0.23557692307692316
0 0.5432692307692307 0.10096153846153853 0.5144230769230769 0.10096153846153853 0.5144230769230769 0.15865384615384623 0.5432692307692307 0.15865384615384623
0 0.7067307692307693 0.03846153846153855 0.6826923076923077 0.03846153846153855 0.6826923076923077 0.08173076923076932 0.7067307692307693 0.08173076923076933
0 0.6850961538461539 0.0817307692307693 0.6466346153846154 0.0817307692307693 0.6466346153846154 0.1346153846153847 0.6850961538461539 0.1346153846153847
0 0.6418269230769231 0.048076923076923156 0.5889423076923077 0.04807692307692314 0.5889423076923077 0.12500000000000006 0.6418269230769231 0.12500000000000006
0 0.6009615384615384 0.1442307692307693 0.5673076923076923 0.1442307692307693 0.5673076923076923 0.19230769230769237 0.6009615384615384 0.19230769230769237
0 0.6610576923076923 0.19471153846153852 0.6081730769230769 0.19471153846153852 0.6081730769230769 0.2475961538461539 0.6610576923076923 0.2475961538461539
0 0.6995192307692307 0.23076923076923084 0.65625 0.23076923076923084 0.65625 0.2860576923076924 0.6995192307692307 0.2860576923076924
0 0.7548076923076923 0.2860576923076924 0.6923076923076923 0.2860576923076924 0.6923076923076923 0.35336538461538475 0.7548076923076923 0.35336538461538475
0 0.7980769230769231 0.23557692307692316 0.7331730769230769 0.23557692307692316 0.7331730769230769 0.29326923076923084 0.7980769230769231 0.29326923076923084
0 0.7692307692307693 0.4062500000000001 0.7259615384615384 0.4062500000000001 0.7259615384615384 0.45192307692307704 0.7692307692307693 0.45192307692307704
0 0.6947115384615384 0.4447115384615386 0.6682692307692307 0.4447115384615386 0.6682692307692307 0.4879807692307694 0.6947115384615384 0.4879807692307694
0 0.3774038461538463 0.7884615384615384 0.32932692307692324 0.7884615384615384 0.32932692307692324 0.8245192307692307 0.3774038461538463 0.8245192307692307