0 0.27884615384615397 0.8293269230769231 0.16346153846153852 0.8293269230769231 0.16346153846153857 0.9230769230769231 0.27884615384615397 0.9230769230769231
0 0.45432692307692324 0.8822115384615384 0.34134615384615397 0.8822115384615384 0.34134615384615397 0.9495192307692307 0.45432692307692324 0.9495192307692307
0 0.5480769230769232 0.9110576923076923 0.47836538461538475 0.9110576923076923 0.47836538461538475 0.9663461538461539 0.5480769230769232 0.9663461538461539
0 0.7548076923076923 0.7764423076923077 0.6875 0.7764423076923077 0.6875 0.8533653846153846 0.7548076923076923 0.8533653846153846
0 0.8461538461538461 0.8942307692307693 0.7620192307692307 0.8942307692307693 0.7620192307692307 0.9663461538461539 0.8461538461538461 0.9663461538461539
0 0.9399038461538461 0.6442307692307693 0.8509615384615384 0.6442307692307693 0.8509615384615384 0.7283653846153846 0.9399038461538461 0.7283653846153846
0 0.9567307692307693 0.560096153846154 0.8653846153846154 0.560096153846154 0.8653846153846154 0.6514423076923077 0.9567307692307693 0.6514423076923077
0 0.7115384615384616 0.5793269230769232 0.5961538461538463 0.5793269230769232 0.5961538461538463 0.6923076923076923 0.7115384615384616 0.6923076923076923
0 0.6370192307692307 0.545673076923077 0.5456730769230769 0.5456730769230769 0.545673076923077 0.6009615384615385 0.6370192307692307 0.6009615384615385
0 0.5673076923076924 0.576923076923077 0.49038461538461553 0.5769230769230769 0.49038461538461553 0.6466346153846154 0.5673076923076924 0.6466346153846154
0 0.65625 0.7932692307692307 0.605769230769231 0.7932692307692307 0.605769230769231 0.8509615384615384 0.65625 0.8509615384615384
0 0.5769230769230771 0.7163461538461539 0.5336538461538463 0.7163461538461539 0.5336538461538463 0.7644230769230769 0.5769230769230771 0.7644230769230769
0 0.5312500000000001 0.6754807692307693 0.4495192307692309 0.6754807692307693 0.4495192307692309 0.7331730769230769 0.5312500000000001 0.7331730769230769
0 0.5072115384615385 0.7235576923076923 0.4567307692307694 0.7235576923076923 0.4567307692307694 0.7596153846153846 0.5072115384615385 0.7596153846153846
0 0.4447115384615386 0.71875 0.3437500000000001 0.71875 0.3437500000000001 0.8173076923076923 0.4447115384615386 0.8173076923076923
0 0.3629807692307694 0.71875 0.31009615384615397 0.71875 0.31009615384615397 0.7620192307692307 0.3629807692307694 0.7620192307692307
0 0.5312500000000001 0.8052884615384616 0.4567307692307694 0.8052884615384616 0.4567307692307694 0.8653846153846154 0.5312500000000001 0.8653846153846154
0 0.5841346153846155 0.8100961538461539 0.5456730769230771 0.8100961538461539 0.5456730769230771 0.8533653846153846 0.5841346153846155 0.8533653846153846
0 0.6826923076923077 0.8918269230769231 0.6081730769230771 0.8918269230769231 0.6081730769230771 0.9615384615384616 0.6826923076923077 0.9615384615384616
0 0.8269230769230769 0.5192307692307694 0.7475961538461539 0.5192307692307694 0.7475961538461539 0.591346153846154 0.8269230769230769 0.591346153846154
0 0.06009615384615393 0.6730769230769231 0.009615384615384696 0.6730769230769231 0.0096153846153847 0.7139423076923077 0.06009615384615393 0.7139423076923077
0 0.19471153846153852 0.375 0.09375000000000003 0.375 0.09375000000000006 0.4951923076923077 0.19471153846153852 0.4951923076923077
0 0.33894230769230776 0.5 0.2475961538461539 0.5 0.2475961538461539 0.5600961538461539 0.3389423076923078 0.5600961538461539
0 0.3389423076923078 0.5865384615384616 0.29326923076923084 0.5865384615384616 0.29326923076923084 0.625 0.3389423076923078 0.625
0 0.5384615384615384 0.40625 0.45913461538461536 0.40625 0.45913461538461536 0.46634615384615385 0.5384615384615384 0.46634615384615385
0 0.40625 0.44471153846153844 0.33413461538461536 0.44471153846153844 0.33413461538461536 0.49278846153846156 0.40625 0.49278846153846156
0 0.37259615384615385 0.2692307692307693 0.28846153846153844 0.2692307692307693 0.2884615384615385 0.33413461538461536 0.37259615384615385 0.33413461538461536
0 0.18269230769230768 0.21634615384615385 0.12500000000000003 0.21634615384615385 0.12500000000000003 0.2668269230769231 0.18269230769230768 0.2668269230769231
0 0.5961538461538461 0.13942307692307698 0.5144230769230769 0.13942307692307698 0.5144230769230769 0.2163461538461539 0.5961538461538461 0.2163461538461539
0 0.4254807692307692 4.975127621536123e-17 0.3870192307692308 4.739618621700093e-17 0.3870192307692308 0.016826923076923125 0.4254807692307692 0.016826923076923128
0 0.5576923076923077 0.04326923076923084 0.4951923076923077 0.04326923076923084 0.4951923076923077 0.0865384615384616 0.5576923076923077 0.0865384615384616
0 0.5192307692307693 0.01201923076923083 0.47596153846153844 0.012019230769230829 0.47596153846153844 0.04567307692307698 0.5192307692307693 0.04567307692307699
0 0.7620192307692307 0.09375000000000008 0.6490384615384616 0.09375000000000007 0.6490384615384616 0.20432692307692316 0.7620192307692307 0.20432692307692316
0 0.5384615384615384 0.20192307692307698 0.47115384615384615 0.20192307692307698 0.47115384615384615 0.2716346153846155 0.5384615384615384 0.2716346153846155
0 0.5144230769230769 0.2163461538461539 0.43509615384615385 0.2163461538461539 0.43509615384615385 0.29326923076923084 0.5144230769230769 0.29326923076923084
0 0.6995192307692307 0.32211538461538475 0.6081730769230769 0.32211538461538475 0.6081730769230769 0.3942307692307694 0.6995192307692307 0.3942307692307694
0 0.7235576923076923 0.4014423076923078 0.6346153846153846 0.4014423076923078 0.6346153846153846 0.47355769230769246 0.7235576923076923 0.47355769230769246
0 0.7524038461538461 0.44230769230769246 0.6658653846153846 0.44230769230769246 0.6658653846153846 0.543269230769231 0.7524038461538461 0.543269230769231
0 0.8052884615384616 0.4687500000000001 0.7644230769230769 0.4687500000000001 0.7644230769230769 0.5144230769230771 0.8052884615384616 0.5144230769230771
0 0.9014423076923077 0.5024038461538463 0.8389423076923077 0.5024038461538463 0.8389423076923077 0.543269230769231 0.9014423076923077 0.543269230769231
0 0.9855769230769231 0.3557692307692309 0.9399038461538461 0.3557692307692309 0.9399038461538461 0.38461538461538475 0.9855769230769231 0.38461538461538475
0 0.9399038461538461 0.3677884615384617 0.8822115384615384 0.3677884615384617 0.8822115384615384 0.4134615384615386 0.9399038461538461 0.4134615384615386
0 0.96875 0.4134615384615386 0.8846153846153846 0.4134615384615386 0.8846153846153846 0.4759615384615386 0.96875 0.4759615384615386
0 0.8677884615384616 0.44230769230769246 0.8125 0.44230769230769246 0.8125 0.48557692307692324 0.8677884615384616 0.48557692307692324
0 0.8269230769230769 0.3750000000000001 0.7644230769230769 0.3750000000000001 0.7644230769230769 0.4375000000000001 0.8269230769230769 0.4375000000000001
0 0.7980769230769231 0.3317307692307694 0.7331730769230769 0.3317307692307694 0.7331730769230769 0.3870192307692309 0.7980769230769231 0.3870192307692309
0 0.7475961538461539 0.26682692307692313 0.6706730769230769 0.26682692307692313 0.6706730769230769 0.34134615384615397 0.7475961538461539 0.34134615384615397
0 0.8076923076923077 0.23076923076923084 0.7355769230769231 0.23076923076923084 0.7355769230769231 0.3076923076923078 0.8076923076923077 0.3076923076923078
0 0.6322115384615384 0.24038461538461545 0.5793269230769231 0.24038461538461545 0.5793269230769231 0.29326923076923084 0.6322115384615384 0.29326923076923084
0 0.5841346153846154 0.3100961538461539 0.5384615384615384 0.31009615384615385 0.5384615384615384 0.34375000000000006 0.5841346153846154 0.3437500000000001
0 0.19951923076923084 0.5745192307692307 0.1538461538461539 0.5745192307692307 0.1538461538461539 0.6298076923076923 0.19951923076923084 0.6298076923076923