0 0.3317307692307694 0.8798076923076923 0.23317307692307707 0.8798076923076923 0.23317307692307707 0.9495192307692307 0.3317307692307694 0.9495192307692307
0 0.5168269230769232 0.8990384615384616 0.41105769230769246 0.8990384615384616 0.41105769230769246 0.9543269230769231 0.5168269230769232 0.9543269230769231
0 0.6129807692307694 0.90625 0.5504807692307694 0.90625 0.5504807692307694 0.9567307692307693 0.6129807692307694 0.9567307692307693
0 0.7980769230769231 0.7403846153846154 0.7379807692307693 0.7403846153846154 0.7379807692307693 0.8100961538461539 0.7980769230769231 0.8100961538461539
0 0.9110576923076923 0.8413461538461539 0.8269230769230769 0.8413461538461539 0.8269230769230769 0.9134615384615384 0.9110576923076923 0.9134615384615384
0 0.9543269230769231 0.5865384615384617 0.8822115384615384 0.5865384615384617 0.8822115384615384 0.65625 0.9543269230769231 0.65625
0 0.9639423076923077 0.49759615384615397 0.8798076923076923 0.49759615384615397 0.8798076923076923 0.5817307692307694 0.9639423076923077 0.5817307692307694
0 0.7283653846153846 0.560096153846154 0.6201923076923077 0.560096153846154 0.6201923076923077 0.6634615384615384 0.7283653846153846 0.6634615384615384
0 0.6466346153846154 0.5336538461538463 0.5576923076923077 0.5336538461538461 0.5576923076923077 0.5841346153846154 0.6466346153846154 0.5841346153846155
0 0.5817307692307694 0.5721153846153847 0.5096153846153848 0.5721153846153846 0.5096153846153848 0.6370192307692307 0.5817307692307694 0.6370192307692307
0 0.7019230769230769 0.7692307692307693 0.6538461538461539 0.7692307692307693 0.6538461538461539 0.8245192307692307 0.7019230769230769 0.8245192307692307
0 0.6105769230769232 0.7091346153846154 0.574519230769231 0.7091346153846154 0.574519230769231 0.75 0.6105769230769232 0.75
0 0.5625000000000001 0.6802884615384616 0.48317307692307704 0.6802884615384616 0.48317307692307704 0.7307692307692307 0.5625000000000001 0.7307692307692307
0 0.543269230769231 0.7259615384615384 0.4951923076923078 0.7259615384615384 0.4951923076923078 0.7572115384615384 0.543269230769231 0.7572115384615384
0 0.48317307692307704 0.7379807692307693 0.39182692307692324 0.7379807692307693 0.39182692307692324 0.8245192307692307 0.48317307692307704 0.8245192307692307
0 0.4014423076923078 0.7451923076923077 0.35336538461538475 0.7451923076923077 0.35336538461538475 0.78125 0.4014423076923078 0.78125
0 0.5793269230769232 0.8052884615384616 0.512019230769231 0.8052884615384616 0.512019230769231 0.8581730769230769 0.5793269230769232 0.8581730769230769
0 0.6346153846153846 0.7980769230769231 0.5985576923076924 0.7980769230769231 0.5985576923076924 0.8365384615384616 0.6346153846153846 0.8365384615384616
0 0.7451923076923077 0.8653846153846154 0.6730769230769231 0.8653846153846154 0.6730769230769231 0.9350961538461539 0.7451923076923077 0.9350961538461539
0 0.8269230769230769 0.4759615384615386 0.7548076923076923 0.4759615384615386 0.7548076923076923 0.543269230769231 0.8269230769230769 0.543269230769231
0 0.09615384615384626 0.7427884615384616 0.04807692307692316 0.7427884615384616 0.04807692307692317 0.78125 0.09615384615384626 0.78125
0 0.04567307692307703 0.8990384615384616 0.007211538461538573 0.8990384615384616 0.0072115384615385756 0.9591346153846154 0.045673076923077045 0.9591346153846154
0 0.18028846153846162 0.43990384615384615 0.09615384615384623 0.43990384615384615 0.09615384615384623 0.5456730769230769 0.18028846153846162 0.5456730769230769
0 0.3461538461538462 0.53125 0.2548076923076924 0.53125 0.2548076923076924 0.5913461538461539 0.3461538461538463 0.5913461538461539
0 0.35336538461538475 0.6177884615384616 0.3149038461538463 0.6177884615384616 0.3149038461538463 0.6514423076923077 0.35336538461538475 0.6514423076923077
0 0.5240384615384616 0.41346153846153844 0.4543269230769231 0.41346153846153844 0.4543269230769231 0.4639423076923077 0.5240384615384616 0.4639423076923077
0 0.4014423076923077 0.46875 0.33413461538461536 0.46875 0.33413461538461536 0.5096153846153846 0.4014423076923077 0.5096153846153846
0 0.34134615384615385 0.3004807692307693 0.2596153846153847 0.3004807692307692 0.2596153846153847 0.3629807692307692 0.34134615384615385 0.3629807692307692
0 0.14423076923076927 0.2764423076923077 0.09134615384615388 0.2764423076923077 0.09134615384615388 0.31971153846153844 0.14423076923076927 0.31971153846153844
0 0.5384615384615384 0.13701923076923084 0.46634615384615385 0.13701923076923084 0.46634615384615385 0.2067307692307693 0.5384615384615384 0.2067307692307693
0 0.35096153846153844 0.0024038461538461943 0.3125 0.002403846153846192 0.3125 0.036057692307692346 0.35096153846153844 0.03605769230769235
0 0.4879807692307692 0.04807692307692313 0.43028846153846156 0.04807692307692313 0.43028846153846156 0.08413461538461545 0.4879807692307692 0.08413461538461545
0 0.4423076923076923 0.01923076923076928 0.40384615384615385 0.01923076923076928 0.40384615384615385 0.04807692307692313 0.4423076923076923 0.04807692307692313
0 0.6971153846153846 0.07211538461538469 0.5985576923076923 0.07211538461538468 0.5985576923076923 0.17067307692307698 0.6971153846153846 0.17067307692307698
0 0.49278846153846156 0.2067307692307693 0.43028846153846156 0.2067307692307693 0.43028846153846156 0.2740384615384616 0.49278846153846156 0.2740384615384616
0 0.4735576923076923 0.22596153846153852 0.40384615384615385 0.22596153846153852 0.40384615384615385 0.295673076923077 0.4735576923076923 0.295673076923077
0 0.6706730769230769 0.3076923076923078 0.5865384615384616 0.3076923076923078 0.5865384615384616 0.3677884615384617 0.6706730769230769 0.3677884615384617
0 0.7067307692307693 0.3822115384615386 0.6274038461538461 0.3822115384615386 0.6274038461538461 0.44230769230769246 0.7067307692307693 0.44230769230769246
0 0.7427884615384616 0.4134615384615386 0.6658653846153846 0.4134615384615386 0.6658653846153846 0.5072115384615385 0.7427884615384616 0.5072115384615385
0 0.7980769230769231 0.42788461538461553 0.7644230769230769 0.42788461538461553 0.7644230769230769 0.46634615384615397 0.7980769230769231 0.46634615384615397
0 0.9014423076923077 0.44711538461538475 0.8413461538461539 0.44711538461538475 0.8413461538461539 0.48317307692307704 0.9014423076923077 0.48317307692307704
0 0.9591346153846154 0.28605769230769246 0.9158653846153846 0.28605769230769246 0.9158653846153846 0.3125000000000001 0.9591346153846154 0.3125000000000001
0 0.9158653846153846 0.3076923076923078 0.8629807692307693 0.3076923076923078 0.8629807692307693 0.3461538461538463 0.9158653846153846 0.3461538461538463
0 0.9519230769230769 0.34855769230769246 0.8701923076923077 0.34855769230769246 0.8701923076923077 0.4086538461538463 0.9519230769230769 0.4086538461538463
0 0.8557692307692307 0.39182692307692324 0.8052884615384616 0.39182692307692324 0.8052884615384616 0.42788461538461553 0.8557692307692307 0.42788461538461553
0 0.8052884615384616 0.33413461538461553 0.75 0.33413461538461553 0.75 0.38942307692307704 0.8052884615384616 0.38942307692307704
0 0.7668269230769231 0.295673076923077 0.7115384615384616 0.295673076923077 0.7115384615384616 0.3389423076923078 0.7668269230769231 0.3389423076923078
0 0.7115384615384616 0.24278846153846162 0.6442307692307693 0.24278846153846162 0.6442307692307693 0.3052884615384616 0.7115384615384616 0.3052884615384616
0 0.7644230769230769 0.1971153846153847 0.6995192307692307 0.1971153846153847 0.6995192307692307 0.26682692307692313 0.7644230769230769 0.26682692307692313
0 0.5913461538461539 0.23076923076923084 0.5432692307692307 0.23076923076923084 0.5432692307692307 0.27644230769230776 0.5913461538461539 0.27644230769230776
0 0.5528846153846154 0.3052884615384616 0.5096153846153846 0.3052884615384616 0.5096153846153846 0.33413461538461536 0.5528846153846154 0.33413461538461536
0 0.21394230769230776 0.6274038461538461 0.17788461538461545 0.6274038461538461 0.17788461538461545 0.6754807692307693 0.21394230769230776 0.6754807692307693