0 0.38221153846153844 3.4443191226019304e-17 0.18028846153846154 2.207896873462776e-17 0.18028846153846154 0.09615384615384619 0.38221153846153844 0.09615384615384619
0 0.31971153846153844 0.0745192307692308 0.13942307692307693 0.07451923076923078 0.13942307692307693 0.18750000000000003 0.31971153846153844 0.18750000000000006
0 0.39903846153846156 0.15144230769230774 0.2980769230769231 0.15144230769230774 0.2980769230769231 0.22596153846153852 0.39903846153846156 0.22596153846153852
0 0.3269230769230769 0.21394230769230774 0.19951923076923078 0.21394230769230768 0.1995192307692308 0.2932692307692308 0.3269230769230769 0.29326923076923084
0 0.14663461538461545 0.32211538461538464 0.045673076923076955 0.32211538461538464 0.04567307692307697 0.4326923076923077 0.14663461538461545 0.4326923076923077
0 0.375 0.36778846153846156 0.2163461538461539 0.36778846153846156 0.2163461538461539 0.49759615384615385 0.375 0.49759615384615385
0 0.3125 0.4735576923076923 0.2283653846153847 0.4735576923076923 0.2283653846153847 0.5432692307692307 0.3125 0.5432692307692307
0 0.22596153846153852 0.47115384615384615 0.1129807692307693 0.47115384615384615 0.1129807692307693 0.5625 0.22596153846153852 0.5625
0 0.21153846153846162 0.6778846153846154 0.07451923076923085 0.6778846153846154 0.07451923076923087 0.7788461538461539 0.21153846153846162 0.7788461538461539
0 0.2716346153846155 0.7908653846153846 0.1250000000000001 0.7908653846153846 0.1250000000000001 0.8966346153846154 0.27163461538461553 0.8966346153846154
0 0.12740384615384626 0.8677884615384616 0.033653846153846256 0.8677884615384616 0.03365384615384626 0.9519230769230769 0.12740384615384626 0.9519230769230769
0 0.5240384615384617 0.6298076923076923 0.35336538461538475 0.6298076923076923 0.35336538461538475 0.7524038461538461 0.5240384615384617 0.7524038461538461
0 0.6778846153846154 0.528846153846154 0.5120192307692307 0.5288461538461539 0.5120192307692308 0.6298076923076923 0.6778846153846154 0.6298076923076923
0 0.6826923076923077 0.4375000000000001 0.5600961538461539 0.4375000000000001 0.5600961538461539 0.5312500000000001 0.6826923076923077 0.5312500000000001
0 0.6442307692307693 0.3173076923076924 0.49759615384615385 0.3173076923076923 0.49759615384615385 0.42307692307692313 0.6442307692307693 0.42307692307692324
0 0.6201923076923077 0.6274038461538461 0.528846153846154 0.6274038461538461 0.528846153846154 0.7235576923076923 0.6201923076923077 0.7235576923076923
0 0.6971153846153846 0.7379807692307693 0.5769230769230771 0.7379807692307693 0.5769230769230771 0.8052884615384616 0.6971153846153846 0.8052884615384616
0 0.6394230769230769 0.7596153846153846 0.4807692307692309 0.7596153846153846 0.4807692307692309 0.8990384615384616 0.6394230769230769 0.8990384615384616