0 0.3197115384615386 0.8701923076923077 0.12019230769230779 0.8701923076923077 0.1201923076923078 0.9879807692307693 0.3197115384615386 0.9879807692307693
0 0.2668269230769232 0.7836538461538461 0.09615384615384626 0.7836538461538461 0.09615384615384626 0.8774038461538461 0.26682692307692324 0.8774038461538461
0 0.35817307692307704 0.7548076923076923 0.2596153846153847 0.7548076923076923 0.2596153846153847 0.8245192307692307 0.35817307692307704 0.8245192307692307
0 0.29326923076923084 0.6730769230769231 0.16826923076923084 0.6730769230769231 0.16826923076923084 0.7475961538461539 0.29326923076923084 0.7475961538461539
0 0.1346153846153847 0.5120192307692307 0.03125000000000006 0.5120192307692307 0.03125000000000007 0.6201923076923077 0.1346153846153847 0.6201923076923077
0 0.36057692307692313 0.4855769230769231 0.21875000000000006 0.4855769230769231 0.21875000000000006 0.59375 0.36057692307692324 0.59375
0 0.3125 0.42788461538461536 0.23317307692307698 0.42788461538461536 0.23317307692307698 0.49278846153846156 0.3125 0.49278846153846156
0 0.2283653846153847 0.39903846153846156 0.12259615384615388 0.39903846153846156 0.1225961538461539 0.47836538461538464 0.2283653846153847 0.47836538461538464
0 0.24278846153846154 0.18269230769230768 0.11538461538461542 0.18269230769230768 0.11538461538461542 0.2692307692307692 0.24278846153846154 0.2692307692307692
0 0.31490384615384615 0.0745192307692308 0.18028846153846154 0.07451923076923078 0.18028846153846154 0.16105769230769235 0.31490384615384615 0.16105769230769237
0 0.18509615384615385 1.7221595613009652e-17 0.09615384615384616 1.1775449991801473e-17 0.09615384615384616 0.07451923076923078 0.18509615384615385 0.07451923076923078
0 0.5504807692307693 0.25000000000000006 0.38461538461538464 0.25000000000000006 0.38461538461538464 0.3605769230769231 0.5504807692307693 0.3605769230769231
0 0.6826923076923077 0.3990384615384616 0.5264423076923077 0.39903846153846156 0.5264423076923077 0.4735576923076924 0.6826923076923077 0.47355769230769246
0 0.6730769230769231 0.4927884615384617 0.5600961538461539 0.4927884615384617 0.560096153846154 0.5721153846153848 0.6730769230769231 0.5721153846153848
0 0.6225961538461539 0.591346153846154 0.4807692307692309 0.5913461538461539 0.4807692307692309 0.6875 0.6225961538461539 0.6875
0 0.6370192307692307 0.295673076923077 0.5600961538461539 0.295673076923077 0.5600961538461539 0.37980769230769246 0.6370192307692307 0.37980769230769246
0 0.7331730769230769 0.22355769230769237 0.6153846153846154 0.22355769230769237 0.6153846153846154 0.2788461538461539 0.7331730769230769 0.2788461538461539
0 0.6778846153846154 0.12019230769230776 0.5288461538461539 0.12019230769230776 0.5288461538461539 0.24519230769230776 0.6778846153846154 0.24519230769230776