0 0.10576923076923081 0.14182692307692307 0.016826923076923093 0.14182692307692307 0.016826923076923104 0.3293269230769231 0.10576923076923081 0.3293269230769231
0 0.19951923076923078 0.1105769230769231 0.1201923076923077 0.11057692307692307 0.12019230769230771 0.2764423076923077 0.19951923076923078 0.2764423076923077
0 0.2355769230769231 0.27163461538461536 0.1778846153846154 0.27163461538461536 0.17788461538461542 0.3629807692307692 0.23557692307692316 0.3629807692307692
0 0.3125 0.17788461538461542 0.25 0.1778846153846154 0.25000000000000006 0.29807692307692313 0.3125 0.29807692307692313
0 0.47115384615384615 0.03846153846153851 0.3701923076923077 0.03846153846153851 0.3701923076923077 0.12980769230769235 0.47115384615384615 0.12980769230769237
0 0.5048076923076923 0.22115384615384623 0.40625 0.22115384615384623 0.40625 0.3581730769230769 0.5048076923076923 0.3581730769230769
0 0.5600961538461539 0.2379807692307693 0.5048076923076923 0.2379807692307693 0.5048076923076923 0.30769230769230776 0.5600961538461539 0.3076923076923078
0 0.5865384615384616 0.12259615384615391 0.5144230769230769 0.12259615384615391 0.5144230769230769 0.22355769230769237 0.5865384615384616 0.22355769230769237
0 0.8028846153846154 0.10817307692307702 0.7283653846153846 0.10817307692307702 0.7283653846153846 0.2283653846153847 0.8028846153846154 0.2283653846153847
0 0.9134615384615384 0.16826923076923087 0.8317307692307693 0.16826923076923084 0.8317307692307693 0.30048076923076933 0.9134615384615384 0.3004807692307694
0 0.9879807692307693 0.0841346153846155 0.9158653846153846 0.08413461538461549 0.9158653846153846 0.1682692307692309 0.9879807692307693 0.1682692307692309
0 0.7451923076923077 0.37980769230769246 0.6442307692307693 0.37980769230769246 0.6442307692307693 0.5384615384615385 0.7451923076923077 0.5384615384615385
0 0.6033653846153847 0.5264423076923077 0.5336538461538461 0.5264423076923077 0.5336538461538463 0.6778846153846154 0.6033653846153848 0.6778846153846154
0 0.5072115384615385 0.5625 0.43509615384615397 0.5625 0.43509615384615397 0.6730769230769231 0.5072115384615385 0.6730769230769231
0 0.40144230769230776 0.49038461538461536 0.3245192307692308 0.49038461538461536 0.32451923076923084 0.6225961538461539 0.4014423076923078 0.6225961538461539
0 0.7067307692307693 0.5552884615384617 0.625 0.5552884615384617 0.625 0.6298076923076923 0.7067307692307693 0.6298076923076923
0 0.7788461538461539 0.6081730769230771 0.7331730769230769 0.6081730769230771 0.7331730769230769 0.7211538461538461 0.7788461538461539 0.7211538461538461
0 0.8774038461538461 0.5240384615384617 0.7668269230769231 0.5240384615384617 0.7668269230769231 0.6610576923076923 0.8774038461538461 0.6610576923076923