0 0.3774038461538462 0.4951923076923077 0.31971153846153844 0.4951923076923077 0.31971153846153855 0.5745192307692307 0.3774038461538463 0.5745192307692307
0 0.5000000000000001 0.7043269230769231 0.44711538461538475 0.7043269230769231 0.44711538461538475 0.7764423076923077 0.5000000000000001 0.7764423076923077
0 0.71875 0.19230769230769237 0.6634615384615384 0.19230769230769237 0.6634615384615384 0.28125000000000006 0.71875 0.28125000000000006
0 0.8245192307692307 0.32211538461538475 0.7716346153846154 0.32211538461538475 0.7716346153846154 0.4134615384615386 0.8245192307692307 0.4134615384615386
0 0.9591346153846154 0.33413461538461553 0.8966346153846154 0.33413461538461553 0.8966346153846154 0.4302884615384617 0.9591346153846154 0.4302884615384617
0 0.6875 0.47355769230769246 0.6153846153846154 0.47355769230769246 0.6153846153846154 0.574519230769231 0.6875 0.574519230769231
0 0.5841346153846154 0.5120192307692308 0.5216346153846154 0.5120192307692307 0.5216346153846154 0.6009615384615385 0.5841346153846155 0.6009615384615385
0 0.3677884615384617 0.6754807692307693 0.3004807692307693 0.6754807692307693 0.3004807692307693 0.78125 0.3677884615384617 0.78125
0 0.29567307692307704 0.8365384615384616 0.23317307692307698 0.8365384615384616 0.23317307692307704 0.9206730769230769 0.29567307692307704 0.9206730769230769
0 0.1995192307692308 0.2091346153846154 0.1370192307692308 0.2091346153846154 0.1370192307692308 0.3125 0.19951923076923084 0.3125
0 0.13461538461538466 0.3798076923076923 0.10096153846153849 0.3798076923076923 0.10096153846153852 0.43028846153846156 0.1346153846153847 0.43028846153846156
0 0.24278846153846154 0.10817307692307696 0.18509615384615385 0.10817307692307696 0.18509615384615385 0.19230769230769232 0.24278846153846154 0.19230769230769232
0 0.4182692307692308 0.16346153846153852 0.3557692307692308 0.16346153846153852 0.3557692307692308 0.2548076923076924 0.4182692307692308 0.2548076923076924
0 0.47596153846153844 0.27644230769230776 0.4182692307692308 0.27644230769230776 0.4182692307692308 0.3557692307692308 0.47596153846153844 0.3557692307692308
0 0.38461538461538464 0.29807692307692313 0.3293269230769231 0.29807692307692313 0.3293269230769231 0.375 0.38461538461538464 0.375
0 0.43990384615384615 0.31971153846153844 0.38221153846153844 0.31971153846153844 0.38221153846153844 0.3894230769230769 0.43990384615384615 0.3894230769230769
0 0.4326923076923077 0.37259615384615385 0.375 0.37259615384615385 0.375 0.4543269230769231 0.4326923076923077 0.4543269230769231