0 0.71875 0.06490384615384623 0.5048076923076923 0.06490384615384623 0.5048076923076923 0.31971153846153855 0.71875 0.3197115384615386
0 0.23076923076923078 0.0793269230769231 0.12980769230769232 0.07932692307692307 0.12980769230769232 0.2091346153846154 0.23076923076923078 0.2091346153846154
0 0.7980769230769231 0.6346153846153846 0.543269230769231 0.6346153846153846 0.543269230769231 0.9663461538461539 0.7980769230769231 0.9663461538461539
0 0.5336538461538463 0.8173076923076923 0.36057692307692324 0.8173076923076923 0.36057692307692324 1 0.5336538461538463 1
0 0.5625000000000001 0.6177884615384616 0.40384615384615397 0.6177884615384616 0.40384615384615397 0.8173076923076923 0.5625000000000001 0.8173076923076923
0 0.6826923076923077 0.5168269230769231 0.5360576923076923 0.5168269230769231 0.5360576923076924 0.7115384615384616 0.6826923076923077 0.7115384615384616
0 0.6153846153846154 0.34375000000000006 0.49759615384615385 0.34375 0.49759615384615385 0.4783653846153847 0.6153846153846154 0.47836538461538475
0 0.4855769230769231 0.26201923076923084 0.375 0.26201923076923084 0.375 0.3894230769230769 0.4855769230769231 0.3894230769230769
0 0.3942307692307692 0.17788461538461542 0.2764423076923077 0.1778846153846154 0.2764423076923077 0.295673076923077 0.3942307692307692 0.295673076923077
0 0.3028846153846154 0.2211538461538462 0.20192307692307693 0.22115384615384615 0.20192307692307696 0.34375 0.3028846153846155 0.34375
0 0.375 0.30528846153846156 0.2740384615384616 0.30528846153846156 0.2740384615384616 0.4519230769230769 0.375 0.4519230769230769
0 0.4879807692307693 0.40865384615384615 0.31009615384615385 0.40865384615384615 0.3100961538461539 0.6442307692307693 0.4879807692307694 0.6442307692307693
0 0.5504807692307693 0.47836538461538464 0.46153846153846156 0.47836538461538464 0.4615384615384616 0.5721153846153846 0.5504807692307694 0.5721153846153846