0 0.9014423076923077 0.2668269230769232 0.6826923076923077 0.26682692307692313 0.6826923076923077 0.42788461538461553 0.9014423076923077 0.42788461538461553
0 0.9519230769230769 0.7307692307692307 0.8413461538461539 0.7307692307692307 0.8413461538461539 0.8052884615384616 0.9519230769230769 0.8052884615384616
0 0.3317307692307692 0.2692307692307693 0.02884615384615388 0.2692307692307692 0.028846153846153893 0.47836538461538464 0.3317307692307692 0.47836538461538464
0 0.18269230769230776 0.5456730769230769 0.004807692307692374 0.5456730769230769 0.0048076923076923826 0.6778846153846154 0.18269230769230776 0.6778846153846154
0 0.3725961538461539 0.49038461538461536 0.20192307692307698 0.49038461538461536 0.20192307692307698 0.6057692307692307 0.37259615384615397 0.6057692307692307
0 0.46153846153846156 0.3485576923076923 0.2836538461538462 0.3485576923076923 0.2836538461538462 0.46634615384615385 0.46153846153846156 0.46634615384615385
0 0.6418269230769231 0.38221153846153855 0.5216346153846154 0.38221153846153844 0.5216346153846154 0.48076923076923084 0.6418269230769231 0.4807692307692309
0 0.7403846153846154 0.5000000000000001 0.6274038461538461 0.5000000000000001 0.6274038461538461 0.591346153846154 0.7403846153846154 0.591346153846154
0 0.8365384615384616 0.574519230769231 0.7331730769230769 0.574519230769231 0.7331730769230769 0.6778846153846154 0.8365384615384616 0.6778846153846154
0 0.8028846153846154 0.6778846153846154 0.6995192307692307 0.6778846153846154 0.6995192307692307 0.7572115384615384 0.8028846153846154 0.7572115384615384
0 0.7139423076923077 0.6177884615384616 0.5793269230769232 0.6177884615384616 0.5793269230769232 0.6971153846153846 0.7139423076923077 0.6971153846153846
0 0.5937500000000001 0.5384615384615385 0.3870192307692308 0.5384615384615384 0.38701923076923084 0.6682692307692307 0.5937500000000001 0.6682692307692307
0 0.5168269230769231 0.4639423076923077 0.4375 0.4639423076923077 0.4375 0.5360576923076923 0.5168269230769231 0.5360576923076923