0 0.9110576923076923 0.26923076923076933 0.6826923076923077 0.2692307692307693 0.6826923076923077 0.44711538461538475 0.9110576923076923 0.44711538461538475
0 0.9495192307692307 0.7355769230769231 0.8269230769230769 0.7355769230769231 0.8269230769230769 0.8269230769230769 0.9495192307692307 0.8269230769230769
0 0.34615384615384615 0.24519230769230774 0.02163461538461542 0.24519230769230768 0.021634615384615433 0.4831730769230769 0.34615384615384615 0.4831730769230769
0 0.18269230769230776 0.5168269230769231 6.329304370593292e-17 0.5168269230769231 7.300778994916914e-17 0.6754807692307693 0.18269230769230776 0.6754807692307693
0 0.3774038461538462 0.4735576923076923 0.1971153846153847 0.4735576923076923 0.1971153846153847 0.6081730769230769 0.3774038461538463 0.6081730769230769
0 0.4735576923076923 0.3293269230769231 0.2788461538461539 0.3293269230769231 0.2788461538461539 0.4807692307692308 0.4735576923076923 0.4807692307692308
0 0.6490384615384616 0.3798076923076924 0.5192307692307693 0.3798076923076923 0.5192307692307693 0.4927884615384616 0.6490384615384616 0.4927884615384617
0 0.7427884615384616 0.5024038461538463 0.625 0.5024038461538463 0.625 0.6033653846153848 0.7427884615384616 0.6033653846153848
0 0.8389423076923077 0.5769230769230771 0.7211538461538461 0.5769230769230771 0.7211538461538461 0.6923076923076923 0.8389423076923077 0.6923076923076923
0 0.8004807692307693 0.6778846153846154 0.6875 0.6778846153846154 0.6875 0.7692307692307693 0.8004807692307693 0.7692307692307693
0 0.7115384615384616 0.6105769230769232 0.5649038461538463 0.6105769230769232 0.5649038461538463 0.7139423076923077 0.7115384615384616 0.7139423076923077
0 0.6009615384615385 0.5192307692307693 0.37259615384615385 0.5192307692307693 0.3725961538461539 0.6875 0.6009615384615385 0.6875
0 0.5216346153846154 0.4567307692307692 0.4326923076923077 0.4567307692307692 0.4326923076923077 0.5384615384615384 0.5216346153846154 0.5384615384615384