0 0.528846153846154 0.6225961538461539 0.44230769230769246 0.6225961538461539 0.44230769230769246 0.6899038461538461 0.528846153846154 0.6899038461538461
0 0.30769230769230776 0.5216346153846154 0.22355769230769237 0.5216346153846154 0.22355769230769237 0.5913461538461539 0.3076923076923078 0.5913461538461539
0 0.7884615384615384 0.24519230769230776 0.6923076923076923 0.24519230769230776 0.6923076923076923 0.3125000000000001 0.7884615384615384 0.3125000000000001
0 0.6442307692307693 0.15625000000000006 0.5456730769230769 0.15625000000000006 0.5456730769230769 0.22115384615384623 0.6442307692307693 0.22115384615384623
0 0.6177884615384616 0.024038461538461606 0.5144230769230769 0.0240384615384616 0.5144230769230769 0.09855769230769237 0.6177884615384616 0.09855769230769237
0 0.5120192307692307 0.3125 0.40384615384615385 0.3125 0.40384615384615385 0.39663461538461536 0.5120192307692307 0.39663461538461536
0 0.4879807692307692 0.4182692307692308 0.3894230769230769 0.4182692307692308 0.3894230769230769 0.49278846153846156 0.4879807692307692 0.49278846153846156
0 0.3509615384615386 0.6514423076923077 0.23557692307692316 0.6514423076923077 0.23557692307692316 0.7355769230769231 0.3509615384615386 0.7355769230769231
0 0.19951923076923084 0.7451923076923077 0.10817307692307702 0.7451923076923077 0.10817307692307702 0.8173076923076923 0.19951923076923084 0.8173076923076923
0 0.8365384615384616 0.7596153846153846 0.7211538461538461 0.7596153846153846 0.7211538461538461 0.8413461538461539 0.8365384615384616 0.8413461538461539
0 0.6706730769230769 0.8485576923076923 0.6129807692307694 0.8485576923076923 0.6129807692307694 0.8894230769230769 0.6706730769230769 0.8894230769230769
0 0.9302884615384616 0.7043269230769231 0.8341346153846154 0.7043269230769231 0.8341346153846154 0.78125 0.9302884615384616 0.78125
0 0.8533653846153846 0.5408653846153848 0.7548076923076923 0.5408653846153848 0.7548076923076923 0.6129807692307694 0.8533653846153846 0.6129807692307694
0 0.7355769230769231 0.49759615384615397 0.6466346153846154 0.49759615384615397 0.6466346153846154 0.5649038461538463 0.7355769230769231 0.5649038461538463
0 0.7211538461538461 0.591346153846154 0.6370192307692307 0.591346153846154 0.6370192307692307 0.65625 0.7211538461538461 0.65625
0 0.6971153846153846 0.5384615384615385 0.6177884615384616 0.5384615384615385 0.6177884615384616 0.605769230769231 0.6971153846153846 0.605769230769231
0 0.6442307692307693 0.5528846153846154 0.5552884615384616 0.5528846153846154 0.5552884615384616 0.6201923076923077 0.6442307692307693 0.6201923076923077