0 0.8581730769230769 0.5841346153846155 0.6466346153846154 0.5841346153846155 0.6466346153846154 0.8389423076923077 0.8581730769230769 0.8389423076923077
0 0.4495192307692309 0.9014423076923077 0.3509615384615386 0.9014423076923077 0.3509615384615386 1 0.4495192307692309 1
0 0.6394230769230769 6.079076058267511e-17 0.35336538461538464 4.3274778719870414e-17 0.35336538461538464 0.3317307692307693 0.6394230769230769 0.3317307692307694
0 0.3293269230769231 0.06250000000000003 0.15625 0.06250000000000001 0.15625 0.26682692307692313 0.3293269230769231 0.26682692307692313
0 0.4519230769230769 0.22355769230769237 0.2980769230769231 0.22355769230769237 0.29807692307692313 0.4182692307692308 0.4519230769230769 0.4182692307692308
0 0.6225961538461539 0.24278846153846162 0.4543269230769231 0.24278846153846162 0.4543269230769231 0.451923076923077 0.6225961538461539 0.45192307692307704
0 0.6586538461538461 0.4783653846153847 0.53125 0.47836538461538464 0.5312500000000001 0.6225961538461539 0.6586538461538461 0.6225961538461539
0 0.5817307692307694 0.6225961538461539 0.4687500000000001 0.6225961538461539 0.4687500000000001 0.7524038461538461 0.5817307692307694 0.7524038461538461
0 0.5504807692307694 0.7524038461538461 0.4302884615384617 0.7524038461538461 0.4302884615384617 0.8725961538461539 0.5504807692307694 0.8725961538461539
0 0.4495192307692309 0.75 0.3389423076923078 0.75 0.3389423076923078 0.8774038461538461 0.4495192307692309 0.8774038461538461
0 0.4639423076923078 0.6153846153846154 0.3557692307692309 0.6153846153846154 0.3557692307692309 0.7692307692307693 0.4639423076923078 0.7692307692307693
0 0.483173076923077 0.41586538461538464 0.3173076923076923 0.41586538461538464 0.3173076923076924 0.6418269230769231 0.48317307692307704 0.6418269230769231
0 0.5408653846153846 0.42788461538461536 0.44711538461538464 0.42788461538461536 0.44711538461538464 0.5240384615384616 0.5408653846153846 0.5240384615384616