0 0.3629807692307694 0.5865384615384616 0.14663461538461545 0.5865384615384616 0.14663461538461547 0.8461538461538461 0.3629807692307694 0.8461538461538461
0 0.6538461538461539 0.9038461538461539 0.5576923076923078 0.9038461538461539 0.5576923076923078 1 0.6538461538461539 1
0 0.6298076923076923 6.079076058267511e-17 0.3629807692307692 4.445232371905056e-17 0.3629807692307692 0.326923076923077 0.6298076923076923 0.32692307692307704
0 0.8389423076923077 0.057692307692307786 0.6658653846153846 0.05769230769230778 0.6658653846153846 0.2620192307692309 0.8389423076923077 0.2620192307692309
0 0.6971153846153846 0.22115384615384623 0.5480769230769231 0.22115384615384623 0.5480769230769231 0.4158653846153847 0.6971153846153846 0.41586538461538475
0 0.5336538461538461 0.25000000000000006 0.3870192307692308 0.25000000000000006 0.3870192307692308 0.44471153846153844 0.5336538461538461 0.44471153846153844
0 0.47596153846153855 0.47836538461538464 0.34134615384615385 0.47836538461538464 0.3413461538461539 0.625 0.4759615384615386 0.625
0 0.5336538461538463 0.6225961538461539 0.42067307692307704 0.6225961538461539 0.42067307692307704 0.7524038461538461 0.5336538461538463 0.7524038461538461
0 0.5793269230769232 0.7451923076923077 0.4495192307692309 0.7451923076923077 0.4495192307692309 0.8774038461538461 0.5793269230769232 0.8774038461538461
0 0.6634615384615384 0.75 0.560096153846154 0.75 0.560096153846154 0.8725961538461539 0.6634615384615384 0.8725961538461539
0 0.6514423076923077 0.6129807692307693 0.5384615384615385 0.6129807692307693 0.5384615384615385 0.7668269230769231 0.6514423076923077 0.7668269230769231
0 0.6947115384615384 0.40625000000000006 0.5096153846153846 0.40625 0.5096153846153847 0.6466346153846154 0.6947115384615384 0.6466346153846154
0 0.5504807692307693 0.43028846153846156 0.46153846153846156 0.43028846153846156 0.46153846153846156 0.5240384615384616 0.5504807692307693 0.5240384615384616