0 0.47836538461538475 0.6826923076923077 0.2788461538461539 0.6826923076923077 0.27884615384615397 0.9278846153846154 0.47836538461538475 0.9278846153846154
0 0.8557692307692307 0.8052884615384616 0.7596153846153846 0.8052884615384616 0.7596153846153846 0.9278846153846154 0.8557692307692307 0.9278846153846154
0 0.47596153846153844 0.02403846153846158 0.21153846153846154 0.024038461538461564 0.21153846153846156 0.36538461538461536 0.47596153846153844 0.36538461538461536
0 0.6490384615384616 6.932796182673116e-17 0.4831730769230769 5.91716362088024e-17 0.4831730769230769 0.18028846153846162 0.6490384615384616 0.18028846153846162
0 0.5961538461538461 0.19230769230769237 0.45913461538461536 0.19230769230769237 0.45913461538461536 0.3774038461538462 0.5961538461538461 0.3774038461538463
0 0.47115384615384615 0.2836538461538462 0.32211538461538464 0.2836538461538462 0.32211538461538464 0.47836538461538464 0.47115384615384615 0.47836538461538464
0 0.5048076923076924 0.5168269230769231 0.37740384615384615 0.5168269230769231 0.3774038461538462 0.6586538461538461 0.5048076923076924 0.6586538461538461
0 0.625 0.6129807692307693 0.5072115384615385 0.6129807692307693 0.5072115384615385 0.7427884615384616 0.625 0.7427884615384616
0 0.7163461538461539 0.7091346153846154 0.591346153846154 0.7091346153846154 0.591346153846154 0.8341346153846154 0.7163461538461539 0.8341346153846154
0 0.7884615384615384 0.6682692307692307 0.6923076923076923 0.6682692307692307 0.6923076923076923 0.7884615384615384 0.7884615384615384 0.7884615384615384
0 0.7235576923076923 0.5552884615384617 0.6225961538461539 0.5552884615384617 0.6225961538461539 0.6995192307692307 0.7235576923076923 0.6995192307692307
0 0.6826923076923077 0.3677884615384616 0.5216346153846154 0.36778846153846156 0.5216346153846154 0.591346153846154 0.6826923076923077 0.591346153846154
0 0.5360576923076923 0.43028846153846156 0.4543269230769231 0.43028846153846156 0.4543269230769231 0.5216346153846154 0.5360576923076923 0.5216346153846154