0 0.389423076923077 0.5144230769230769 0.31971153846153844 0.5144230769230769 0.31971153846153855 0.6033653846153846 0.38942307692307704 0.6033653846153846
0 0.5456730769230771 0.7019230769230769 0.4759615384615386 0.7019230769230769 0.4759615384615386 0.7836538461538461 0.5456730769230771 0.7836538461538461
0 0.6850961538461539 0.16105769230769237 0.6105769230769231 0.16105769230769237 0.6105769230769231 0.2596153846153847 0.6850961538461539 0.2596153846153847
0 0.8125 0.2716346153846155 0.7355769230769231 0.2716346153846155 0.7355769230769231 0.3774038461538463 0.8125 0.3774038461538463
0 0.9471153846153846 0.2620192307692309 0.8605769230769231 0.2620192307692309 0.8605769230769231 0.37259615384615397 0.9471153846153846 0.37259615384615397
0 0.6995192307692307 0.44230769230769246 0.6057692307692307 0.44230769230769246 0.6057692307692308 0.560096153846154 0.6995192307692307 0.560096153846154
0 0.6009615384615385 0.49519230769230776 0.5192307692307693 0.4951923076923077 0.5192307692307693 0.5985576923076924 0.6009615384615385 0.5985576923076924
0 0.42067307692307704 0.6899038461538461 0.3245192307692309 0.6899038461538461 0.3245192307692309 0.8125 0.42067307692307704 0.8125
0 0.3677884615384617 0.8629807692307693 0.2884615384615386 0.8629807692307693 0.2884615384615386 0.9591346153846154 0.3677884615384617 0.9591346153846154
0 0.17788461538461542 0.25721153846153844 0.09134615384615388 0.25721153846153844 0.09134615384615388 0.37259615384615385 0.17788461538461545 0.37259615384615385
0 0.13221153846153852 0.4375 0.0865384615384616 0.4375 0.0865384615384616 0.4951923076923077 0.13221153846153852 0.4951923076923077
0 0.19951923076923078 0.1514423076923077 0.12500000000000003 0.15144230769230768 0.12500000000000003 0.24759615384615385 0.19951923076923078 0.24759615384615385
0 0.38461538461538464 0.17788461538461545 0.30288461538461536 0.17788461538461545 0.3028846153846154 0.2836538461538462 0.38461538461538464 0.2836538461538462
0 0.4543269230769231 0.28125000000000006 0.38461538461538464 0.28125000000000006 0.38461538461538464 0.3701923076923077 0.4543269230769231 0.3701923076923077
0 0.36778846153846156 0.3173076923076923 0.29807692307692313 0.3173076923076923 0.29807692307692313 0.40384615384615385 0.36778846153846156 0.40384615384615385
0 0.4230769230769231 0.3293269230769231 0.35336538461538464 0.3293269230769231 0.35336538461538464 0.4110576923076923 0.4230769230769231 0.4110576923076923
0 0.42788461538461536 0.38461538461538464 0.3557692307692308 0.38461538461538464 0.3557692307692308 0.4735576923076923 0.42788461538461536 0.4735576923076923