0 0.8509615384615384 0.1875000000000001 0.625 0.18750000000000006 0.625 0.36057692307692324 0.8509615384615384 0.36057692307692324
0 1 0.6081730769230771 0.8990384615384616 0.6081730769230771 0.8990384615384616 0.6875 1 0.6875
0 0.3149038461538462 0.3557692307692308 4.356916496966545e-17 0.3557692307692308 5.740531871003219e-17 0.5817307692307693 0.3149038461538463 0.5817307692307693
0 0.23076923076923084 0.6514423076923077 0.04807692307692316 0.6514423076923077 0.04807692307692317 0.7932692307692307 0.23076923076923084 0.7932692307692307
0 0.3966346153846155 0.5432692307692307 0.22115384615384623 0.5432692307692307 0.22115384615384623 0.6682692307692307 0.39663461538461553 0.6682692307692307
0 0.4423076923076923 0.38221153846153844 0.2596153846153847 0.38221153846153844 0.2596153846153847 0.5120192307692307 0.4423076923076923 0.5120192307692307
0 0.6225961538461539 0.358173076923077 0.4951923076923077 0.3581730769230769 0.4951923076923077 0.4663461538461539 0.6225961538461539 0.46634615384615397
0 0.7475961538461539 0.4447115384615386 0.6298076923076923 0.4447115384615386 0.6298076923076923 0.543269230769231 0.7475961538461539 0.543269230769231
0 0.8653846153846154 0.4879807692307694 0.7548076923076923 0.4879807692307694 0.7548076923076923 0.5961538461538463 0.8653846153846154 0.5961538461538463
0 0.8557692307692307 0.5961538461538463 0.7475961538461539 0.5961538461538463 0.7475961538461539 0.6826923076923077 0.8557692307692307 0.6826923076923077
0 0.7524038461538461 0.5673076923076924 0.6129807692307694 0.5673076923076924 0.6129807692307694 0.6538461538461539 0.7524038461538461 0.6538461538461539
0 0.625 0.5312500000000001 0.41346153846153844 0.53125 0.41346153846153855 0.6754807692307693 0.625 0.6754807692307693
0 0.5168269230769231 0.46634615384615385 0.43509615384615385 0.46634615384615385 0.43509615384615385 0.5432692307692307 0.5168269230769231 0.5432692307692307