0 0.9110576923076923 0.2764423076923078 0.6850961538461539 0.27644230769230776 0.6850961538461539 0.44711538461538475 0.9110576923076923 0.44711538461538475
0 0.9399038461538461 0.7475961538461539 0.8269230769230769 0.7475961538461539 0.8269230769230769 0.8269230769230769 0.9399038461538461 0.8269230769230769
0 0.34134615384615385 0.24759615384615388 0.031250000000000035 0.24759615384615385 0.03125000000000005 0.46875 0.34134615384615385 0.46875
0 0.1754807692307693 0.5192307692307693 6.358742995572795e-17 0.5192307692307693 7.212463119978402e-17 0.6586538461538461 0.1754807692307693 0.6586538461538461
0 0.3725961538461539 0.47596153846153844 0.19951923076923084 0.47596153846153844 0.19951923076923084 0.5985576923076923 0.37259615384615397 0.5985576923076923
0 0.46634615384615385 0.33653846153846156 0.2860576923076924 0.33653846153846156 0.2860576923076924 0.46634615384615385 0.46634615384615385 0.46634615384615385
0 0.6466346153846154 0.3846153846153847 0.5216346153846154 0.38461538461538464 0.5216346153846154 0.4903846153846155 0.6466346153846154 0.49038461538461553
0 0.7403846153846154 0.5072115384615385 0.625 0.5072115384615385 0.625 0.605769230769231 0.7403846153846154 0.605769230769231
0 0.8317307692307693 0.5865384615384617 0.7235576923076923 0.5865384615384617 0.7235576923076923 0.6947115384615384 0.8317307692307693 0.6947115384615384
0 0.7956730769230769 0.6875 0.6875 0.6875 0.6875 0.7716346153846154 0.7956730769230769 0.7716346153846154
0 0.7043269230769231 0.6225961538461539 0.5673076923076924 0.6225961538461539 0.5673076923076924 0.7091346153846154 0.7043269230769231 0.7091346153846154
0 0.5889423076923077 0.5336538461538463 0.37740384615384615 0.5336538461538461 0.3774038461538462 0.6730769230769231 0.5889423076923078 0.6730769230769231
0 0.5168269230769231 0.45913461538461536 0.43509615384615385 0.45913461538461536 0.43509615384615385 0.5336538461538461 0.5168269230769231 0.5336538461538461