0 0.9471153846153846 0.30048076923076933 0.6875 0.3004807692307693 0.6875 0.5216346153846155 0.9471153846153846 0.5216346153846155
0 0.8942307692307693 0.7980769230769231 0.7716346153846154 0.7980769230769231 0.7716346153846154 0.8942307692307693 0.8942307692307693 0.8942307692307693
0 0.3894230769230769 0.17067307692307696 0.03846153846153848 0.17067307692307693 0.0384615384615385 0.4519230769230769 0.3894230769230769 0.4519230769230769
0 0.17788461538461545 0.43990384615384615 5.387268371249174e-17 0.43990384615384615 6.417620245531803e-17 0.6081730769230769 0.17788461538461545 0.6081730769230769
0 0.38701923076923084 0.4182692307692308 0.18028846153846162 0.4182692307692308 0.18028846153846162 0.5889423076923077 0.3870192307692309 0.5889423076923077
0 0.4951923076923077 0.3004807692307693 0.2908653846153847 0.3004807692307693 0.2908653846153847 0.4639423076923077 0.4951923076923077 0.4639423076923077
0 0.6634615384615384 0.389423076923077 0.5264423076923077 0.3894230769230769 0.5264423076923077 0.5096153846153847 0.6634615384615384 0.5096153846153848
0 0.7403846153846154 0.5216346153846155 0.6009615384615384 0.5216346153846155 0.6009615384615385 0.6466346153846154 0.7403846153846154 0.6466346153846154
0 0.8221153846153846 0.6153846153846154 0.6850961538461539 0.6153846153846154 0.6850961538461539 0.7524038461538461 0.8221153846153846 0.7524038461538461
0 0.7644230769230769 0.7115384615384616 0.6394230769230769 0.7115384615384616 0.6394230769230769 0.8197115384615384 0.7644230769230769 0.8197115384615384
0 0.6875 0.6274038461538461 0.5336538461538463 0.6274038461538461 0.5336538461538463 0.7427884615384616 0.6875 0.7427884615384616
0 0.5889423076923077 0.5072115384615385 0.3485576923076923 0.5072115384615384 0.3485576923076924 0.6923076923076923 0.5889423076923078 0.6923076923076923
0 0.5240384615384616 0.4519230769230769 0.4326923076923077 0.4519230769230769 0.4326923076923077 0.5384615384615384 0.5240384615384616 0.5384615384615384