0 0.5264423076923077 0.22596153846153852 0.4206730769230769 0.22596153846153852 0.4206730769230769 0.3173076923076923 0.5264423076923077 0.3173076923076923
0 0.7908653846153846 0.22596153846153852 0.6730769230769231 0.22596153846153852 0.6730769230769231 0.3004807692307693 0.7908653846153846 0.3004807692307693
0 0.7115384615384616 0.05288461538461547 0.6442307692307693 0.05288461538461547 0.6442307692307693 0.10817307692307701 0.7115384615384616 0.10817307692307702
0 0.40384615384615385 0.07211538461538466 0.34375 0.07211538461538465 0.34375 0.11778846153846158 0.40384615384615385 0.11778846153846158
0 0.46875000000000006 0.5432692307692307 0.4110576923076923 0.5432692307692307 0.4110576923076924 0.5913461538461539 0.4687500000000001 0.5913461538461539
0 0.5264423076923078 0.65625 0.4687500000000001 0.65625 0.4687500000000001 0.7115384615384616 0.5264423076923078 0.7115384615384616
0 0.295673076923077 0.6923076923076923 0.23076923076923084 0.6923076923076923 0.23076923076923084 0.7379807692307693 0.295673076923077 0.7379807692307693
0 0.08653846153846165 0.7403846153846154 0.0312500000000001 0.7403846153846154 0.0312500000000001 0.8052884615384616 0.08653846153846165 0.8052884615384616
0 0.7548076923076923 0.78125 0.6923076923076923 0.78125 0.6923076923076923 0.8725961538461539 0.7548076923076923 0.8725961538461539
0 0.9567307692307693 0.5697115384615385 0.8774038461538461 0.5697115384615385 0.8774038461538461 0.6274038461538461 0.9567307692307693 0.6274038461538461
0 0.4110576923076923 0.4254807692307692 0.3485576923076923 0.4254807692307692 0.3485576923076923 0.4879807692307692 0.4110576923076923 0.4879807692307692
0 0.9230769230769231 0.4807692307692309 0.8509615384615384 0.4807692307692309 0.8509615384615384 0.5480769230769232 0.9230769230769231 0.5480769230769232
0 1 0.24038461538461553 0.8918269230769231 0.24038461538461553 0.8918269230769231 0.3317307692307694 1 0.3317307692307694
0 0.8076923076923077 0.6418269230769231 0.71875 0.6418269230769231 0.71875 0.7067307692307693 0.8076923076923077 0.7067307692307693
0 0.7019230769230769 0.6826923076923077 0.6538461538461539 0.6826923076923077 0.6538461538461539 0.7379807692307693 0.7019230769230769 0.7379807692307693
0 0.6442307692307693 0.8918269230769231 0.5264423076923078 0.8918269230769231 0.5264423076923078 0.9903846153846154 0.6442307692307693 0.9903846153846154
0 0.9110576923076923 0.9302884615384616 0.7884615384615384 0.9302884615384616 0.7884615384615384 1 0.9110576923076923 1
0 0.43990384615384615 0.18269230769230776 0.37259615384615385 0.18269230769230776 0.37259615384615385 0.23557692307692316 0.43990384615384615 0.23557692307692316
0 0.4951923076923077 0.02163461538461544 0.43509615384615385 0.021634615384615436 0.43509615384615385 0.07211538461538468 0.4951923076923077 0.07211538461538468
0 0.40384615384615385 0.3028846153846155 0.35336538461538464 0.3028846153846155 0.35336538461538464 0.3581730769230769 0.40384615384615385 0.3581730769230769
0 0.25961538461538464 0.05288461538461541 0.14903846153846154 0.052884615384615405 0.14903846153846154 0.1370192307692308 0.25961538461538464 0.1370192307692308
0 0.11778846153846154 0.09375 0.06009615384615386 0.09375 0.06009615384615386 0.13701923076923078 0.11778846153846154 0.13701923076923078
0 0.11298076923076926 0.2956730769230769 0.02403846153846157 0.2956730769230769 0.024038461538461578 0.3581730769230769 0.11298076923076926 0.3581730769230769
0 0.13942307692307693 0.12980769230769232 0.052884615384615405 0.12980769230769232 0.052884615384615405 0.18028846153846154 0.13942307692307696 0.18028846153846154
0 0.1370192307692308 0.15865384615384615 0.03846153846153848 0.15865384615384615 0.038461538461538484 0.21634615384615385 0.1370192307692308 0.21634615384615385
0 0.18509615384615385 0.18990384615384615 0.12019230769230772 0.18990384615384615 0.12019230769230772 0.2403846153846154 0.18509615384615385 0.2403846153846154
0 0.09855769230769242 0.8725961538461539 0.007211538461538569 0.8725961538461539 0.007211538461538574 0.9519230769230769 0.09855769230769242 0.9519230769230769
0 0.12980769230769237 0.6129807692307693 0.07211538461538468 0.6129807692307693 0.07211538461538469 0.6682692307692307 0.12980769230769237 0.6682692307692307
0 0.21153846153846162 0.37740384615384615 0.18269230769230776 0.37740384615384615 0.18269230769230776 0.4182692307692308 0.21153846153846162 0.4182692307692308