0 0.31250000000000006 0.49038461538461536 0.23317307692307698 0.49038461538461536 0.23317307692307698 0.5865384615384616 0.3125000000000001 0.5865384615384616
0 0.27884615384615385 0.22596153846153846 0.22115384615384615 0.22596153846153846 0.2211538461538462 0.3389423076923077 0.2788461538461539 0.3389423076923077
0 0.09615384615384619 0.31490384615384615 0.048076923076923114 0.31490384615384615 0.04807692307692312 0.37740384615384615 0.09615384615384619 0.37740384615384615
0 0.12259615384615391 0.6225961538461539 0.0817307692307693 0.6225961538461539 0.0817307692307693 0.6778846153846154 0.12259615384615391 0.6778846153846154
0 0.5937500000000001 0.528846153846154 0.5480769230769231 0.5288461538461539 0.5480769230769231 0.5841346153846154 0.5937500000000001 0.5841346153846155
0 0.7091346153846154 0.46634615384615397 0.6586538461538461 0.46634615384615397 0.6586538461538461 0.5192307692307694 0.7091346153846154 0.5192307692307694
0 0.7475961538461539 0.6947115384615384 0.7043269230769231 0.6947115384615384 0.7043269230769231 0.7572115384615384 0.7475961538461539 0.7572115384615384
0 0.8245192307692307 0.9038461538461539 0.7668269230769231 0.9038461538461539 0.7668269230769231 0.9519230769230769 0.8245192307692307 0.9519230769230769
0 0.8581730769230769 0.23076923076923087 0.7692307692307693 0.23076923076923084 0.7692307692307693 0.28846153846153855 0.8581730769230769 0.2884615384615386
0 0.5985576923076923 0.04326923076923084 0.5528846153846154 0.04326923076923084 0.5528846153846154 0.11538461538461545 0.5985576923076923 0.11538461538461545
0 0.4927884615384617 0.59375 0.4326923076923078 0.59375 0.4326923076923078 0.6538461538461539 0.4927884615384617 0.6538461538461539
0 0.5240384615384616 0.07932692307692314 0.46153846153846156 0.07932692307692314 0.46153846153846156 0.14903846153846162 0.5240384615384616 0.14903846153846162
0 0.30288461538461536 0.00480769230769234 0.22596153846153846 0.004807692307692336 0.22596153846153846 0.11538461538461542 0.30288461538461536 0.11538461538461542
0 0.6899038461538461 0.1850961538461539 0.6298076923076923 0.1850961538461539 0.6298076923076923 0.2716346153846155 0.6899038461538461 0.2716346153846155
0 0.7259615384615384 0.2908653846153847 0.6730769230769231 0.2908653846153847 0.6730769230769231 0.33413461538461553 0.7259615384615384 0.33413461538461553
0 0.9807692307692307 0.3389423076923078 0.8918269230769231 0.3389423076923078 0.8918269230769231 0.44711538461538475 0.9807692307692307 0.44711538461538475
0 0.9951923076923077 0.07211538461538473 0.9230769230769231 0.07211538461538473 0.9230769230769231 0.18269230769230782 0.9951923076923077 0.18269230769230782
0 0.23557692307692316 0.5793269230769231 0.18990384615384623 0.5793269230769231 0.18990384615384623 0.6418269230769231 0.23557692307692316 0.6418269230769231
0 0.07211538461538468 0.53125 0.02644230769230776 0.53125 0.02644230769230776 0.5865384615384616 0.07211538461538468 0.5865384615384616
0 0.3629807692307694 0.6081730769230769 0.31009615384615397 0.6081730769230769 0.31009615384615397 0.6538461538461539 0.3629807692307694 0.6538461538461539
0 0.14423076923076933 0.7668269230769231 0.07692307692307702 0.7668269230769231 0.07692307692307702 0.8677884615384616 0.14423076923076933 0.8677884615384616
0 0.15625000000000014 0.9038461538461539 0.11778846153846165 0.9038461538461539 0.11778846153846165 0.9567307692307693 0.15625000000000014 0.9567307692307693
0 0.3774038461538463 0.8966346153846154 0.32211538461538475 0.8966346153846154 0.32211538461538475 0.9831730769230769 0.3774038461538463 0.9831730769230769
0 0.1947115384615386 0.8822115384615384 0.15625000000000014 0.8822115384615384 0.15625000000000014 0.9639423076923077 0.1947115384615386 0.9639423076923077
0 0.23317307692307707 0.8822115384615384 0.185096153846154 0.8822115384615384 0.185096153846154 0.9759615384615384 0.23317307692307707 0.9759615384615384
0 0.2548076923076924 0.8341346153846154 0.21153846153846162 0.8341346153846154 0.21153846153846165 0.8918269230769231 0.25480769230769246 0.8918269230769231
0 0.9711538461538461 0.8846153846153846 0.9014423076923077 0.8846153846153846 0.9014423076923077 0.96875 0.9711538461538461 0.96875
0 0.6850961538461539 0.8653846153846154 0.6346153846153846 0.8653846153846154 0.6346153846153846 0.9182692307692307 0.6850961538461539 0.9182692307692307
0 0.4326923076923078 0.7956730769230769 0.3942307692307694 0.7956730769230769 0.3942307692307694 0.8221153846153846 0.4326923076923078 0.8221153846153846