0 0.3173076923076924 0.4639423076923077 0.21875000000000006 0.4639423076923077 0.21875000000000006 0.5745192307692307 0.31730769230769246 0.5745192307692307
0 0.31009615384615385 0.1995192307692308 0.2283653846153846 0.19951923076923078 0.22836538461538464 0.32211538461538464 0.31009615384615385 0.32211538461538464
0 0.11298076923076926 0.27884615384615385 0.06009615384615388 0.27884615384615385 0.06009615384615388 0.34134615384615385 0.11298076923076926 0.34134615384615385
0 0.11538461538461545 0.5841346153846154 0.06730769230769237 0.5841346153846154 0.06730769230769239 0.6466346153846154 0.11538461538461545 0.6466346153846154
0 0.591346153846154 0.5312500000000001 0.5408653846153846 0.53125 0.5408653846153847 0.5937500000000001 0.591346153846154 0.5937500000000001
0 0.7115384615384616 0.4807692307692309 0.6586538461538461 0.4807692307692309 0.6586538461538461 0.5384615384615385 0.7115384615384616 0.5384615384615385
0 0.7331730769230769 0.7115384615384616 0.6802884615384616 0.7115384615384616 0.6802884615384616 0.78125 0.7331730769230769 0.78125
0 0.7908653846153846 0.9230769230769231 0.7259615384615384 0.9230769230769231 0.7259615384615384 0.9807692307692307 0.7908653846153846 0.9807692307692307
0 0.8798076923076923 0.2548076923076924 0.7884615384615384 0.2548076923076924 0.7884615384615384 0.32211538461538475 0.8798076923076923 0.32211538461538475
0 0.6418269230769231 0.05048076923076931 0.5817307692307693 0.0504807692307693 0.5817307692307693 0.12740384615384623 0.6418269230769231 0.12740384615384623
0 0.48557692307692324 0.5889423076923077 0.42067307692307704 0.5889423076923077 0.42067307692307704 0.6514423076923077 0.48557692307692324 0.6514423076923077
0 0.5625 0.076923076923077 0.4879807692307692 0.076923076923077 0.4879807692307692 0.15625000000000006 0.5625 0.15625000000000006
0 0.3485576923076923 0.002403846153846191 0.2548076923076923 0.0024038461538461848 0.2548076923076923 0.10096153846153849 0.3485576923076923 0.10096153846153849
0 0.71875 0.19951923076923084 0.6490384615384616 0.19951923076923084 0.6490384615384616 0.28846153846153855 0.71875 0.28846153846153855
0 0.7475961538461539 0.3052884615384616 0.6875 0.3052884615384616 0.6875 0.3557692307692309 0.7475961538461539 0.3557692307692309
0 0.9975961538461539 0.3677884615384617 0.8894230769230769 0.3677884615384617 0.8894230769230769 0.49038461538461553 0.9975961538461539 0.49038461538461553
0 0.9951923076923077 0.10817307692307704 0.9375 0.10817307692307702 0.9375 0.22836538461538475 0.9951923076923077 0.22836538461538475
0 0.23317307692307698 0.5528846153846154 0.1754807692307693 0.5528846153846154 0.1754807692307693 0.6201923076923077 0.23317307692307698 0.6201923076923077
0 0.07211538461538468 0.49038461538461536 0.01923076923076929 0.49038461538461536 0.019230769230769294 0.5528846153846154 0.07211538461538468 0.5528846153846154
0 0.3557692307692309 0.5913461538461539 0.29807692307692313 0.5913461538461539 0.29807692307692313 0.6394230769230769 0.3557692307692309 0.6394230769230769
0 0.12740384615384626 0.7259615384615384 0.0408653846153847 0.7259615384615384 0.040865384615384706 0.8389423076923077 0.12740384615384626 0.8389423076923077
0 0.1250000000000001 0.8677884615384616 0.08173076923076933 0.8677884615384616 0.08173076923076933 0.9254807692307693 0.1250000000000001 0.9254807692307693
0 0.3509615384615386 0.8798076923076923 0.2764423076923078 0.8798076923076923 0.2764423076923078 0.9759615384615384 0.3509615384615386 0.9759615384615384
0 0.1682692307692309 0.8509615384615384 0.11538461538461549 0.8509615384615384 0.11538461538461549 0.9375 0.1682692307692309 0.9375
0 0.20673076923076936 0.8533653846153846 0.14182692307692318 0.8533653846153846 0.14182692307692318 0.9519230769230769 0.20673076923076936 0.9519230769230769
0 0.23076923076923087 0.8076923076923077 0.17788461538461545 0.8076923076923077 0.17788461538461547 0.8725961538461539 0.2307692307692309 0.8725961538461539
0 0.9375 0.9158653846153846 0.8533653846153846 0.9158653846153846 0.8533653846153846 0.9951923076923077 0.9375 0.9951923076923077
0 0.6538461538461539 0.875 0.5961538461538463 0.875 0.5961538461538463 0.9350961538461539 0.6538461538461539 0.9350961538461539
0 0.40384615384615397 0.7860576923076923 0.36538461538461553 0.7860576923076923 0.36538461538461553 0.8149038461538461 0.40384615384615397 0.8149038461538461