0 0.31250000000000006 0.4639423076923077 0.22596153846153852 0.4639423076923077 0.22596153846153852 0.5649038461538461 0.3125000000000001 0.5649038461538461
0 0.3076923076923077 0.1995192307692308 0.2403846153846154 0.19951923076923078 0.24038461538461542 0.31490384615384615 0.3076923076923077 0.31490384615384615
0 0.11538461538461542 0.27163461538461536 0.06250000000000003 0.27163461538461536 0.06250000000000003 0.33413461538461536 0.11538461538461542 0.33413461538461536
0 0.11057692307692314 0.5793269230769231 0.06730769230769237 0.5793269230769231 0.06730769230769239 0.6370192307692307 0.11057692307692314 0.6370192307692307
0 0.5889423076923077 0.5336538461538463 0.5408653846153846 0.5336538461538461 0.5408653846153847 0.5937500000000001 0.5889423076923078 0.5937500000000001
0 0.7115384615384616 0.48557692307692324 0.6586538461538461 0.48557692307692324 0.6586538461538461 0.5408653846153848 0.7115384615384616 0.5408653846153848
0 0.7259615384615384 0.7163461538461539 0.6778846153846154 0.7163461538461539 0.6778846153846154 0.7836538461538461 0.7259615384615384 0.7836538461538461
0 0.7788461538461539 0.9302884615384616 0.71875 0.9302884615384616 0.71875 0.9831730769230769 0.7788461538461539 0.9831730769230769
0 0.8822115384615384 0.2620192307692309 0.7932692307692307 0.26201923076923084 0.7932692307692307 0.3245192307692309 0.8822115384615384 0.3245192307692309
0 0.6442307692307693 0.05288461538461546 0.59375 0.052884615384615453 0.59375 0.12740384615384623 0.6442307692307693 0.12740384615384623
0 0.48317307692307704 0.5889423076923077 0.4182692307692309 0.5889423076923077 0.4182692307692309 0.6514423076923077 0.48317307692307704 0.6514423076923077
0 0.5673076923076923 0.07932692307692314 0.49759615384615385 0.07932692307692314 0.49759615384615385 0.1538461538461539 0.5673076923076923 0.1538461538461539
0 0.35336538461538464 3.812301934845727e-17 0.2692307692307692 3.2971259977044127e-17 0.2692307692307692 0.09375000000000003 0.35336538461538464 0.09375000000000003
0 0.7235576923076923 0.20192307692307698 0.65625 0.20192307692307698 0.65625 0.2908653846153847 0.7235576923076923 0.2908653846153847
0 0.7475961538461539 0.31009615384615397 0.6899038461538461 0.31009615384615397 0.6899038461538461 0.3557692307692309 0.7475961538461539 0.3557692307692309
0 0.9927884615384616 0.37980769230769246 0.8966346153846154 0.37980769230769246 0.8966346153846154 0.4927884615384617 0.9927884615384616 0.4927884615384617
0 1 0.1201923076923078 0.9519230769230769 0.12019230769230779 0.9519230769230769 0.2355769230769232 1 0.2355769230769232
0 0.2283653846153847 0.5480769230769231 0.1754807692307693 0.5480769230769231 0.1754807692307693 0.6129807692307693 0.2283653846153847 0.6129807692307693
0 0.06971153846153852 0.4831730769230769 0.021634615384615443 0.4831730769230769 0.02163461538461545 0.5408653846153846 0.06971153846153853 0.5408653846153846
0 0.3509615384615386 0.5889423076923077 0.295673076923077 0.5889423076923077 0.295673076923077 0.6370192307692307 0.3509615384615386 0.6370192307692307
0 0.11778846153846165 0.7211538461538461 0.04326923076923085 0.7211538461538461 0.043269230769230865 0.8269230769230769 0.11778846153846165 0.8269230769230769
0 0.11538461538461549 0.8629807692307693 0.07451923076923087 0.8629807692307693 0.07451923076923088 0.9182692307692307 0.11538461538461549 0.9182692307692307
0 0.3365384615384617 0.8798076923076923 0.2740384615384617 0.8798076923076923 0.2740384615384617 0.96875 0.3365384615384617 0.96875
0 0.15625000000000014 0.8461538461538461 0.11057692307692318 0.8461538461538461 0.11057692307692318 0.9302884615384616 0.15625000000000014 0.9302884615384616
0 0.1947115384615386 0.8485576923076923 0.14182692307692318 0.8485576923076923 0.14182692307692318 0.9447115384615384 0.1947115384615386 0.9447115384615384
0 0.22115384615384626 0.8028846153846154 0.17307692307692316 0.8028846153846154 0.17307692307692318 0.8653846153846154 0.22115384615384628 0.8653846153846154
0 0.9254807692307693 0.9254807692307693 0.8485576923076923 0.9254807692307693 0.8485576923076923 1 0.9254807692307693 1
0 0.6466346153846154 0.8774038461538461 0.591346153846154 0.8774038461538461 0.591346153846154 0.9350961538461539 0.6466346153846154 0.9350961538461539
0 0.4014423076923078 0.7836538461538461 0.36057692307692324 0.7836538461538461 0.36057692307692324 0.8149038461538461 0.4014423076923078 0.8149038461538461