0 0.5649038461538461 0.21875000000000006 0.4543269230769231 0.21875000000000006 0.4543269230769231 0.31971153846153855 0.5649038461538461 0.3197115384615386
0 0.8293269230769231 0.25721153846153855 0.7019230769230769 0.25721153846153855 0.7019230769230769 0.3437500000000001 0.8293269230769231 0.3437500000000001
0 0.7764423076923077 0.07932692307692318 0.7019230769230769 0.07932692307692318 0.7019230769230769 0.14423076923076933 0.7764423076923077 0.14423076923076933
0 0.47115384615384615 0.05048076923076928 0.40625 0.05048076923076928 0.40625 0.10576923076923082 0.47115384615384615 0.10576923076923084
0 0.4663461538461539 0.5264423076923077 0.39663461538461536 0.5264423076923077 0.3966346153846155 0.5889423076923077 0.46634615384615397 0.5889423076923077
0 0.5000000000000001 0.6514423076923077 0.4375000000000001 0.6514423076923077 0.4375000000000001 0.7115384615384616 0.5000000000000001 0.7115384615384616
0 0.26682692307692313 0.6466346153846154 0.1971153846153847 0.6466346153846154 0.1971153846153847 0.7019230769230769 0.26682692307692313 0.7019230769230769
0 0.050480769230769315 0.6658653846153846 8.15449911932252e-17 0.6658653846153846 8.566639869035572e-17 0.7331730769230769 0.050480769230769315 0.7331730769230769
0 0.7091346153846154 0.8076923076923077 0.6322115384615384 0.8076923076923077 0.6322115384615384 0.90625 0.7091346153846154 0.90625
0 0.9399038461538461 0.6274038461538461 0.8533653846153846 0.6274038461538461 0.8533653846153846 0.6947115384615384 0.9399038461538461 0.6947115384615384
0 0.4254807692307692 0.4014423076923077 0.35096153846153844 0.4014423076923077 0.35096153846153844 0.47596153846153844 0.4254807692307692 0.47596153846153844
0 0.9206730769230769 0.5336538461538463 0.8365384615384616 0.5336538461538463 0.8365384615384616 0.6129807692307694 0.9206730769230769 0.6129807692307694
0 1 0.3076923076923078 0.9158653846153846 0.3076923076923078 0.9158653846153846 0.41586538461538475 1 0.41586538461538475
0 0.7836538461538461 0.6706730769230769 0.6802884615384616 0.6706730769230769 0.6802884615384616 0.7548076923076923 0.7836538461538461 0.7548076923076923
0 0.6706730769230769 0.7043269230769231 0.6177884615384616 0.7043269230769231 0.6177884615384616 0.7644230769230769 0.6706730769230769 0.7644230769230769
0 0.5817307692307694 0.8894230769230769 0.4495192307692309 0.8894230769230769 0.4495192307692309 1 0.5817307692307694 1
0 0.8293269230769231 0.9783653846153846 0.7067307692307693 0.9783653846153846 0.7067307692307693 1 0.8293269230769231 1
0 0.49038461538461536 0.16346153846153852 0.41346153846153844 0.16346153846153852 0.41346153846153844 0.2283653846153847 0.49038461538461536 0.2283653846153847
0 0.5697115384615384 0.016826923076923142 0.5048076923076923 0.016826923076923135 0.5048076923076923 0.07451923076923084 0.5697115384615384 0.07451923076923084
0 0.43509615384615385 0.28125000000000006 0.37740384615384615 0.28125000000000006 0.37740384615384615 0.34375 0.43509615384615385 0.34375
0 0.3293269230769231 0.007211538461538495 0.21394230769230768 0.007211538461538487 0.21394230769230768 0.09855769230769235 0.3293269230769231 0.09855769230769235
0 0.1875 0.03125000000000002 0.125 0.031250000000000014 0.125 0.08173076923076925 0.1875 0.08173076923076926
0 0.15384615384615388 0.22355769230769232 0.05048076923076927 0.22355769230769232 0.05048076923076927 0.30288461538461536 0.1538461538461539 0.30288461538461536
0 0.19951923076923078 0.06250000000000001 0.10817307692307693 0.06250000000000001 0.10817307692307693 0.12740384615384617 0.19951923076923078 0.1274038461538462
0 0.19471153846153846 0.08894230769230771 0.0889423076923077 0.0889423076923077 0.08894230769230771 0.1658653846153846 0.19471153846153846 0.1658653846153846
0 0.23557692307692307 0.13461538461538464 0.16826923076923078 0.13461538461538464 0.16826923076923078 0.19230769230769232 0.23557692307692307 0.19230769230769232
0 0.04086538461538472 0.7908653846153846 9.685307618256712e-17 0.7908653846153846 1.022992218037753e-16 0.8798076923076923 0.04086538461538472 0.8798076923076923
0 0.11538461538461545 0.5456730769230769 0.052884615384615453 0.5456730769230769 0.052884615384615453 0.6057692307692307 0.11538461538461545 0.6057692307692307
0 0.23317307692307698 0.3293269230769231 0.19951923076923084 0.3293269230769231 0.19951923076923084 0.37259615384615385 0.23317307692307698 0.37259615384615385