0 0.7884615384615384 0.3942307692307694 0.6682692307692307 0.3942307692307694 0.6682692307692307 0.5216346153846155 0.7884615384615384 0.5216346153846155
0 0.7091346153846154 0.14423076923076933 0.6105769230769231 0.1442307692307693 0.6105769230769231 0.27644230769230776 0.7091346153846154 0.27644230769230776
0 0.8870192307692307 0.17067307692307704 0.8149038461538461 0.17067307692307698 0.8149038461538461 0.2500000000000001 0.8870192307692307 0.2500000000000001
0 0.9519230769230769 0.4711538461538463 0.8966346153846154 0.4711538461538463 0.8966346153846154 0.5384615384615385 0.9519230769230769 0.5384615384615385
0 0.48557692307692313 0.5408653846153846 0.4182692307692308 0.5408653846153846 0.41826923076923084 0.6153846153846154 0.48557692307692324 0.6153846153846154
0 0.358173076923077 0.5240384615384616 0.29326923076923084 0.5240384615384616 0.29326923076923084 0.5913461538461539 0.35817307692307704 0.5913461538461539
0 0.39663461538461553 0.7524038461538461 0.3317307692307694 0.7524038461538461 0.3317307692307694 0.8317307692307693 0.39663461538461553 0.8317307692307693
0 0.4062500000000001 0.9663461538461539 0.3317307692307694 0.9663461538461539 0.3317307692307694 1 0.4062500000000001 1
0 0.17788461538461545 0.33413461538461536 0.06971153846153849 0.33413461538461536 0.0697115384615385 0.42788461538461536 0.17788461538461545 0.42788461538461536
0 0.32211538461538464 0.08653846153846158 0.24759615384615385 0.08653846153846158 0.24759615384615385 0.17548076923076927 0.32211538461538464 0.1754807692307693
0 0.6177884615384616 0.5625000000000001 0.5360576923076924 0.5625 0.5360576923076924 0.6442307692307693 0.6177884615384616 0.6442307692307693
0 0.4206730769230769 0.0913461538461539 0.3317307692307692 0.09134615384615388 0.3317307692307692 0.18269230769230776 0.4206730769230769 0.18269230769230776
0 0.6274038461538461 7.035831370101379e-17 0.5216346153846154 6.3881816205523e-17 0.5216346153846154 0.06971153846153853 0.6274038461538461 0.06971153846153853
0 0.3028846153846154 0.24519230769230774 0.2091346153846154 0.24519230769230768 0.20913461538461542 0.35336538461538464 0.3028846153846155 0.35336538461538464
0 0.2836538461538462 0.3605769230769231 0.21394230769230776 0.3605769230769231 0.21394230769230776 0.4230769230769231 0.2836538461538462 0.4230769230769231
0 0.1177884615384616 0.4735576923076923 5.799409120962226e-17 0.4735576923076923 6.667848557857584e-17 0.6153846153846154 0.1177884615384616 0.6153846153846154
0 0.8461538461538461 0.46634615384615397 0.7740384615384616 0.46634615384615397 0.7740384615384616 0.5480769230769232 0.8461538461538461 0.5480769230769232
0 0.9759615384615384 0.3677884615384617 0.9134615384615384 0.3677884615384617 0.9134615384615384 0.43509615384615397 0.9759615384615384 0.43509615384615397
0 0.7355769230769231 0.5336538461538463 0.6634615384615384 0.5336538461538463 0.6634615384615384 0.5985576923076924 0.7355769230769231 0.5985576923076924
0 1 0.6009615384615385 0.9206730769230769 0.6009615384615385 0.9206730769230769 0.7283653846153846 1 0.7283653846153846
0 1 0.7451923076923077 0.9567307692307693 0.7451923076923077 0.9567307692307693 0.8125 1 0.8125
0 0.8365384615384616 0.8100961538461539 0.7475961538461539 0.8100961538461539 0.7475961538461539 0.9158653846153846 0.8365384615384616 0.9158653846153846
0 0.9879807692307693 0.7403846153846154 0.9134615384615384 0.7403846153846154 0.9134615384615384 0.8365384615384616 0.9879807692307693 0.8365384615384616
0 0.9591346153846154 0.75 0.8798076923076923 0.75 0.8798076923076923 0.8605769230769231 0.9591346153846154 0.8605769230769231
0 0.9086538461538461 0.7163461538461539 0.84375 0.7163461538461539 0.84375 0.7884615384615384 0.9086538461538461 0.7884615384615384
0 0.5216346153846155 0.8870192307692307 0.44711538461538475 0.8870192307692307 0.44711538461538475 0.9615384615384616 0.5216346153846155 0.9615384615384616
0 0.7139423076923077 0.7403846153846154 0.6658653846153846 0.7403846153846154 0.6658653846153846 0.78125 0.7139423076923077 0.78125