0 0.5480769230769231 0.2163461538461539 0.4326923076923077 0.2163461538461539 0.4326923076923077 0.31971153846153844 0.5480769230769231 0.31971153846153844
0 0.295673076923077 0.25480769230769235 0.17067307692307693 0.2548076923076923 0.17067307692307696 0.34615384615384615 0.295673076923077 0.34615384615384615
0 0.2980769230769231 0.08173076923076926 0.22596153846153846 0.08173076923076926 0.22596153846153846 0.14423076923076927 0.2980769230769231 0.14423076923076927
0 0.5961538461538461 0.055288461538461606 0.53125 0.055288461538461606 0.53125 0.108173076923077 0.5961538461538461 0.108173076923077
0 0.6033653846153847 0.5312500000000001 0.5384615384615384 0.53125 0.5384615384615385 0.5889423076923077 0.6033653846153848 0.5889423076923078
0 0.5625000000000001 0.6514423076923077 0.5024038461538463 0.6514423076923077 0.5024038461538463 0.7115384615384616 0.5625000000000001 0.7115384615384616
0 0.8052884615384616 0.6442307692307693 0.7331730769230769 0.6442307692307693 0.7331730769230769 0.7019230769230769 0.8052884615384616 0.7019230769230769
0 1 0.6658653846153846 0.9471153846153846 0.6658653846153846 0.9471153846153846 0.7307692307692307 1 0.7307692307692307
0 0.36538461538461553 0.8100961538461539 0.295673076923077 0.8100961538461539 0.29567307692307704 0.9038461538461539 0.36538461538461553 0.9038461538461539
0 0.1442307692307693 0.6322115384615384 0.06490384615384624 0.6322115384615384 0.06490384615384624 0.6923076923076923 0.1442307692307693 0.6923076923076923
0 0.6514423076923077 0.4014423076923078 0.5769230769230769 0.4014423076923078 0.5769230769230769 0.47836538461538475 0.6514423076923077 0.47836538461538475
0 0.16346153846153852 0.5360576923076923 0.0817307692307693 0.5360576923076923 0.0817307692307693 0.6129807692307693 0.16346153846153852 0.6129807692307693
0 0.07932692307692311 0.3125 3.827021247335479e-17 0.3125 4.4010744344358005e-17 0.40625 0.07932692307692311 0.40625
0 0.31730769230769246 0.6754807692307693 0.22115384615384623 0.6754807692307693 0.22115384615384623 0.7524038461538461 0.31730769230769246 0.7524038461538461
0 0.38461538461538475 0.7043269230769231 0.32932692307692324 0.7043269230769231 0.32932692307692324 0.7668269230769231 0.38461538461538475 0.7668269230769231
0 0.5504807692307694 0.8870192307692307 0.4182692307692309 0.8870192307692307 0.4182692307692309 1 0.5504807692307694 1
0 0.2884615384615386 0.9759615384615384 0.16586538461538475 0.9759615384615384 0.16586538461538475 1 0.2884615384615386 1
0 0.5841346153846154 0.16826923076923084 0.5144230769230769 0.16826923076923084 0.5144230769230769 0.22596153846153852 0.5841346153846154 0.22596153846153852
0 0.49759615384615385 0.01682692307692313 0.4326923076923077 0.016826923076923128 0.4326923076923077 0.07451923076923082 0.49759615384615385 0.07451923076923084
0 0.6225961538461539 0.28125000000000006 0.5625 0.28125000000000006 0.5625 0.3461538461538463 0.6225961538461539 0.3461538461538463
0 0.7884615384615384 0.004807692307692396 0.6682692307692307 0.004807692307692389 0.6682692307692307 0.10096153846153855 0.7884615384615384 0.10096153846153856
0 0.8774038461538461 0.031250000000000104 0.8149038461538461 0.031250000000000104 0.8149038461538461 0.08173076923076933 0.8774038461538461 0.08173076923076933
0 0.9519230769230769 0.22115384615384628 0.8509615384615384 0.22115384615384628 0.8509615384615384 0.30288461538461553 0.9519230769230769 0.30288461538461553
0 0.8918269230769231 0.06971153846153856 0.8052884615384616 0.06971153846153856 0.8052884615384616 0.1250000000000001 0.8918269230769231 0.1250000000000001
0 0.9110576923076923 0.09134615384615395 0.8076923076923077 0.09134615384615395 0.8076923076923077 0.16346153846153857 0.9110576923076923 0.1634615384615386
0 0.8341346153846154 0.13461538461538472 0.7644230769230769 0.13461538461538472 0.7644230769230769 0.19230769230769237 0.8341346153846154 0.19230769230769237
0 1 0.7908653846153846 0.9567307692307693 0.7908653846153846 0.9567307692307693 0.8822115384615384 1 0.8822115384615384
0 0.9471153846153846 0.5456730769230771 0.8870192307692307 0.5456730769230771 0.8870192307692307 0.605769230769231 0.9471153846153846 0.605769230769231
0 0.8052884615384616 0.32692307692307704 0.7668269230769231 0.32692307692307704 0.7668269230769231 0.37259615384615397 0.8052884615384616 0.37259615384615397