0 0.7788461538461539 0.4615384615384617 0.6850961538461539 0.4615384615384617 0.6850961538461539 0.5673076923076924 0.7788461538461539 0.5673076923076924
0 0.7596153846153846 0.1971153846153847 0.6923076923076923 0.1971153846153847 0.6923076923076923 0.3125000000000001 0.7596153846153846 0.3125000000000001
0 0.9399038461538461 0.2692307692307694 0.8822115384615384 0.2692307692307694 0.8822115384615384 0.3365384615384617 0.9399038461538461 0.3365384615384617
0 0.9350961538461539 0.5769230769230771 0.8870192307692307 0.5769230769230771 0.8870192307692307 0.6370192307692307 0.9350961538461539 0.6370192307692307
0 0.4615384615384616 0.5360576923076923 0.4110576923076923 0.5360576923076923 0.4110576923076924 0.59375 0.4615384615384617 0.59375
0 0.34615384615384615 0.4831730769230769 0.2860576923076924 0.4831730769230769 0.2860576923076924 0.5432692307692307 0.34615384615384615 0.5432692307692307
0 0.32211538461538475 0.7163461538461539 0.27644230769230776 0.7163461538461539 0.27644230769230776 0.78125 0.32211538461538475 0.78125
0 0.2836538461538463 0.9278846153846154 0.22115384615384628 0.9278846153846154 0.22115384615384628 0.9831730769230769 0.2836538461538463 0.9831730769230769
0 0.20913461538461542 0.25961538461538464 0.11538461538461542 0.25961538461538464 0.11538461538461542 0.3269230769230769 0.20913461538461545 0.3269230769230769
0 0.40865384615384615 0.05288461538461543 0.35336538461538464 0.05288461538461543 0.35336538461538464 0.12980769230769235 0.40865384615384615 0.12980769230769235
0 0.5841346153846155 0.5865384615384616 0.5168269230769232 0.5865384615384616 0.5168269230769232 0.6514423076923077 0.5841346153846155 0.6514423076923077
0 0.5024038461538461 0.076923076923077 0.43028846153846156 0.076923076923077 0.43028846153846156 0.1538461538461539 0.5024038461538461 0.1538461538461539
0 0.7355769230769231 8.434166056627806e-17 0.6418269230769231 7.860112869527482e-17 0.6418269230769231 0.09615384615384624 0.7355769230769231 0.09615384615384626
0 0.34615384615384615 0.20192307692307696 0.27884615384615385 0.20192307692307693 0.27884615384615385 0.2932692307692308 0.34615384615384615 0.29326923076923084
0 0.31009615384615385 0.31009615384615385 0.2548076923076924 0.31009615384615385 0.2548076923076924 0.3557692307692308 0.31009615384615385 0.3557692307692308
0 0.10817307692307697 0.3798076923076923 0.004807692307692355 0.3798076923076923 0.004807692307692362 0.5 0.108173076923077 0.5
0 0.0480769230769231 0.11538461538461539 1.4130539990161767e-17 0.11538461538461539 2.134300311014017e-17 0.23317307692307693 0.048076923076923114 0.23317307692307693
0 0.8245192307692307 0.5480769230769232 0.7692307692307693 0.5480769230769232 0.7692307692307693 0.6153846153846154 0.8245192307692307 0.6153846153846154
0 0.9831730769230769 0.4807692307692309 0.9302884615384616 0.4807692307692309 0.9302884615384616 0.543269230769231 0.9831730769230769 0.543269230769231
0 0.7043269230769231 0.5889423076923078 0.6490384615384616 0.5889423076923078 0.6490384615384616 0.6370192307692307 0.7043269230769231 0.6370192307692307
0 0.9591346153846154 0.7211538461538461 0.8822115384615384 0.7211538461538461 0.8822115384615384 0.8269230769230769 0.9591346153846154 0.8269230769230769
0 0.9278846153846154 0.8629807692307693 0.8822115384615384 0.8629807692307693 0.8822115384615384 0.9206730769230769 0.9278846153846154 0.9206730769230769
0 0.7283653846153846 0.8774038461538461 0.6634615384615384 0.8774038461538461 0.6634615384615384 0.96875 0.7283653846153846 0.96875
0 0.8870192307692307 0.8461538461538461 0.84375 0.8461538461538461 0.84375 0.9302884615384616 0.8870192307692307 0.9302884615384616
0 0.8629807692307693 0.8485576923076923 0.8076923076923077 0.8485576923076923 0.8076923076923077 0.9423076923076923 0.8629807692307693 0.9423076923076923
0 0.8269230769230769 0.8028846153846154 0.7788461538461539 0.8028846153846154 0.7788461538461539 0.8629807692307693 0.8269230769230769 0.8629807692307693
0 0.15144230769230782 0.9230769230769231 0.0745192307692309 0.9230769230769231 0.0745192307692309 1 0.15144230769230782 1
0 0.4134615384615386 0.875 0.3509615384615386 0.875 0.3509615384615386 0.9375 0.4134615384615386 0.9375
0 0.6418269230769231 0.7836538461538461 0.6009615384615385 0.7836538461538461 0.6009615384615385 0.8173076923076923 0.6418269230769231 0.8173076923076923