0 0.3100961538461539 0.4831730769230769 0.23076923076923084 0.4831730769230769 0.23076923076923084 0.5769230769230769 0.31009615384615397 0.5769230769230769
0 0.28605769230769235 0.21634615384615388 0.2283653846153846 0.21634615384615385 0.22836538461538464 0.3293269230769231 0.2860576923076924 0.3293269230769231
0 0.10096153846153849 0.3004807692307692 0.05288461538461542 0.3004807692307692 0.052884615384615426 0.3629807692307692 0.10096153846153849 0.3629807692307692
0 0.1177884615384616 0.6081730769230769 0.076923076923077 0.6081730769230769 0.076923076923077 0.6634615384615384 0.1177884615384616 0.6634615384615384
0 0.5937500000000001 0.5312500000000001 0.5480769230769231 0.53125 0.5480769230769231 0.5865384615384616 0.5937500000000001 0.5865384615384617
0 0.7091346153846154 0.47355769230769246 0.6586538461538461 0.47355769230769246 0.6586538461538461 0.5240384615384617 0.7091346153846154 0.5240384615384617
0 0.7379807692307693 0.7043269230769231 0.6971153846153846 0.7043269230769231 0.6971153846153846 0.7668269230769231 0.7379807692307693 0.7668269230769231
0 0.8100961538461539 0.9134615384615384 0.7524038461538461 0.9134615384615384 0.7524038461538461 0.9615384615384616 0.8100961538461539 0.9615384615384616
0 0.8653846153846154 0.24278846153846165 0.7788461538461539 0.24278846153846162 0.7788461538461539 0.2980769230769232 0.8653846153846154 0.29807692307692324
0 0.6129807692307693 0.04807692307692314 0.5673076923076923 0.04807692307692314 0.5673076923076923 0.12019230769230776 0.6129807692307693 0.12019230769230776
0 0.49038461538461553 0.5913461538461539 0.42788461538461553 0.5913461538461539 0.42788461538461553 0.6514423076923077 0.49038461538461553 0.6514423076923077
0 0.5384615384615384 0.07932692307692314 0.47596153846153844 0.07932692307692314 0.47596153846153844 0.14903846153846162 0.5384615384615384 0.14903846153846162
0 0.31971153846153844 3.4443191226019304e-17 0.24278846153846154 2.9733011229298717e-17 0.24278846153846154 0.10576923076923081 0.31971153846153844 0.10576923076923081
0 0.6995192307692307 0.19230769230769237 0.6394230769230769 0.19230769230769237 0.6394230769230769 0.2788461538461539 0.6995192307692307 0.2788461538461539
0 0.7331730769230769 0.29807692307692313 0.6802884615384616 0.29807692307692313 0.6802884615384616 0.34134615384615397 0.7331730769230769 0.34134615384615397
0 0.9831730769230769 0.35336538461538475 0.8942307692307693 0.35336538461538475 0.8942307692307693 0.4615384615384617 0.9831730769230769 0.4615384615384617
0 1 0.08653846153846166 0.9326923076923077 0.08653846153846165 0.9326923076923077 0.19711538461538475 1 0.19711538461538475
0 0.23317307692307698 0.5697115384615384 0.1850961538461539 0.5697115384615384 0.1850961538461539 0.6322115384615384 0.23317307692307698 0.6322115384615384
0 0.06971153846153853 0.5168269230769231 0.0240384615384616 0.5168269230769231 0.024038461538461602 0.5721153846153846 0.06971153846153853 0.5721153846153846
0 0.35817307692307704 0.6009615384615384 0.3052884615384616 0.6009615384615384 0.3052884615384616 0.6466346153846154 0.35817307692307704 0.6466346153846154
0 0.13461538461538472 0.7524038461538461 0.06490384615384624 0.7524038461538461 0.06490384615384624 0.8533653846153846 0.13461538461538472 0.8533653846153846
0 0.14182692307692318 0.8918269230769231 0.10576923076923087 0.8918269230769231 0.10576923076923087 0.9447115384615384 0.14182692307692318 0.9447115384615384
0 0.3629807692307694 0.8918269230769231 0.3052884615384617 0.8918269230769231 0.3052884615384617 0.9783653846153846 0.3629807692307694 0.9783653846153846
0 0.18269230769230782 0.8725961538461539 0.14423076923076933 0.8725961538461539 0.14423076923076933 0.9543269230769231 0.18269230769230782 0.9543269230769231
0 0.21875000000000014 0.8725961538461539 0.17067307692307707 0.8725961538461539 0.17067307692307707 0.9639423076923077 0.21875000000000014 0.9639423076923077
0 0.24278846153846165 0.8245192307692307 0.19951923076923084 0.8245192307692307 0.19951923076923087 0.8822115384615384 0.24278846153846168 0.8822115384615384
0 0.9543269230769231 0.9014423076923077 0.8846153846153846 0.9014423076923077 0.8846153846153846 0.9855769230769231 0.9543269230769231 0.9855769230769231
0 0.6730769230769231 0.8701923076923077 0.6201923076923077 0.8701923076923077 0.6201923076923077 0.9230769230769231 0.6730769230769231 0.9230769230769231
0 0.42067307692307704 0.7932692307692307 0.3822115384615386 0.7932692307692307 0.3822115384615386 0.8197115384615384 0.42067307692307704 0.8197115384615384