0 0.7259615384615384 0.605769230769231 0.6923076923076923 0.605769230769231 0.6923076923076923 0.6322115384615384 0.7259615384615384 0.6322115384615384
0 0.6754807692307693 0.6346153846153846 0.6370192307692307 0.6346153846153846 0.6370192307692307 0.6634615384615384 0.6754807692307693 0.6634615384615384
0 0.6225961538461539 0.4375000000000001 0.5913461538461539 0.4375000000000001 0.5913461538461539 0.4687500000000001 0.6225961538461539 0.4687500000000001
0 0.5961538461538461 0.420673076923077 0.5528846153846154 0.4206730769230769 0.5528846153846154 0.4663461538461539 0.5961538461538461 0.46634615384615397
0 0.6177884615384616 0.5817307692307694 0.5769230769230771 0.5817307692307694 0.5769230769230771 0.6153846153846154 0.6177884615384616 0.6153846153846154
0 0.6610576923076923 0.5865384615384617 0.625 0.5865384615384617 0.625 0.6177884615384616 0.6610576923076923 0.6177884615384616
0 0.21153846153846154 0.2283653846153846 0.16105769230769232 0.2283653846153846 0.16105769230769232 0.2764423076923077 0.21153846153846154 0.2764423076923077
0 0.7259615384615384 0.5168269230769232 0.6850961538461539 0.5168269230769232 0.6850961538461539 0.5552884615384617 0.7259615384615384 0.5552884615384617
0 0.6298076923076923 0.47836538461538475 0.59375 0.47836538461538475 0.59375 0.5096153846153848 0.6298076923076923 0.5096153846153848
0 0.6129807692307694 0.6466346153846154 0.5889423076923078 0.6466346153846154 0.5889423076923078 0.6682692307692307 0.6129807692307694 0.6682692307692307
0 0.5384615384615384 0.4879807692307692 0.4951923076923077 0.4879807692307692 0.4951923076923077 0.5240384615384616 0.5384615384615384 0.5240384615384616
0 0.3798076923076924 0.5408653846153846 0.34615384615384615 0.5408653846153846 0.3461538461538462 0.5697115384615384 0.37980769230769246 0.5697115384615384
0 0.5889423076923077 0.5480769230769231 0.5576923076923077 0.5480769230769231 0.5576923076923077 0.576923076923077 0.5889423076923078 0.5769230769230771
0 0.6875 0.5456730769230771 0.6514423076923077 0.5456730769230771 0.6514423076923077 0.5769230769230771 0.6875 0.5769230769230771
0 0.5360576923076924 0.5528846153846154 0.4951923076923077 0.5528846153846154 0.49519230769230776 0.5889423076923077 0.5360576923076924 0.5889423076923077
0 0.4254807692307694 0.5721153846153846 0.4014423076923078 0.5721153846153846 0.4014423076923078 0.59375 0.4254807692307694 0.59375
0 0.3581730769230769 0.4230769230769231 0.32211538461538464 0.4230769230769231 0.32211538461538464 0.4495192307692308 0.3581730769230769 0.4495192307692308
0 0.7572115384615384 0.4567307692307694 0.7163461538461539 0.4567307692307694 0.7163461538461539 0.49759615384615397 0.7572115384615384 0.49759615384615397
0 0.6322115384615384 0.5024038461538463 0.6057692307692307 0.5024038461538463 0.6057692307692307 0.5264423076923078 0.6322115384615384 0.5264423076923078
0 0.6153846153846154 0.5240384615384617 0.5841346153846154 0.5240384615384617 0.5841346153846154 0.5480769230769232 0.6153846153846154 0.5480769230769232
0 0.6971153846153846 0.5192307692307694 0.6706730769230769 0.5192307692307694 0.6706730769230769 0.5504807692307694 0.6971153846153846 0.5504807692307694
0 0.5913461538461539 0.5072115384615385 0.5576923076923077 0.5072115384615384 0.5576923076923077 0.5336538461538463 0.5913461538461539 0.5336538461538463
0 0.5384615384615385 0.5793269230769231 0.5144230769230771 0.5793269230769231 0.5144230769230771 0.5985576923076923 0.5384615384615385 0.5985576923076923
0 0.5865384615384617 0.591346153846154 0.5576923076923078 0.5913461538461539 0.5576923076923078 0.6105769230769231 0.5865384615384617 0.6105769230769232
0 0.5673076923076924 0.6394230769230769 0.5360576923076924 0.6394230769230769 0.5360576923076924 0.6658653846153846 0.5673076923076924 0.6658653846153846
0 0.560096153846154 0.6201923076923077 0.5336538461538463 0.6201923076923077 0.5336538461538463 0.6490384615384616 0.560096153846154 0.6490384615384616
0 0.5096153846153848 0.5889423076923077 0.47836538461538475 0.5889423076923077 0.47836538461538475 0.6201923076923077 0.5096153846153848 0.6201923076923077
0 0.5240384615384617 0.5985576923076923 0.4951923076923078 0.5985576923076923 0.4951923076923078 0.6225961538461539 0.5240384615384617 0.6225961538461539
0 0.5192307692307694 0.6346153846153846 0.4927884615384617 0.6346153846153846 0.4927884615384617 0.6658653846153846 0.5192307692307694 0.6658653846153846
0 0.4711538461538462 0.5552884615384616 0.43990384615384615 0.5552884615384616 0.4399038461538462 0.5769230769230769 0.4711538461538463 0.5769230769230769
0 0.32932692307692313 0.5432692307692307 0.29326923076923084 0.5432692307692307 0.29326923076923084 0.5841346153846154 0.32932692307692324 0.5841346153846154
0 0.3076923076923078 0.5745192307692307 0.2788461538461539 0.5745192307692307 0.2788461538461539 0.6009615384615384 0.3076923076923078 0.6009615384615384
0 0.3173076923076923 0.49278846153846156 0.2788461538461539 0.49278846153846156 0.2788461538461539 0.5264423076923077 0.3173076923076923 0.5264423076923077
0 0.5504807692307693 0.34375 0.5144230769230769 0.34375 0.5144230769230769 0.375 0.5504807692307693 0.375
0 0.2860576923076924 0.5240384615384616 0.25721153846153855 0.5240384615384616 0.25721153846153855 0.5480769230769231 0.2860576923076924 0.5480769230769231
0 0.1538461538461539 0.5120192307692307 0.11057692307692314 0.5120192307692307 0.11057692307692314 0.5528846153846154 0.1538461538461539 0.5528846153846154
0 0.1538461538461539 0.5528846153846154 0.11538461538461545 0.5528846153846154 0.11538461538461545 0.5865384615384616 0.1538461538461539 0.5865384615384616
0 0.08173076923076929 0.4110576923076923 0.03846153846153851 0.4110576923076923 0.03846153846153851 0.4375 0.0817307692307693 0.4375
0 0.07211538461538466 0.3629807692307692 0.019230769230769273 0.3629807692307692 0.019230769230769277 0.4110576923076923 0.07211538461538466 0.4110576923076923
0 0.264423076923077 0.37259615384615385 0.22115384615384623 0.37259615384615385 0.22115384615384623 0.4110576923076923 0.264423076923077 0.4110576923076923
0 0.1754807692307693 0.40384615384615385 0.12980769230769235 0.40384615384615385 0.12980769230769235 0.44711538461538464 0.1754807692307693 0.44711538461538464
0 0.14663461538461545 0.4326923076923077 0.11057692307692314 0.4326923076923077 0.11057692307692314 0.4567307692307692 0.14663461538461545 0.4567307692307692
0 0.4951923076923077 0.3942307692307692 0.4543269230769231 0.3942307692307692 0.4543269230769231 0.4230769230769231 0.4951923076923077 0.4230769230769231
0 0.3870192307692308 0.43509615384615385 0.35096153846153844 0.43509615384615385 0.35096153846153844 0.45913461538461536 0.3870192307692308 0.45913461538461536
0 0.4423076923076923 0.34134615384615385 0.40625 0.34134615384615385 0.40625 0.3894230769230769 0.4423076923076923 0.3894230769230769
0 0.4567307692307692 0.19230769230769237 0.40865384615384615 0.19230769230769237 0.40865384615384615 0.2379807692307693 0.4567307692307692 0.2379807692307693
0 0.5024038461538461 0.20913461538461545 0.44471153846153844 0.20913461538461545 0.44471153846153844 0.25721153846153855 0.5024038461538461 0.25721153846153855
0 0.31490384615384615 0.2043269230769231 0.2668269230769231 0.20432692307692307 0.2668269230769231 0.24519230769230774 0.31490384615384615 0.24519230769230776
0 0.3028846153846154 0.26682692307692313 0.2644230769230769 0.2668269230769231 0.264423076923077 0.3028846153846154 0.3028846153846155 0.3028846153846155
0 0.14663461538461542 0.23557692307692307 0.11057692307692311 0.23557692307692307 0.11057692307692311 0.2692307692307692 0.14663461538461542 0.2692307692307692
0 0.15384615384615388 0.25 0.12019230769230772 0.25 0.12019230769230772 0.29086538461538464 0.1538461538461539 0.29086538461538464
0 0.15865384615384623 0.5024038461538461 0.13221153846153852 0.5024038461538461 0.13221153846153852 0.5288461538461539 0.15865384615384623 0.5288461538461539
0 0.5024038461538463 0.5192307692307693 0.45913461538461536 0.5192307692307693 0.4591346153846155 0.5673076923076923 0.5024038461538463 0.5673076923076923
0 0.5312500000000001 0.6129807692307693 0.5024038461538463 0.6129807692307693 0.5024038461538463 0.6442307692307693 0.5312500000000001 0.6442307692307693
0 0.5384615384615385 0.6322115384615384 0.512019230769231 0.6322115384615384 0.512019230769231 0.65625 0.5384615384615385 0.65625