0 0.2836538461538462 0.5264423076923077 0.24519230769230776 0.5264423076923077 0.24519230769230776 0.5600961538461539 0.2836538461538462 0.5600961538461539
0 0.32211538461538475 0.5697115384615384 0.2836538461538462 0.5697115384615384 0.2836538461538462 0.6009615384615384 0.32211538461538475 0.6009615384615384
0 0.43509615384615385 0.4014423076923077 0.39663461538461536 0.4014423076923077 0.39663461538461536 0.4375 0.43509615384615385 0.4375
0 0.47836538461538464 0.3942307692307692 0.42788461538461536 0.3942307692307692 0.42788461538461536 0.4495192307692308 0.47836538461538464 0.4495192307692308
0 0.3990384615384616 0.5408653846153846 0.35336538461538464 0.5408653846153846 0.3533653846153847 0.5793269230769231 0.3990384615384617 0.5793269230769231
0 0.3533653846153847 0.5288461538461539 0.3125 0.5288461538461539 0.31250000000000006 0.5673076923076923 0.35336538461538475 0.5673076923076923
0 0.9086538461538461 0.3437500000000001 0.8509615384615384 0.3437500000000001 0.8509615384615384 0.4014423076923078 0.9086538461538461 0.4014423076923078
0 0.31971153846153844 0.44471153846153844 0.2740384615384616 0.44471153846153844 0.2740384615384616 0.4855769230769231 0.31971153846153844 0.4855769230769231
0 0.4206730769230769 0.4375 0.3798076923076923 0.4375 0.3798076923076923 0.47836538461538464 0.4206730769230769 0.47836538461538464
0 0.36538461538461553 0.6033653846153846 0.3365384615384617 0.6033653846153846 0.3365384615384617 0.6274038461538461 0.36538461538461553 0.6274038461538461
0 0.5048076923076923 0.47836538461538464 0.45913461538461536 0.47836538461538464 0.45913461538461536 0.5192307692307693 0.5048076923076923 0.5192307692307693
0 0.6298076923076923 0.5817307692307694 0.591346153846154 0.5817307692307694 0.591346153846154 0.6177884615384616 0.6298076923076923 0.6177884615384616
0 0.42788461538461536 0.5192307692307693 0.3918269230769231 0.5192307692307693 0.3918269230769231 0.5528846153846154 0.42788461538461536 0.5528846153846154
0 0.3389423076923077 0.4831730769230769 0.3004807692307693 0.4831730769230769 0.3004807692307693 0.5192307692307693 0.3389423076923077 0.5192307692307693
0 0.48557692307692313 0.5432692307692307 0.4423076923076923 0.5432692307692307 0.4423076923076924 0.5841346153846154 0.48557692307692324 0.5841346153846154
0 0.5673076923076924 0.5961538461538463 0.5408653846153848 0.5961538461538461 0.5408653846153848 0.6201923076923077 0.5673076923076924 0.6201923076923077
0 0.6947115384615384 0.4759615384615386 0.6538461538461539 0.4759615384615386 0.6538461538461539 0.512019230769231 0.6947115384615384 0.512019230769231
0 0.3125 0.375 0.264423076923077 0.375 0.264423076923077 0.4230769230769231 0.3125 0.4230769230769231
0 0.39903846153846156 0.45913461538461536 0.3701923076923077 0.45913461538461536 0.3701923076923077 0.4855769230769231 0.39903846153846156 0.4855769230769231
0 0.41346153846153844 0.4855769230769231 0.37740384615384615 0.4855769230769231 0.37740384615384615 0.5144230769230769 0.41346153846153844 0.5144230769230769
0 0.3317307692307692 0.4519230769230769 0.29807692307692313 0.4519230769230769 0.29807692307692313 0.4855769230769231 0.3317307692307692 0.4855769230769231
0 0.44471153846153844 0.47836538461538464 0.40625 0.47836538461538464 0.40625 0.5096153846153846 0.44471153846153844 0.5096153846153846
0 0.45913461538461553 0.5625 0.4326923076923078 0.5625 0.4326923076923078 0.5841346153846154 0.45913461538461553 0.5841346153846154
0 0.4158653846153847 0.5576923076923077 0.38221153846153844 0.5576923076923077 0.38221153846153855 0.5841346153846154 0.41586538461538475 0.5841346153846154
0 0.4182692307692309 0.6105769230769231 0.38461538461538475 0.6105769230769231 0.38461538461538475 0.6418269230769231 0.4182692307692309 0.6418269230769231
0 0.4254807692307694 0.59375 0.39182692307692324 0.59375 0.39182692307692324 0.6274038461538461 0.4254807692307694 0.6274038461538461
0 0.4879807692307694 0.5793269230769231 0.45192307692307704 0.5793269230769231 0.45192307692307704 0.6177884615384616 0.4879807692307694 0.6177884615384616
0 0.4711538461538463 0.5865384615384616 0.4375000000000001 0.5865384615384616 0.4375000000000001 0.6129807692307693 0.4711538461538463 0.6129807692307693
0 0.45913461538461553 0.6225961538461539 0.42788461538461553 0.6225961538461539 0.42788461538461553 0.6586538461538461 0.45913461538461553 0.6586538461538461
0 0.5384615384615385 0.5649038461538461 0.5048076923076924 0.5649038461538461 0.5048076923076924 0.5913461538461539 0.5384615384615385 0.5913461538461539
0 0.6778846153846154 0.6009615384615385 0.6370192307692307 0.6009615384615385 0.6370192307692307 0.6466346153846154 0.6778846153846154 0.6466346153846154
0 0.6826923076923077 0.6370192307692307 0.6490384615384616 0.6370192307692307 0.6490384615384616 0.6706730769230769 0.6826923076923077 0.6706730769230769
0 0.7091346153846154 0.5576923076923078 0.6658653846153846 0.5576923076923078 0.6658653846153846 0.5985576923076924 0.7091346153846154 0.5985576923076924
0 0.5384615384615384 0.33653846153846156 0.5 0.33653846153846156 0.5 0.37259615384615385 0.5384615384615384 0.37259615384615385
0 0.7163461538461539 0.5985576923076924 0.6850961538461539 0.5985576923076924 0.6850961538461539 0.6274038461538461 0.7163461538461539 0.6274038461538461
0 0.8581730769230769 0.6322115384615384 0.8125 0.6322115384615384 0.8125 0.6778846153846154 0.8581730769230769 0.6778846153846154
0 0.84375 0.6706730769230769 0.8004807692307693 0.6706730769230769 0.8004807692307693 0.7091346153846154 0.84375 0.7091346153846154
0 0.9615384615384616 0.5625000000000001 0.9182692307692307 0.5625000000000001 0.9182692307692307 0.5961538461538463 0.9615384615384616 0.5961538461538463
0 0.9951923076923077 0.5216346153846155 0.9375 0.5216346153846155 0.9375 0.5769230769230771 0.9951923076923077 0.5769230769230771
0 0.8052884615384616 0.46634615384615397 0.7548076923076923 0.46634615384615397 0.7548076923076923 0.5096153846153848 0.8052884615384616 0.5096153846153848
0 0.8798076923076923 0.5240384615384617 0.8269230769230769 0.5240384615384617 0.8269230769230769 0.574519230769231 0.8798076923076923 0.574519230769231
0 0.8894230769230769 0.5649038461538463 0.8509615384615384 0.5649038461538463 0.8509615384615384 0.591346153846154 0.8894230769230769 0.591346153846154
0 0.5793269230769231 0.40625000000000006 0.5360576923076923 0.40625 0.5360576923076923 0.4423076923076924 0.5793269230769231 0.44230769230769246
0 0.6610576923076923 0.48317307692307704 0.6225961538461539 0.48317307692307704 0.6225961538461539 0.5096153846153848 0.6610576923076923 0.5096153846153848
0 0.6418269230769231 0.3750000000000001 0.5961538461538461 0.3750000000000001 0.5961538461538461 0.42788461538461553 0.6418269230769231 0.42788461538461553
0 0.6875 0.23076923076923084 0.6346153846153846 0.23076923076923084 0.6346153846153846 0.28125000000000006 0.6875 0.28125000000000006
0 0.6490384615384616 0.23317307692307698 0.5865384615384616 0.23317307692307698 0.5865384615384616 0.28846153846153855 0.6490384615384616 0.28846153846153855
0 0.8173076923076923 0.2908653846153847 0.7668269230769231 0.2908653846153847 0.7668269230769231 0.3389423076923078 0.8173076923076923 0.3389423076923078
0 0.8028846153846154 0.35336538461538475 0.7572115384615384 0.35336538461538475 0.7572115384615384 0.3942307692307694 0.8028846153846154 0.3942307692307694
0 0.9567307692307693 0.3774038461538463 0.9158653846153846 0.3774038461538463 0.9158653846153846 0.41586538461538475 0.9567307692307693 0.41586538461538475
0 0.9423076923076923 0.3822115384615386 0.8990384615384616 0.3822115384615386 0.8990384615384616 0.4302884615384617 0.9423076923076923 0.4302884615384617
0 0.84375 0.6201923076923077 0.8149038461538461 0.6201923076923077 0.8149038461538461 0.6490384615384616 0.84375 0.6490384615384616
0 0.5264423076923077 0.5216346153846154 0.47836538461538464 0.5216346153846154 0.4783653846153847 0.5745192307692307 0.5264423076923078 0.5745192307692307
0 0.4567307692307694 0.5985576923076923 0.42307692307692324 0.5985576923076923 0.42307692307692324 0.6346153846153846 0.4567307692307694 0.6346153846153846
0 0.44230769230769246 0.6129807692307693 0.4134615384615386 0.6129807692307693 0.4134615384615386 0.6394230769230769 0.44230769230769246 0.6394230769230769