0 0.7355769230769231 0.5841346153846155 0.7043269230769231 0.5841346153846155 0.7043269230769231 0.6105769230769232 0.7355769230769231 0.6105769230769232
0 0.6899038461538461 0.6201923076923077 0.6538461538461539 0.6201923076923077 0.6538461538461539 0.6442307692307693 0.6899038461538461 0.6442307692307693
0 0.6153846153846154 0.42788461538461553 0.5865384615384616 0.42788461538461553 0.5865384615384616 0.45432692307692324 0.6153846153846154 0.45432692307692324
0 0.5865384615384616 0.41346153846153855 0.5480769230769231 0.41346153846153844 0.5480769230769231 0.4567307692307693 0.5865384615384616 0.4567307692307694
0 0.625 0.5721153846153848 0.5865384615384617 0.5721153846153848 0.5865384615384617 0.6033653846153848 0.625 0.6033653846153848
0 0.6658653846153846 0.5721153846153848 0.6346153846153846 0.5721153846153848 0.6346153846153846 0.6009615384615385 0.6658653846153846 0.6009615384615385
0 0.18509615384615388 0.2644230769230769 0.13942307692307696 0.2644230769230769 0.13942307692307696 0.3076923076923077 0.1850961538461539 0.3076923076923077
0 0.7259615384615384 0.49759615384615397 0.6899038461538461 0.49759615384615397 0.6899038461538461 0.5312500000000001 0.7259615384615384 0.5312500000000001
0 0.625 0.46634615384615397 0.5913461538461539 0.46634615384615397 0.5913461538461539 0.49759615384615397 0.625 0.49759615384615397
0 0.6298076923076923 0.6370192307692307 0.6081730769230771 0.6370192307692307 0.6081730769230771 0.65625 0.6298076923076923 0.65625
0 0.5384615384615384 0.4879807692307692 0.5 0.4879807692307692 0.5 0.5192307692307693 0.5384615384615384 0.5192307692307693
0 0.3846153846153847 0.5552884615384616 0.35336538461538464 0.5552884615384616 0.3533653846153847 0.5817307692307693 0.38461538461538475 0.5817307692307693
0 0.5937500000000001 0.543269230769231 0.5649038461538461 0.543269230769231 0.5649038461538463 0.5673076923076924 0.5937500000000001 0.5673076923076924
0 0.6923076923076923 0.5312500000000001 0.6586538461538461 0.5312500000000001 0.6586538461538461 0.5576923076923078 0.6923076923076923 0.5576923076923078
0 0.5384615384615385 0.5528846153846154 0.5024038461538461 0.5528846153846154 0.5024038461538463 0.5865384615384616 0.5384615384615385 0.5865384615384616
0 0.4326923076923078 0.5817307692307693 0.41105769230769246 0.5817307692307693 0.41105769230769246 0.6009615384615384 0.4326923076923078 0.6009615384615384
0 0.35096153846153844 0.43990384615384615 0.3173076923076923 0.43990384615384615 0.3173076923076923 0.4639423076923077 0.35096153846153844 0.4639423076923077
0 0.75 0.43509615384615397 0.7115384615384616 0.43509615384615397 0.7115384615384616 0.4711538461538463 0.75 0.4711538461538463
0 0.6322115384615384 0.49038461538461553 0.6081730769230769 0.49038461538461553 0.6081730769230769 0.512019230769231 0.6322115384615384 0.512019230769231
0 0.6177884615384616 0.5144230769230771 0.5865384615384616 0.5144230769230771 0.5865384615384616 0.5360576923076924 0.6177884615384616 0.5360576923076924
0 0.6995192307692307 0.5000000000000001 0.6754807692307693 0.5000000000000001 0.6754807692307693 0.528846153846154 0.6995192307692307 0.528846153846154
0 0.5913461538461539 0.5024038461538463 0.5600961538461539 0.5024038461538463 0.5600961538461539 0.5240384615384617 0.5913461538461539 0.5240384615384617
0 0.5480769230769232 0.5769230769230769 0.5240384615384617 0.5769230769230769 0.5240384615384617 0.5913461538461539 0.5480769230769232 0.5913461538461539
0 0.5961538461538463 0.5841346153846155 0.5697115384615385 0.5841346153846155 0.5697115384615385 0.6009615384615385 0.5961538461538463 0.6009615384615385
0 0.5793269230769232 0.6346153846153846 0.5528846153846155 0.6346153846153846 0.5528846153846155 0.6586538461538461 0.5793269230769232 0.6586538461538461
0 0.574519230769231 0.6153846153846154 0.5480769230769232 0.6153846153846154 0.5480769230769232 0.6442307692307693 0.574519230769231 0.6442307692307693
0 0.5192307692307694 0.5889423076923077 0.4927884615384617 0.5889423076923077 0.4927884615384617 0.6177884615384616 0.5192307692307694 0.6177884615384616
0 0.5360576923076924 0.5985576923076923 0.5072115384615385 0.5985576923076923 0.5072115384615385 0.6177884615384616 0.5360576923076924 0.6177884615384616
0 0.5336538461538463 0.6346153846153846 0.512019230769231 0.6346153846153846 0.512019230769231 0.6634615384615384 0.5336538461538463 0.6634615384615384
0 0.4759615384615386 0.5600961538461539 0.44711538461538475 0.5600961538461539 0.44711538461538475 0.5793269230769231 0.4759615384615386 0.5793269230769231
0 0.33413461538461553 0.5625 0.3028846153846155 0.5625 0.3028846153846155 0.6009615384615384 0.33413461538461553 0.6009615384615384
0 0.31730769230769246 0.5961538461538461 0.28846153846153855 0.5961538461538461 0.28846153846153855 0.6201923076923077 0.31730769230769246 0.6201923076923077
0 0.3173076923076923 0.5144230769230769 0.2836538461538462 0.5144230769230769 0.2836538461538462 0.5456730769230769 0.3173076923076923 0.5456730769230769
0 0.5336538461538461 0.34134615384615385 0.5 0.34134615384615385 0.5 0.36778846153846156 0.5336538461538461 0.36778846153846156
0 0.2908653846153847 0.5480769230769231 0.264423076923077 0.5480769230769231 0.264423076923077 0.5721153846153846 0.2908653846153847 0.5721153846153846
0 0.15625000000000006 0.5504807692307693 0.1177884615384616 0.5504807692307693 0.1177884615384616 0.5889423076923077 0.15625000000000006 0.5889423076923077
0 0.16105769230769237 0.5913461538461539 0.12500000000000006 0.5913461538461539 0.12500000000000006 0.6225961538461539 0.16105769230769237 0.6225961538461539
0 0.07451923076923082 0.45913461538461536 0.03605769230769237 0.45913461538461536 0.03605769230769237 0.4831730769230769 0.07451923076923082 0.4831730769230769
0 0.060096153846153896 0.41346153846153844 0.01201923076923082 0.41346153846153844 0.012019230769230822 0.45913461538461536 0.060096153846153896 0.45913461538461536
0 0.2548076923076924 0.40384615384615385 0.21394230769230776 0.40384615384615385 0.21394230769230776 0.43509615384615385 0.2548076923076924 0.43509615384615385
0 0.1658653846153847 0.4423076923076923 0.12500000000000006 0.4423076923076923 0.12500000000000006 0.4807692307692308 0.1658653846153847 0.4807692307692308
0 0.14182692307692316 0.47596153846153844 0.10576923076923084 0.47596153846153844 0.10576923076923084 0.49759615384615385 0.14182692307692316 0.49759615384615385
0 0.4831730769230769 0.39903846153846156 0.44471153846153844 0.39903846153846156 0.44471153846153844 0.4254807692307692 0.4831730769230769 0.4254807692307692
0 0.3798076923076923 0.4519230769230769 0.34615384615384615 0.4519230769230769 0.34615384615384615 0.4735576923076923 0.3798076923076923 0.4735576923076923
0 0.4254807692307692 0.35336538461538464 0.3942307692307692 0.35336538461538464 0.3942307692307692 0.39663461538461536 0.4254807692307692 0.39663461538461536
0 0.4254807692307692 0.20432692307692316 0.38221153846153844 0.20432692307692316 0.38221153846153844 0.24519230769230776 0.4254807692307692 0.24519230769230776
0 0.47115384615384615 0.2163461538461539 0.4182692307692308 0.2163461538461539 0.4182692307692308 0.2596153846153847 0.47115384615384615 0.2596153846153847
0 0.28365384615384615 0.2307692307692308 0.2403846153846154 0.23076923076923078 0.2403846153846154 0.26682692307692313 0.28365384615384615 0.26682692307692313
0 0.2788461538461539 0.2932692307692308 0.24278846153846162 0.2932692307692308 0.24278846153846162 0.3245192307692308 0.2788461538461539 0.3245192307692308
0 0.12019230769230772 0.27884615384615385 0.08653846153846158 0.27884615384615385 0.08653846153846158 0.3076923076923077 0.12019230769230772 0.3076923076923077
0 0.12980769230769235 0.28846153846153844 0.10096153846153849 0.28846153846153844 0.10096153846153849 0.3269230769230769 0.12980769230769235 0.3269230769230769
0 0.16105769230769237 0.5384615384615384 0.13701923076923084 0.5384615384615384 0.13701923076923084 0.5625 0.16105769230769237 0.5625
0 0.5048076923076924 0.5240384615384616 0.46634615384615385 0.5240384615384616 0.4663461538461539 0.5697115384615384 0.5048076923076924 0.5697115384615384
0 0.543269230769231 0.6129807692307693 0.5192307692307694 0.6129807692307693 0.5192307692307694 0.6418269230769231 0.543269230769231 0.6418269230769231
0 0.5528846153846155 0.6298076923076923 0.528846153846154 0.6298076923076923 0.528846153846154 0.6490384615384616 0.5528846153846155 0.6490384615384616