0 0.3701923076923078 0.6634615384615384 0.3245192307692309 0.6634615384615384 0.3245192307692309 0.7067307692307693 0.3701923076923078 0.7067307692307693
0 0.4302884615384617 0.6754807692307693 0.38461538461538475 0.6754807692307693 0.38461538461538475 0.7139423076923077 0.4302884615384617 0.7139423076923077
0 0.40625 0.47115384615384615 0.3605769230769231 0.47115384615384615 0.3605769230769231 0.5168269230769231 0.40625 0.5168269230769231
0 0.43990384615384615 0.4423076923076923 0.38221153846153844 0.4423076923076923 0.38221153846153844 0.5048076923076923 0.43990384615384615 0.5048076923076923
0 0.47355769230769246 0.6009615384615384 0.4182692307692309 0.6009615384615384 0.4182692307692309 0.6538461538461539 0.47355769230769246 0.6538461538461539
0 0.42788461538461553 0.625 0.3822115384615386 0.625 0.3822115384615386 0.6706730769230769 0.42788461538461553 0.6706730769230769
0 0.7403846153846154 0.12019230769230778 0.6682692307692307 0.12019230769230776 0.6682692307692307 0.18990384615384623 0.7403846153846154 0.18990384615384623
0 0.34855769230769246 0.5817307692307693 0.295673076923077 0.5817307692307693 0.295673076923077 0.6346153846153846 0.34855769230769246 0.6346153846153846
0 0.420673076923077 0.5096153846153846 0.3701923076923077 0.5096153846153846 0.37019230769230776 0.5600961538461539 0.42067307692307704 0.5600961538461539
0 0.47836538461538475 0.6658653846153846 0.4447115384615386 0.6658653846153846 0.4447115384615386 0.6971153846153846 0.47836538461538475 0.6971153846153846
0 0.5144230769230769 0.4855769230769231 0.4567307692307692 0.4855769230769231 0.4567307692307692 0.5384615384615384 0.5144230769230769 0.5384615384615384
0 0.6682692307692307 0.48317307692307704 0.6274038461538461 0.48317307692307704 0.6274038461538461 0.5216346153846155 0.6682692307692307 0.5216346153846155
0 0.4759615384615386 0.5673076923076923 0.4375000000000001 0.5673076923076923 0.4375000000000001 0.6033653846153846 0.4759615384615386 0.6033653846153846
0 0.3870192307692309 0.5985576923076923 0.34134615384615397 0.5985576923076923 0.34134615384615397 0.6394230769230769 0.3870192307692309 0.6394230769230769
0 0.5408653846153847 0.5456730769230769 0.4855769230769231 0.5456730769230769 0.48557692307692313 0.5985576923076923 0.5408653846153848 0.5985576923076923
0 0.6274038461538461 0.528846153846154 0.5985576923076923 0.528846153846154 0.5985576923076924 0.560096153846154 0.6274038461538461 0.560096153846154
0 0.6514423076923077 0.3629807692307694 0.6057692307692307 0.3629807692307694 0.6057692307692307 0.4014423076923078 0.6514423076923077 0.4014423076923078
0 0.3004807692307693 0.5384615384615384 0.24278846153846162 0.5384615384615384 0.24278846153846162 0.59375 0.3004807692307693 0.59375
0 0.4086538461538462 0.5384615384615384 0.375 0.5384615384615384 0.37500000000000006 0.5721153846153846 0.4086538461538463 0.5721153846153846
0 0.4423076923076924 0.5504807692307693 0.4014423076923077 0.5504807692307693 0.40144230769230776 0.5889423076923077 0.44230769230769246 0.5889423076923077
0 0.36057692307692324 0.5769230769230769 0.32211538461538475 0.5769230769230769 0.32211538461538475 0.6201923076923077 0.36057692307692324 0.6201923076923077
0 0.4615384615384616 0.5264423076923077 0.4182692307692308 0.5264423076923077 0.41826923076923084 0.5649038461538461 0.4615384615384617 0.5649038461538461
0 0.5240384615384617 0.5769230769230769 0.49038461538461553 0.5769230769230769 0.49038461538461553 0.6057692307692307 0.5240384615384617 0.6057692307692307
0 0.4879807692307694 0.6009615384615384 0.45192307692307704 0.6009615384615384 0.45192307692307704 0.6346153846153846 0.4879807692307694 0.6346153846153846
0 0.528846153846154 0.6418269230769231 0.48557692307692324 0.6418269230769231 0.48557692307692324 0.6802884615384616 0.528846153846154 0.6802884615384616
0 0.5264423076923078 0.6225961538461539 0.48557692307692324 0.6225961538461539 0.48557692307692324 0.6634615384615384 0.5264423076923078 0.6634615384615384
0 0.5625000000000001 0.5721153846153847 0.5192307692307694 0.5721153846153846 0.5192307692307694 0.6153846153846154 0.5625000000000001 0.6153846153846154
0 0.5480769230769232 0.5889423076923077 0.512019230769231 0.5889423076923077 0.512019230769231 0.625 0.5480769230769232 0.625
0 0.5673076923076924 0.625 0.5312500000000001 0.625 0.5312500000000001 0.6610576923076923 0.5673076923076924 0.6610576923076923
0 0.5841346153846154 0.528846153846154 0.5480769230769231 0.5288461538461539 0.5480769230769231 0.5625000000000001 0.5841346153846155 0.5625000000000001
0 0.7235576923076923 0.46634615384615397 0.6754807692307693 0.46634615384615397 0.6754807692307693 0.5168269230769232 0.7235576923076923 0.5168269230769232
0 0.7451923076923077 0.4879807692307694 0.7043269230769231 0.4879807692307694 0.7043269230769231 0.5264423076923078 0.7451923076923077 0.5264423076923078
0 0.7163461538461539 0.41105769230769246 0.6658653846153846 0.41105769230769246 0.6658653846153846 0.4615384615384617 0.7163461538461539 0.4615384615384617
0 0.4423076923076923 0.3581730769230769 0.39663461538461536 0.3581730769230769 0.39663461538461536 0.4014423076923077 0.4423076923076923 0.4014423076923077
0 0.7451923076923077 0.43509615384615397 0.7091346153846154 0.43509615384615397 0.7091346153846154 0.4711538461538463 0.7451923076923077 0.4711538461538463
0 0.8846153846153846 0.3677884615384617 0.8269230769230769 0.3677884615384617 0.8269230769230769 0.4254807692307694 0.8846153846153846 0.4254807692307694
0 0.8918269230769231 0.4086538461538463 0.8413461538461539 0.4086538461538463 0.8413461538461539 0.4567307692307694 0.8918269230769231 0.4567307692307694
0 0.9110576923076923 0.2500000000000001 0.8605769230769231 0.2500000000000001 0.8605769230769231 0.2932692307692309 0.9110576923076923 0.2932692307692309
0 0.9182692307692307 0.19711538461538475 0.8485576923076923 0.19711538461538475 0.8485576923076923 0.26682692307692324 0.9182692307692307 0.26682692307692324
0 0.7307692307692307 0.28125000000000006 0.6754807692307693 0.28125000000000006 0.6754807692307693 0.3317307692307694 0.7307692307692307 0.3317307692307694
0 0.8293269230769231 0.2740384615384616 0.7668269230769231 0.2740384615384616 0.7668269230769231 0.3365384615384617 0.8293269230769231 0.3365384615384617
0 0.8533653846153846 0.29567307692307704 0.8052884615384616 0.295673076923077 0.8052884615384616 0.3365384615384617 0.8533653846153846 0.3365384615384617
0 0.5192307692307693 0.38461538461538464 0.46875 0.38461538461538464 0.46875 0.42788461538461536 0.5192307692307693 0.42788461538461536
0 0.6274038461538461 0.38461538461538475 0.5817307692307693 0.38461538461538475 0.5817307692307693 0.42307692307692324 0.6274038461538461 0.42307692307692324
0 0.5504807692307693 0.3173076923076923 0.49759615384615385 0.3173076923076923 0.49759615384615385 0.37740384615384615 0.5504807692307693 0.37740384615384615
0 0.4951923076923077 0.17788461538461545 0.43028846153846156 0.17788461538461545 0.43028846153846156 0.24278846153846162 0.4951923076923077 0.24278846153846162
0 0.46634615384615385 0.20913461538461545 0.3942307692307692 0.20913461538461545 0.3942307692307692 0.2740384615384616 0.46634615384615385 0.2740384615384616
0 0.6298076923076923 0.14182692307692316 0.5673076923076923 0.14182692307692316 0.5673076923076923 0.19951923076923084 0.6298076923076923 0.19951923076923084
0 0.6514423076923077 0.19471153846153852 0.6009615384615384 0.19471153846153852 0.6009615384615384 0.24519230769230776 0.6514423076923077 0.24519230769230776
0 0.7860576923076923 0.11538461538461549 0.7379807692307693 0.11538461538461549 0.7379807692307693 0.16105769230769237 0.7860576923076923 0.16105769230769237
0 0.78125 0.1298076923076924 0.7331730769230769 0.1298076923076924 0.7331730769230769 0.18028846153846162 0.78125 0.18028846153846162
0 0.8533653846153846 0.37259615384615397 0.8197115384615384 0.37259615384615397 0.8197115384615384 0.40384615384615397 0.8533653846153846 0.40384615384615397
0 0.5649038461538463 0.5024038461538463 0.5048076923076923 0.5024038461538461 0.5048076923076924 0.5673076923076924 0.5649038461538463 0.5673076923076924
0 0.5480769230769232 0.6057692307692307 0.5096153846153848 0.6057692307692307 0.5096153846153848 0.6490384615384616 0.5480769230769232 0.6490384615384616
0 0.5456730769230771 0.6274038461538461 0.5144230769230771 0.6274038461538461 0.5144230769230771 0.6586538461538461 0.5456730769230771 0.6586538461538461