0 0.7067307692307693 0.6322115384615384 0.6658653846153846 0.6322115384615384 0.6658653846153846 0.6682692307692307 0.7067307692307693 0.6682692307692307
0 0.6514423076923077 0.6538461538461539 0.6105769230769232 0.6538461538461539 0.6105769230769232 0.6875 0.6514423076923077 0.6875
0 0.6322115384615384 0.45192307692307704 0.59375 0.45192307692307704 0.59375 0.4879807692307694 0.6322115384615384 0.4879807692307694
0 0.6081730769230769 0.4278846153846155 0.5552884615384616 0.42788461538461536 0.5552884615384616 0.483173076923077 0.6081730769230769 0.48317307692307704
0 0.6033653846153848 0.591346153846154 0.5552884615384617 0.5913461538461539 0.5552884615384617 0.6346153846153846 0.6033653846153848 0.6346153846153846
0 0.6442307692307693 0.6033653846153848 0.6033653846153848 0.6033653846153848 0.6033653846153848 0.6418269230769231 0.6442307692307693 0.6418269230769231
0 0.25721153846153844 0.1778846153846154 0.20192307692307693 0.1778846153846154 0.20192307692307693 0.23076923076923078 0.25721153846153844 0.23076923076923078
0 0.71875 0.5456730769230771 0.6730769230769231 0.5456730769230771 0.6730769230769231 0.591346153846154 0.71875 0.591346153846154
0 0.6322115384615384 0.49038461538461553 0.5889423076923077 0.49038461538461553 0.5889423076923077 0.5312500000000001 0.6322115384615384 0.5312500000000001
0 0.591346153846154 0.6586538461538461 0.5625000000000001 0.6586538461538461 0.5625000000000001 0.6850961538461539 0.591346153846154 0.6850961538461539
0 0.5408653846153846 0.4855769230769231 0.49278846153846156 0.4855769230769231 0.49278846153846156 0.53125 0.5408653846153846 0.53125
0 0.375 0.5144230769230769 0.33653846153846156 0.5144230769230769 0.33653846153846156 0.5504807692307693 0.375 0.5504807692307693
0 0.5817307692307693 0.5576923076923077 0.5456730769230769 0.5576923076923077 0.545673076923077 0.591346153846154 0.5817307692307694 0.591346153846154
0 0.6802884615384616 0.5697115384615385 0.6370192307692307 0.5697115384615385 0.6370192307692307 0.605769230769231 0.6802884615384616 0.605769230769231
0 0.5240384615384616 0.5504807692307693 0.47836538461538464 0.5504807692307693 0.4783653846153847 0.59375 0.5240384615384617 0.59375
0 0.4158653846153847 0.5552884615384616 0.3870192307692308 0.5552884615384616 0.38701923076923084 0.5817307692307693 0.41586538461538475 0.5817307692307693
0 0.37259615384615385 0.39663461538461536 0.33413461538461536 0.39663461538461536 0.33413461538461536 0.42788461538461536 0.37259615384615385 0.42788461538461536
0 0.7620192307692307 0.49038461538461553 0.7115384615384616 0.49038461538461553 0.7115384615384616 0.5408653846153848 0.7620192307692307 0.5408653846153848
0 0.6298076923076923 0.5192307692307694 0.6009615384615384 0.5192307692307694 0.6009615384615384 0.5456730769230771 0.6298076923076923 0.5456730769230771
0 0.6105769230769231 0.5360576923076924 0.5745192307692307 0.5360576923076924 0.5745192307692308 0.5673076923076924 0.6105769230769232 0.5673076923076924
0 0.6947115384615384 0.5456730769230771 0.6610576923076923 0.5456730769230771 0.6610576923076923 0.5817307692307694 0.6947115384615384 0.5817307692307694
0 0.5889423076923077 0.5168269230769231 0.5504807692307693 0.5168269230769231 0.5504807692307693 0.5480769230769231 0.5889423076923077 0.5480769230769232
0 0.5264423076923078 0.5817307692307693 0.5000000000000001 0.5817307692307693 0.5000000000000001 0.6009615384615384 0.5264423076923078 0.6009615384615384
0 0.5721153846153848 0.5985576923076924 0.5384615384615385 0.5985576923076923 0.5384615384615385 0.625 0.5721153846153848 0.625
0 0.543269230769231 0.6442307692307693 0.5096153846153848 0.6442307692307693 0.5096153846153848 0.6754807692307693 0.543269230769231 0.6754807692307693
0 0.543269230769231 0.625 0.5096153846153848 0.625 0.5096153846153848 0.6586538461538461 0.543269230769231 0.6586538461538461
0 0.49759615384615397 0.5841346153846154 0.4639423076923078 0.5841346153846154 0.4639423076923078 0.6177884615384616 0.49759615384615397 0.6177884615384616
0 0.5096153846153848 0.5985576923076923 0.4759615384615386 0.5985576923076923 0.4759615384615386 0.625 0.5096153846153848 0.625
0 0.49759615384615397 0.6322115384615384 0.46634615384615397 0.6322115384615384 0.46634615384615397 0.6682692307692307 0.49759615384615397 0.6682692307692307
0 0.4615384615384616 0.5456730769230769 0.42788461538461536 0.5456730769230769 0.4278846153846155 0.5721153846153846 0.4615384615384617 0.5721153846153846
0 0.3245192307692308 0.5096153846153846 0.28125000000000006 0.5096153846153846 0.28125000000000006 0.5552884615384616 0.3245192307692308 0.5552884615384616
0 0.29807692307692313 0.5384615384615384 0.264423076923077 0.5384615384615384 0.264423076923077 0.5697115384615384 0.29807692307692313 0.5697115384615384
0 0.32211538461538464 0.4567307692307692 0.2788461538461539 0.4567307692307692 0.2788461538461539 0.49759615384615385 0.32211538461538464 0.49759615384615385
0 0.5745192307692307 0.3485576923076924 0.5360576923076923 0.3485576923076923 0.5360576923076923 0.38221153846153855 0.5745192307692307 0.3822115384615386
0 0.2860576923076924 0.4855769230769231 0.2548076923076924 0.4855769230769231 0.2548076923076924 0.5168269230769231 0.2860576923076924 0.5168269230769231
0 0.15625000000000006 0.4495192307692308 0.108173076923077 0.4495192307692308 0.108173076923077 0.49759615384615385 0.15625000000000006 0.49759615384615385
0 0.14903846153846162 0.49278846153846156 0.10576923076923084 0.49278846153846156 0.10576923076923084 0.53125 0.14903846153846162 0.53125
0 0.09855769230769235 0.34134615384615385 0.05528846153846157 0.34134615384615385 0.05528846153846158 0.375 0.09855769230769235 0.375
0 0.09855769230769235 0.29086538461538464 0.04086538461538465 0.29086538461538464 0.04086538461538465 0.34615384615384615 0.09855769230769235 0.34615384615384615
0 0.28846153846153855 0.3317307692307692 0.2379807692307693 0.3317307692307692 0.2379807692307693 0.375 0.28846153846153855 0.375
0 0.19230769230769237 0.3485576923076923 0.1418269230769231 0.3485576923076923 0.1418269230769231 0.39663461538461536 0.19230769230769237 0.39663461538461536
0 0.16105769230769237 0.37259615384615385 0.12019230769230772 0.37259615384615385 0.12019230769230772 0.40625 0.16105769230769237 0.40625
0 0.5096153846153846 0.3870192307692308 0.46634615384615385 0.3870192307692308 0.46634615384615385 0.4230769230769231 0.5096153846153846 0.4230769230769231
0 0.39903846153846156 0.4110576923076923 0.3581730769230769 0.4110576923076923 0.3581730769230769 0.44471153846153844 0.39903846153846156 0.44471153846153844
0 0.46634615384615385 0.3317307692307692 0.4230769230769231 0.3317307692307692 0.4230769230769231 0.38221153846153844 0.46634615384615385 0.38221153846153844
0 0.5048076923076923 0.1850961538461539 0.4519230769230769 0.1850961538461539 0.4519230769230769 0.23557692307692316 0.5048076923076923 0.23557692307692316
0 0.5456730769230769 0.2067307692307693 0.4831730769230769 0.2067307692307693 0.4831730769230769 0.26201923076923084 0.5456730769230769 0.26201923076923084
0 0.3629807692307692 0.17307692307692316 0.31009615384615385 0.17307692307692316 0.31009615384615385 0.22115384615384623 0.3629807692307692 0.22115384615384623
0 0.34134615384615385 0.23317307692307698 0.2956730769230769 0.23317307692307698 0.2956730769230769 0.27644230769230776 0.34134615384615385 0.27644230769230776
0 0.19230769230769232 0.18028846153846154 0.15144230769230774 0.18028846153846154 0.15144230769230774 0.21634615384615385 0.19230769230769232 0.21634615384615385
0 0.19951923076923078 0.19230769230769232 0.15865384615384615 0.19230769230769232 0.15865384615384615 0.23798076923076922 0.19951923076923078 0.23798076923076922
0 0.16346153846153852 0.44471153846153844 0.1346153846153847 0.44471153846153844 0.1346153846153847 0.4735576923076923 0.16346153846153852 0.4735576923076923
0 0.5024038461538463 0.5120192307692307 0.4495192307692308 0.5120192307692307 0.44951923076923084 0.5697115384615384 0.5024038461538463 0.5697115384615384
0 0.5144230769230771 0.6129807692307693 0.4807692307692309 0.6129807692307693 0.4807692307692309 0.6490384615384616 0.5144230769230771 0.6490384615384616
0 0.5168269230769232 0.6346153846153846 0.4879807692307694 0.6346153846153846 0.4879807692307694 0.6586538461538461 0.5168269230769232 0.6586538461538461