0 0.7091346153846154 0.6298076923076923 0.6730769230769231 0.6298076923076923 0.6730769230769231 0.6634615384615384 0.7091346153846154 0.6634615384615384
0 0.65625 0.6538461538461539 0.6153846153846154 0.6538461538461539 0.6153846153846154 0.6850961538461539 0.65625 0.6850961538461539
0 0.6322115384615384 0.4495192307692309 0.5961538461538461 0.4495192307692309 0.5961538461538461 0.48557692307692324 0.6322115384615384 0.48557692307692324
0 0.6057692307692307 0.4278846153846155 0.5576923076923077 0.42788461538461536 0.5576923076923077 0.4783653846153847 0.6057692307692307 0.47836538461538475
0 0.6033653846153848 0.5937500000000001 0.560096153846154 0.5937500000000001 0.560096153846154 0.6322115384615384 0.6033653846153848 0.6322115384615384
0 0.6466346153846154 0.6033653846153848 0.6081730769230771 0.6033653846153848 0.6081730769230771 0.6394230769230769 0.6466346153846154 0.6394230769230769
0 0.25240384615384615 0.18269230769230768 0.1971153846153846 0.18269230769230768 0.1971153846153846 0.23557692307692307 0.25240384615384615 0.23557692307692307
0 0.7211538461538461 0.543269230769231 0.6778846153846154 0.543269230769231 0.6778846153846154 0.5841346153846155 0.7211538461538461 0.5841346153846155
0 0.6298076923076923 0.49038461538461553 0.5913461538461539 0.49038461538461553 0.5913461538461539 0.528846153846154 0.6298076923076923 0.528846153846154
0 0.591346153846154 0.65625 0.5649038461538463 0.65625 0.5649038461538463 0.6802884615384616 0.591346153846154 0.6802884615384616
0 0.5408653846153846 0.4879807692307692 0.4951923076923077 0.4879807692307692 0.4951923076923077 0.5288461538461539 0.5408653846153846 0.5288461538461539
0 0.37259615384615385 0.5192307692307693 0.3389423076923077 0.5192307692307693 0.3389423076923077 0.5504807692307693 0.37259615384615385 0.5504807692307693
0 0.5793269230769231 0.5576923076923077 0.5456730769230769 0.5576923076923077 0.545673076923077 0.5889423076923077 0.5793269230769232 0.5889423076923078
0 0.6802884615384616 0.5673076923076924 0.6418269230769231 0.5673076923076924 0.6418269230769231 0.6009615384615385 0.6802884615384616 0.6009615384615385
0 0.5264423076923077 0.5528846153846154 0.4831730769230769 0.5528846153846154 0.483173076923077 0.59375 0.5264423076923078 0.59375
0 0.41346153846153855 0.5552884615384616 0.3894230769230769 0.5552884615384616 0.389423076923077 0.5817307692307693 0.4134615384615386 0.5817307692307693
0 0.36778846153846156 0.39903846153846156 0.3317307692307692 0.39903846153846156 0.3317307692307692 0.42788461538461536 0.36778846153846156 0.42788461538461536
0 0.7596153846153846 0.49038461538461553 0.7139423076923077 0.49038461538461553 0.7139423076923077 0.5360576923076924 0.7596153846153846 0.5360576923076924
0 0.6322115384615384 0.5168269230769232 0.6033653846153846 0.5168269230769232 0.6033653846153846 0.543269230769231 0.6322115384615384 0.543269230769231
0 0.608173076923077 0.5360576923076924 0.5769230769230769 0.5360576923076924 0.576923076923077 0.5649038461538463 0.6081730769230771 0.5649038461538463
0 0.6947115384615384 0.5408653846153848 0.6634615384615384 0.5408653846153848 0.6634615384615384 0.5769230769230771 0.6947115384615384 0.5769230769230771
0 0.5865384615384616 0.5168269230769231 0.5528846153846154 0.5168269230769231 0.5528846153846154 0.5432692307692308 0.5865384615384616 0.543269230769231
0 0.528846153846154 0.5793269230769231 0.5024038461538463 0.5793269230769231 0.5024038461538463 0.6009615384615384 0.528846153846154 0.6009615384615384
0 0.5721153846153848 0.5961538461538463 0.5408653846153848 0.5961538461538461 0.5408653846153848 0.6201923076923077 0.5721153846153848 0.6201923076923077
0 0.5456730769230771 0.6442307692307693 0.512019230769231 0.6442307692307693 0.512019230769231 0.6730769230769231 0.5456730769230771 0.6730769230769231
0 0.543269230769231 0.6225961538461539 0.512019230769231 0.6225961538461539 0.512019230769231 0.65625 0.543269230769231 0.65625
0 0.49759615384615397 0.5841346153846154 0.4639423076923078 0.5841346153846154 0.4639423076923078 0.6177884615384616 0.49759615384615397 0.6177884615384616
0 0.512019230769231 0.5985576923076923 0.4807692307692309 0.5985576923076923 0.4807692307692309 0.625 0.512019230769231 0.625
0 0.5000000000000001 0.6346153846153846 0.4711538461538463 0.6346153846153846 0.4711538461538463 0.6658653846153846 0.5000000000000001 0.6658653846153846
0 0.4615384615384616 0.5456730769230769 0.43028846153846156 0.5456730769230769 0.4302884615384616 0.5721153846153846 0.4615384615384617 0.5721153846153846
0 0.3245192307692308 0.5144230769230769 0.2860576923076924 0.5144230769230769 0.2860576923076924 0.5576923076923077 0.3245192307692308 0.5576923076923077
0 0.3004807692307693 0.5408653846153846 0.26682692307692313 0.5408653846153846 0.26682692307692313 0.5721153846153846 0.3004807692307693 0.5721153846153846
0 0.32211538461538464 0.46153846153846156 0.28125000000000006 0.46153846153846156 0.28125000000000006 0.5 0.32211538461538464 0.5
0 0.5697115384615384 0.3461538461538462 0.5336538461538461 0.34615384615384615 0.5336538461538461 0.38221153846153855 0.5697115384615384 0.3822115384615386
0 0.2836538461538462 0.49038461538461536 0.2548076923076924 0.49038461538461536 0.2548076923076924 0.5192307692307693 0.2836538461538462 0.5192307692307693
0 0.1538461538461539 0.4567307692307692 0.108173076923077 0.4567307692307692 0.108173076923077 0.5024038461538461 0.1538461538461539 0.5024038461538461
0 0.14903846153846162 0.49759615384615385 0.10576923076923084 0.49759615384615385 0.10576923076923084 0.5360576923076923 0.14903846153846162 0.5360576923076923
0 0.09615384615384619 0.3485576923076923 0.05288461538461542 0.3485576923076923 0.052884615384615426 0.3798076923076923 0.09615384615384619 0.3798076923076923
0 0.09375000000000003 0.2980769230769231 0.0384615384615385 0.2980769230769231 0.038461538461538505 0.35336538461538464 0.09375000000000003 0.35336538461538464
0 0.2836538461538462 0.33653846153846156 0.23557692307692316 0.33653846153846156 0.23557692307692316 0.37740384615384615 0.2836538461538462 0.37740384615384615
0 0.19230769230769237 0.35336538461538464 0.1418269230769231 0.35336538461538464 0.1418269230769231 0.4014423076923077 0.19230769230769237 0.4014423076923077
0 0.15625000000000006 0.3798076923076923 0.11778846153846158 0.3798076923076923 0.11778846153846158 0.40865384615384615 0.15625000000000006 0.40865384615384615
0 0.5072115384615384 0.3894230769230769 0.4639423076923077 0.3894230769230769 0.4639423076923077 0.4230769230769231 0.5072115384615384 0.4230769230769231
0 0.39663461538461536 0.41346153846153844 0.3581730769230769 0.41346153846153844 0.3581730769230769 0.44471153846153844 0.39663461538461536 0.44471153846153844
0 0.4639423076923077 0.3317307692307692 0.4230769230769231 0.3317307692307692 0.4230769230769231 0.38221153846153844 0.4639423076923077 0.38221153846153844
0 0.49759615384615385 0.18269230769230776 0.44711538461538464 0.18269230769230776 0.44711538461538464 0.23557692307692316 0.49759615384615385 0.23557692307692316
0 0.5408653846153846 0.2067307692307693 0.47836538461538464 0.2067307692307693 0.47836538461538464 0.2596153846153847 0.5408653846153846 0.2596153846153847
0 0.3557692307692308 0.17788461538461545 0.30528846153846156 0.17788461538461545 0.30528846153846156 0.22355769230769237 0.3557692307692308 0.22355769230769237
0 0.33653846153846156 0.23557692307692316 0.2932692307692308 0.23557692307692316 0.2932692307692308 0.27644230769230776 0.33653846153846156 0.27644230769230776
0 0.18509615384615385 0.1875 0.14663461538461542 0.1875 0.14663461538461542 0.22355769230769232 0.18509615384615385 0.22355769230769232
0 0.19230769230769232 0.19951923076923078 0.15384615384615385 0.19951923076923078 0.15384615384615385 0.24278846153846154 0.19230769230769232 0.24278846153846154
0 0.16105769230769237 0.4519230769230769 0.13221153846153852 0.4519230769230769 0.13221153846153852 0.47836538461538464 0.16105769230769237 0.47836538461538464
0 0.4975961538461539 0.5144230769230769 0.4519230769230769 0.5144230769230769 0.451923076923077 0.5673076923076923 0.49759615384615397 0.5673076923076923
0 0.5168269230769232 0.6129807692307693 0.48557692307692324 0.6129807692307693 0.48557692307692324 0.6466346153846154 0.5168269230769232 0.6466346153846154
0 0.5168269230769232 0.6322115384615384 0.49038461538461553 0.6322115384615384 0.49038461538461553 0.6586538461538461 0.5168269230769232 0.6586538461538461