0 0.605769230769231 0.7043269230769231 0.5721153846153848 0.7043269230769231 0.5721153846153848 0.7427884615384616 0.605769230769231 0.7427884615384616
0 0.6442307692307693 0.6538461538461539 0.6081730769230771 0.6538461538461539 0.6081730769230771 0.6995192307692307 0.6442307692307693 0.6995192307692307
0 0.4567307692307694 0.5817307692307693 0.4182692307692309 0.5817307692307693 0.4182692307692309 0.6201923076923077 0.4567307692307694 0.6201923076923077
0 0.46394230769230776 0.5384615384615384 0.40625 0.5384615384615384 0.40625000000000006 0.59375 0.4639423076923078 0.59375
0 0.605769230769231 0.5865384615384617 0.5649038461538463 0.5865384615384617 0.5649038461538463 0.6346153846153846 0.605769230769231 0.6346153846153846
0 0.6009615384615385 0.6346153846153846 0.5625000000000001 0.6346153846153846 0.5625000000000001 0.6754807692307693 0.6009615384615385 0.6754807692307693
0 0.3269230769230769 0.12500000000000003 0.2692307692307692 0.12500000000000003 0.2692307692307692 0.18509615384615388 0.3269230769230769 0.1850961538461539
0 0.5312500000000001 0.6826923076923077 0.48317307692307704 0.6826923076923077 0.48317307692307704 0.7331730769230769 0.5312500000000001 0.7331730769230769
0 0.49759615384615397 0.5865384615384616 0.45913461538461553 0.5865384615384616 0.45913461538461553 0.6298076923076923 0.49759615384615397 0.6298076923076923
0 0.6538461538461539 0.6081730769230771 0.6274038461538461 0.6081730769230771 0.6274038461538461 0.6346153846153846 0.6538461538461539 0.6346153846153846
0 0.5264423076923077 0.4951923076923077 0.4831730769230769 0.4951923076923077 0.4831730769230769 0.5432692307692307 0.5264423076923077 0.5432692307692307
0 0.5913461538461539 0.3533653846153847 0.5576923076923077 0.35336538461538464 0.5576923076923077 0.39182692307692313 0.5913461538461539 0.39182692307692324
0 0.5697115384615385 0.5625000000000001 0.5360576923076924 0.5625 0.5360576923076924 0.5985576923076924 0.5697115384615385 0.5985576923076924
0 0.5576923076923078 0.65625 0.5192307692307694 0.65625 0.5192307692307694 0.6995192307692307 0.5576923076923078 0.6995192307692307
0 0.5913461538461539 0.5000000000000001 0.5480769230769231 0.5 0.5480769230769231 0.5480769230769231 0.5913461538461539 0.5480769230769232
0 0.6081730769230769 0.41105769230769246 0.5817307692307693 0.41105769230769246 0.5817307692307693 0.4375000000000001 0.6081730769230769 0.4375000000000001
0 0.47596153846153844 0.3125 0.4423076923076923 0.3125 0.4423076923076923 0.3557692307692308 0.47596153846153844 0.3557692307692308
0 0.4687500000000001 0.7067307692307693 0.42067307692307704 0.7067307692307693 0.42067307692307704 0.7524038461538461 0.4687500000000001 0.7524038461538461
0 0.512019230769231 0.6057692307692307 0.4807692307692309 0.6057692307692307 0.4807692307692309 0.6370192307692307 0.512019230769231 0.6370192307692307
0 0.5384615384615385 0.5841346153846154 0.5048076923076924 0.5841346153846154 0.5048076923076924 0.6225961538461539 0.5384615384615385 0.6225961538461539
0 0.528846153846154 0.6706730769230769 0.49038461538461553 0.6706730769230769 0.49038461538461553 0.7043269230769231 0.528846153846154 0.7043269230769231
0 0.5264423076923077 0.5576923076923077 0.49278846153846156 0.5576923076923077 0.4927884615384616 0.5961538461538461 0.5264423076923078 0.5961538461538461
0 0.59375 0.5264423076923078 0.5721153846153846 0.5264423076923078 0.5721153846153846 0.5528846153846155 0.59375 0.5528846153846155
0 0.6033653846153848 0.5697115384615385 0.5769230769230771 0.5697115384615385 0.5769230769230771 0.6009615384615385 0.6033653846153848 0.6009615384615385
0 0.6610576923076923 0.5528846153846155 0.6298076923076923 0.5528846153846155 0.6298076923076923 0.5889423076923078 0.6610576923076923 0.5889423076923078
0 0.6442307692307693 0.5480769230769232 0.6105769230769231 0.5480769230769232 0.6105769230769231 0.5817307692307694 0.6442307692307693 0.5817307692307694
0 0.6225961538461539 0.49038461538461553 0.5841346153846154 0.49038461538461553 0.5841346153846154 0.5264423076923078 0.6225961538461539 0.5264423076923078
0 0.6225961538461539 0.5096153846153848 0.59375 0.5096153846153848 0.59375 0.5408653846153848 0.6225961538461539 0.5408653846153848
0 0.6682692307692307 0.5096153846153848 0.6298076923076923 0.5096153846153848 0.6298076923076923 0.543269230769231 0.6682692307692307 0.543269230769231
0 0.5865384615384616 0.4471153846153847 0.5576923076923077 0.44711538461538464 0.5576923076923077 0.483173076923077 0.5865384615384616 0.48317307692307704
0 0.6105769230769231 0.3004807692307693 0.5649038461538461 0.3004807692307693 0.5649038461538461 0.3437500000000001 0.6105769230769231 0.3437500000000001
0 0.6322115384615384 0.2908653846153847 0.5985576923076923 0.2908653846153847 0.5985576923076923 0.32692307692307704 0.6322115384615384 0.32692307692307704
0 0.5576923076923077 0.28125000000000006 0.5192307692307693 0.28125000000000006 0.5192307692307693 0.3245192307692308 0.5576923076923077 0.3245192307692308
0 0.375 0.49038461538461536 0.33653846153846156 0.49038461538461536 0.33653846153846156 0.5336538461538461 0.375 0.5336538461538461
0 0.5841346153846154 0.264423076923077 0.5528846153846154 0.264423076923077 0.5528846153846154 0.295673076923077 0.5841346153846154 0.295673076923077
0 0.6081730769230769 0.11538461538461545 0.5600961538461539 0.11538461538461545 0.5600961538461539 0.1658653846153847 0.6081730769230769 0.1658653846153847
0 0.6394230769230769 0.12500000000000006 0.6009615384615384 0.12500000000000006 0.6009615384615384 0.16826923076923084 0.6394230769230769 0.16826923076923084
0 0.5048076923076923 0.03125000000000006 0.47115384615384615 0.03125000000000006 0.47115384615384615 0.076923076923077 0.5048076923076923 0.076923076923077
0 0.4807692307692308 0.0048076923076923635 0.4230769230769231 0.004807692307692359 0.4230769230769231 0.06730769230769236 0.4807692307692308 0.06730769230769236
0 0.4519230769230769 0.2067307692307693 0.40865384615384615 0.2067307692307693 0.40865384615384615 0.2548076923076924 0.4519230769230769 0.2548076923076924
0 0.5 0.12019230769230776 0.4495192307692308 0.12019230769230776 0.4495192307692308 0.17307692307692316 0.5 0.17307692307692316
0 0.5144230769230769 0.10576923076923084 0.4831730769230769 0.10576923076923084 0.4831730769230769 0.1442307692307693 0.5144230769230769 0.1442307692307693
0 0.4326923076923077 0.4375 0.39663461538461536 0.4375 0.39663461538461536 0.4855769230769231 0.4326923076923077 0.4855769230769231
0 0.4831730769230769 0.34375 0.4519230769230769 0.34375 0.4519230769230769 0.38221153846153844 0.4831730769230769 0.38221153846153844
0 0.40384615384615385 0.38221153846153844 0.35096153846153844 0.38221153846153844 0.35096153846153844 0.42788461538461536 0.40384615384615385 0.42788461538461536
0 0.2548076923076924 0.36538461538461536 0.19951923076923084 0.36538461538461536 0.19951923076923084 0.4206730769230769 0.2548076923076924 0.4206730769230769
0 0.26682692307692313 0.40384615384615385 0.21153846153846162 0.40384615384615385 0.21153846153846162 0.46875 0.26682692307692313 0.46875
0 0.2836538461538462 0.22836538461538464 0.23317307692307693 0.2283653846153846 0.23317307692307696 0.28125000000000006 0.2836538461538462 0.28125000000000006
0 0.3389423076923077 0.23317307692307698 0.2956730769230769 0.23317307692307698 0.2956730769230769 0.27644230769230776 0.3389423076923077 0.27644230769230776
0 0.3269230769230769 0.07692307692307696 0.28846153846153844 0.07692307692307696 0.28846153846153844 0.11538461538461542 0.3269230769230769 0.11538461538461542
0 0.34375 0.08894230769230772 0.3004807692307692 0.08894230769230772 0.3004807692307692 0.1274038461538462 0.34375 0.1274038461538462
0 0.5793269230769231 0.13701923076923084 0.5480769230769231 0.13701923076923084 0.5480769230769231 0.16826923076923084 0.5793269230769231 0.16826923076923084
0 0.5745192307692307 0.4615384615384616 0.5168269230769231 0.46153846153846156 0.5168269230769231 0.514423076923077 0.5745192307692307 0.5144230769230771
0 0.6442307692307693 0.5192307692307694 0.6081730769230769 0.5192307692307694 0.6081730769230769 0.5528846153846155 0.6442307692307693 0.5528846153846155
0 0.6514423076923077 0.5312500000000001 0.625 0.5312500000000001 0.625 0.560096153846154 0.6514423076923077 0.560096153846154