0 0.65625 0.2836538461538462 0.6201923076923077 0.2836538461538462 0.6201923076923077 0.32211538461538475 0.65625 0.32211538461538475
0 0.6778846153846154 0.3365384615384617 0.6466346153846154 0.3365384615384617 0.6466346153846154 0.3774038461538463 0.6778846153846154 0.3774038461538463
0 0.4831730769230769 0.3701923076923077 0.4423076923076923 0.3701923076923077 0.4423076923076923 0.4110576923076923 0.4831730769230769 0.4110576923076923
0 0.47836538461538464 0.3942307692307692 0.4230769230769231 0.3942307692307692 0.4230769230769231 0.4495192307692308 0.47836538461538464 0.4495192307692308
0 0.6298076923076923 0.3870192307692309 0.5841346153846154 0.3870192307692309 0.5841346153846154 0.4375000000000001 0.6298076923076923 0.4375000000000001
0 0.6346153846153846 0.34855769230769246 0.5961538461538461 0.34855769230769246 0.5961538461538461 0.38942307692307704 0.6346153846153846 0.38942307692307704
0 0.2524038461538462 0.7596153846153846 0.19471153846153852 0.7596153846153846 0.19471153846153852 0.8197115384615384 0.2524038461538462 0.8197115384615384
0 0.5769230769230769 0.27644230769230776 0.53125 0.27644230769230776 0.53125 0.3221153846153847 0.5769230769230769 0.32211538461538475
0 0.5264423076923077 0.36778846153846156 0.4831730769230769 0.36778846153846156 0.4831730769230769 0.4110576923076923 0.5264423076923077 0.4110576923076923
0 0.6778846153846154 0.3990384615384617 0.6514423076923077 0.3990384615384617 0.6514423076923077 0.42788461538461553 0.6778846153846154 0.42788461538461553
0 0.5288461538461539 0.46153846153846156 0.4855769230769231 0.46153846153846156 0.4855769230769231 0.5072115384615384 0.5288461538461539 0.5072115384615384
0 0.560096153846154 0.625 0.5264423076923078 0.625 0.5264423076923078 0.6610576923076923 0.560096153846154 0.6610576923076923
0 0.5865384615384616 0.4158653846153847 0.5504807692307693 0.41586538461538464 0.5504807692307693 0.45432692307692313 0.5865384615384616 0.45432692307692324
0 0.5961538461538461 0.3149038461538462 0.5552884615384616 0.31490384615384615 0.5552884615384616 0.358173076923077 0.5961538461538461 0.35817307692307704
0 0.59375 0.4711538461538462 0.5528846153846154 0.47115384615384615 0.5528846153846154 0.5168269230769231 0.59375 0.5168269230769232
0 0.5889423076923078 0.5817307692307694 0.560096153846154 0.5817307692307694 0.560096153846154 0.6105769230769232 0.5889423076923078 0.6105769230769232
0 0.4399038461538463 0.6346153846153846 0.4062500000000001 0.6346153846153846 0.4062500000000001 0.6754807692307693 0.4399038461538463 0.6754807692307693
0 0.5240384615384616 0.24038461538461545 0.47836538461538464 0.24038461538461545 0.47836538461538464 0.28846153846153855 0.5240384615384616 0.28846153846153855
0 0.5384615384615384 0.36538461538461536 0.5096153846153846 0.36538461538461536 0.5096153846153846 0.39663461538461536 0.5384615384615384 0.39663461538461536
0 0.5625 0.38701923076923084 0.5288461538461539 0.3870192307692308 0.5288461538461539 0.42307692307692313 0.5625 0.42307692307692324
0 0.5697115384615384 0.3028846153846155 0.53125 0.3028846153846155 0.53125 0.3365384615384616 0.5697115384615384 0.3365384615384617
0 0.5432692307692307 0.4110576923076923 0.5096153846153846 0.4110576923076923 0.5096153846153846 0.4495192307692308 0.5432692307692307 0.4495192307692308
0 0.6009615384615384 0.46634615384615397 0.5769230769230769 0.46634615384615397 0.5769230769230769 0.4951923076923078 0.6009615384615384 0.4951923076923078
0 0.6201923076923077 0.42067307692307704 0.5913461538461539 0.42067307692307704 0.5913461538461539 0.45432692307692324 0.6201923076923077 0.45432692307692324
0 0.6754807692307693 0.4447115384615386 0.6418269230769231 0.4447115384615386 0.6418269230769231 0.48317307692307704 0.6754807692307693 0.48317307692307704
0 0.6586538461538461 0.44711538461538475 0.6201923076923077 0.44711538461538475 0.6201923076923077 0.48317307692307704 0.6586538461538461 0.48317307692307704
0 0.6201923076923077 0.49759615384615397 0.5841346153846154 0.49759615384615397 0.5841346153846154 0.5336538461538463 0.6201923076923077 0.5336538461538463
0 0.6274038461538461 0.4807692307692309 0.5961538461538461 0.4807692307692309 0.5961538461538461 0.5168269230769232 0.6274038461538461 0.5168269230769232
0 0.6682692307692307 0.49038461538461553 0.6322115384615384 0.49038461538461553 0.6322115384615384 0.5240384615384617 0.6682692307692307 0.5240384615384617
0 0.576923076923077 0.5336538461538463 0.5456730769230769 0.5336538461538461 0.545673076923077 0.5697115384615385 0.5769230769230771 0.5697115384615385
0 0.5697115384615385 0.6730769230769231 0.5216346153846155 0.6730769230769231 0.5216346153846155 0.7163461538461539 0.5697115384615385 0.7163461538461539
0 0.5841346153846155 0.6947115384615384 0.5504807692307694 0.6947115384615384 0.5504807692307694 0.7307692307692307 0.5841346153846155 0.7307692307692307
0 0.512019230769231 0.6778846153846154 0.4711538461538463 0.6778846153846154 0.4711538461538463 0.7235576923076923 0.512019230769231 0.7235576923076923
0 0.38221153846153844 0.43509615384615385 0.34134615384615385 0.43509615384615385 0.34134615384615385 0.47836538461538464 0.38221153846153844 0.47836538461538464
0 0.5336538461538463 0.7139423076923077 0.5024038461538463 0.7139423076923077 0.5024038461538463 0.7475961538461539 0.5336538461538463 0.7475961538461539
0 0.5240384615384617 0.8461538461538461 0.4759615384615386 0.8461538461538461 0.4759615384615386 0.8942307692307693 0.5240384615384617 0.8942307692307693
0 0.5576923076923078 0.8485576923076923 0.5144230769230771 0.8485576923076923 0.5144230769230771 0.8966346153846154 0.5576923076923078 0.8966346153846154
0 0.40384615384615397 0.9086538461538461 0.3701923076923078 0.9086538461538461 0.3701923076923078 0.9543269230769231 0.40384615384615397 0.9543269230769231
0 0.3774038461538463 0.9110576923076923 0.31730769230769246 0.9110576923076923 0.31730769230769246 0.9735576923076923 0.3774038461538463 0.9735576923076923
0 0.3942307692307694 0.7211538461538461 0.3461538461538463 0.7211538461538461 0.3461538461538463 0.7740384615384616 0.3942307692307694 0.7740384615384616
0 0.42307692307692324 0.8125 0.3701923076923078 0.8125 0.3701923076923078 0.8677884615384616 0.42307692307692324 0.8677884615384616
0 0.4302884615384617 0.8485576923076923 0.39663461538461553 0.8485576923076923 0.39663461538461553 0.8894230769230769 0.4302884615384617 0.8894230769230769
0 0.42788461538461536 0.4951923076923077 0.3894230769230769 0.4951923076923077 0.3894230769230769 0.5432692307692307 0.42788461538461536 0.5432692307692307
0 0.45192307692307704 0.6081730769230769 0.4182692307692309 0.6081730769230769 0.4182692307692309 0.6490384615384616 0.45192307692307704 0.6490384615384616
0 0.38701923076923084 0.5432692307692307 0.3317307692307692 0.5432692307692307 0.3317307692307693 0.5889423076923077 0.3870192307692309 0.5889423076923077
0 0.24038461538461545 0.5168269230769231 0.1850961538461539 0.5168269230769231 0.1850961538461539 0.5721153846153846 0.24038461538461545 0.5721153846153846
0 0.26201923076923084 0.4735576923076923 0.2067307692307693 0.4735576923076923 0.2067307692307693 0.5384615384615384 0.26201923076923084 0.5384615384615384
0 0.23557692307692316 0.65625 0.1850961538461539 0.65625 0.1850961538461539 0.7139423076923077 0.23557692307692316 0.7139423076923077
0 0.28846153846153855 0.6730769230769231 0.24278846153846162 0.6730769230769231 0.24278846153846162 0.7235576923076923 0.28846153846153855 0.7235576923076923
0 0.24038461538461547 0.8293269230769231 0.20432692307692316 0.8293269230769231 0.20432692307692318 0.8701923076923077 0.24038461538461553 0.8701923076923077
0 0.2620192307692309 0.8221153846153846 0.2163461538461539 0.8221153846153846 0.21634615384615394 0.8629807692307693 0.2620192307692309 0.8629807692307693
0 0.5000000000000001 0.8389423076923077 0.4687500000000001 0.8389423076923077 0.4687500000000001 0.8701923076923077 0.5000000000000001 0.8701923076923077
0 0.5721153846153846 0.4975961538461539 0.5120192307692307 0.49759615384615385 0.5120192307692307 0.5504807692307693 0.5721153846153846 0.5504807692307694
0 0.6490384615384616 0.4759615384615386 0.6105769230769231 0.4759615384615386 0.6105769230769231 0.512019230769231 0.6490384615384616 0.512019230769231
0 0.6610576923076923 0.4759615384615386 0.6322115384615384 0.4759615384615386 0.6322115384615384 0.5048076923076924 0.6610576923076923 0.5048076923076924