0 0.6153846153846154 0.264423076923077 0.5865384615384616 0.264423076923077 0.5865384615384616 0.3004807692307693 0.6153846153846154 0.3004807692307693
0 0.6514423076923077 0.31009615384615397 0.6177884615384616 0.31009615384615397 0.6177884615384616 0.35336538461538475 0.6514423076923077 0.35336538461538475
0 0.45913461538461536 0.38221153846153844 0.4254807692307692 0.38221153846153844 0.4254807692307692 0.41586538461538464 0.45913461538461536 0.41586538461538464
0 0.4639423076923077 0.40625 0.4110576923076923 0.40625 0.4110576923076923 0.45913461538461536 0.4639423076923077 0.45913461538461536
0 0.6129807692307693 0.37259615384615397 0.5697115384615384 0.37259615384615397 0.5697115384615384 0.4182692307692309 0.6129807692307693 0.4182692307692309
0 0.6081730769230769 0.32932692307692324 0.5697115384615384 0.32932692307692324 0.5697115384615384 0.3701923076923078 0.6081730769230769 0.3701923076923078
0 0.31009615384615397 0.8052884615384616 0.2524038461538462 0.8052884615384616 0.25240384615384626 0.8629807692307693 0.31009615384615397 0.8629807692307693
0 0.5408653846153846 0.2692307692307693 0.49278846153846156 0.2692307692307693 0.49278846153846156 0.3173076923076923 0.5408653846153846 0.3173076923076923
0 0.5024038461538461 0.3701923076923077 0.46634615384615385 0.3701923076923077 0.46634615384615385 0.4110576923076923 0.5024038461538461 0.4110576923076923
0 0.6610576923076923 0.37259615384615397 0.6346153846153846 0.37259615384615397 0.6346153846153846 0.3990384615384617 0.6610576923076923 0.3990384615384617
0 0.5264423076923077 0.46153846153846156 0.4855769230769231 0.46153846153846156 0.4855769230769231 0.5072115384615384 0.5264423076923077 0.5072115384615384
0 0.5841346153846155 0.6153846153846154 0.5504807692307694 0.6153846153846154 0.5504807692307694 0.6514423076923077 0.5841346153846155 0.6514423076923077
0 0.5745192307692307 0.40625000000000006 0.5408653846153846 0.40625 0.5408653846153846 0.4423076923076924 0.5745192307692307 0.44230769230769246
0 0.5649038461538461 0.3052884615384616 0.53125 0.3052884615384616 0.53125 0.3461538461538462 0.5649038461538461 0.3461538461538463
0 0.5889423076923077 0.4591346153846155 0.5504807692307693 0.45913461538461536 0.5504807692307693 0.5000000000000001 0.5889423076923077 0.5000000000000001
0 0.6033653846153848 0.5673076923076924 0.5793269230769232 0.5673076923076924 0.5793269230769232 0.5937500000000001 0.6033653846153848 0.5937500000000001
0 0.4639423076923078 0.6466346153846154 0.4375000000000001 0.6466346153846154 0.4375000000000001 0.6850961538461539 0.4639423076923078 0.6850961538461539
0 0.4807692307692308 0.24278846153846162 0.4326923076923077 0.24278846153846162 0.4326923076923077 0.2908653846153847 0.4807692307692308 0.2908653846153847
0 0.5168269230769231 0.36538461538461536 0.4879807692307692 0.36538461538461536 0.4879807692307692 0.3942307692307692 0.5168269230769231 0.3942307692307692
0 0.5432692307692307 0.38221153846153844 0.5144230769230769 0.38221153846153844 0.5144230769230769 0.4182692307692308 0.5432692307692307 0.4182692307692308
0 0.5360576923076923 0.29807692307692313 0.5024038461538461 0.29807692307692313 0.5024038461538461 0.3293269230769231 0.5360576923076923 0.3293269230769231
0 0.53125 0.40625 0.5 0.40625 0.5 0.4423076923076923 0.53125 0.4423076923076923
0 0.5985576923076923 0.45192307692307704 0.5745192307692307 0.45192307692307704 0.5745192307692307 0.4807692307692309 0.5985576923076923 0.4807692307692309
0 0.6057692307692307 0.40384615384615397 0.5817307692307693 0.40384615384615397 0.5817307692307693 0.43509615384615397 0.6057692307692307 0.43509615384615397
0 0.6634615384615384 0.4182692307692309 0.6346153846153846 0.4182692307692309 0.6346153846153846 0.45432692307692324 0.6634615384615384 0.45432692307692324
0 0.6466346153846154 0.42788461538461553 0.6153846153846154 0.42788461538461553 0.6153846153846154 0.4567307692307694 0.6466346153846154 0.4567307692307694
0 0.6225961538461539 0.4807692307692309 0.5865384615384616 0.4807692307692309 0.5865384615384616 0.5144230769230771 0.6225961538461539 0.5144230769230771
0 0.6225961538461539 0.46634615384615397 0.5961538461538461 0.46634615384615397 0.5961538461538461 0.49759615384615397 0.6225961538461539 0.49759615384615397
0 0.6682692307692307 0.46634615384615397 0.6322115384615384 0.46634615384615397 0.6322115384615384 0.49759615384615397 0.6682692307692307 0.49759615384615397
0 0.5841346153846154 0.5216346153846154 0.5576923076923077 0.5216346153846154 0.5576923076923077 0.5576923076923077 0.5841346153846154 0.5576923076923078
0 0.6009615384615385 0.6610576923076923 0.5552884615384617 0.6610576923076923 0.5552884615384617 0.7043269230769231 0.6009615384615385 0.7043269230769231
0 0.6201923076923077 0.6826923076923077 0.5889423076923078 0.6826923076923077 0.5889423076923078 0.7139423076923077 0.6201923076923077 0.7139423076923077
0 0.5456730769230771 0.6802884615384616 0.5096153846153848 0.6802884615384616 0.5096153846153848 0.7211538461538461 0.5456730769230771 0.7211538461538461
0 0.375 0.45913461538461536 0.33653846153846156 0.45913461538461536 0.33653846153846156 0.5 0.375 0.5
0 0.5697115384615385 0.7091346153846154 0.543269230769231 0.7091346153846154 0.543269230769231 0.7403846153846154 0.5697115384615385 0.7403846153846154
0 0.5889423076923078 0.8413461538461539 0.543269230769231 0.8413461538461539 0.543269230769231 0.8870192307692307 0.5889423076923078 0.8870192307692307
0 0.6201923076923077 0.8389423076923077 0.5817307692307694 0.8389423076923077 0.5817307692307694 0.8822115384615384 0.6201923076923077 0.8822115384615384
0 0.4807692307692309 0.9206730769230769 0.4447115384615386 0.9206730769230769 0.4447115384615386 0.96875 0.4807692307692309 0.96875
0 0.4567307692307694 0.9326923076923077 0.3990384615384617 0.9326923076923077 0.3990384615384617 0.9927884615384616 0.4567307692307694 0.9927884615384616
0 0.4375000000000001 0.7427884615384616 0.3942307692307694 0.7427884615384616 0.3942307692307694 0.7884615384615384 0.4375000000000001 0.7884615384615384
0 0.4807692307692309 0.8293269230769231 0.4326923076923078 0.8293269230769231 0.4326923076923078 0.8774038461538461 0.4807692307692309 0.8774038461538461
0 0.49038461538461553 0.8581730769230769 0.4639423076923078 0.8581730769230769 0.4639423076923078 0.8942307692307693 0.49038461538461553 0.8942307692307693
0 0.43028846153846156 0.5120192307692307 0.3942307692307692 0.5120192307692307 0.3942307692307692 0.5576923076923077 0.43028846153846156 0.5576923076923077
0 0.47355769230769246 0.6177884615384616 0.4447115384615386 0.6177884615384616 0.4447115384615386 0.65625 0.47355769230769246 0.65625
0 0.3990384615384617 0.5673076923076923 0.3461538461538463 0.5673076923076923 0.3461538461538463 0.6105769230769231 0.3990384615384617 0.6105769230769231
0 0.25000000000000006 0.5673076923076923 0.1971153846153847 0.5673076923076923 0.1971153846153847 0.6201923076923077 0.25000000000000006 0.6201923076923077
0 0.264423076923077 0.5192307692307693 0.20913461538461545 0.5192307692307693 0.20913461538461545 0.5817307692307693 0.264423076923077 0.5817307692307693
0 0.2692307692307693 0.7067307692307693 0.22115384615384623 0.7067307692307693 0.22115384615384623 0.7596153846153846 0.2692307692307693 0.7596153846153846
0 0.3245192307692309 0.7163461538461539 0.2836538461538462 0.7163461538461539 0.2836538461538462 0.7572115384615384 0.3245192307692309 0.7572115384615384
0 0.3052884615384617 0.8725961538461539 0.26682692307692324 0.8725961538461539 0.26682692307692324 0.9134615384615384 0.3052884615384617 0.9134615384615384
0 0.32211538461538475 0.8629807692307693 0.2812500000000001 0.8629807692307693 0.2812500000000001 0.9014423076923077 0.32211538461538475 0.9014423076923077
0 0.5625000000000001 0.8365384615384616 0.5312500000000001 0.8365384615384616 0.5312500000000001 0.8677884615384616 0.5625000000000001 0.8677884615384616
0 0.5745192307692307 0.4903846153846155 0.5168269230769231 0.49038461538461536 0.5168269230769231 0.5408653846153847 0.5745192307692307 0.5408653846153848
0 0.6442307692307693 0.4567307692307694 0.6081730769230769 0.4567307692307694 0.6081730769230769 0.49038461538461553 0.6442307692307693 0.49038461538461553
0 0.6538461538461539 0.4495192307692309 0.6274038461538461 0.4495192307692309 0.6274038461538461 0.47836538461538475 0.6538461538461539 0.47836538461538475