0 0.14423076923076927 0.34615384615384615 0.06730769230769235 0.34615384615384615 0.06730769230769235 0.44471153846153844 0.1442307692307693 0.44471153846153844
0 0.37259615384615385 0.28125000000000006 0.3052884615384616 0.28125000000000006 0.3052884615384616 0.36538461538461536 0.37259615384615385 0.36538461538461536
0 0.7644230769230769 0.019230769230769315 0.6586538461538461 0.019230769230769308 0.6586538461538461 0.14663461538461547 0.7644230769230769 0.14663461538461547
0 0.3413461538461539 0.5024038461538461 0.2692307692307693 0.5024038461538461 0.2692307692307693 0.5865384615384616 0.34134615384615397 0.5865384615384616
0 0.46634615384615385 0.4423076923076923 0.3870192307692308 0.4423076923076923 0.3870192307692308 0.5456730769230769 0.46634615384615385 0.5456730769230769
0 0.31009615384615397 0.9158653846153846 0.23317307692307707 0.9158653846153846 0.23317307692307707 0.9951923076923077 0.31009615384615397 0.9951923076923077
0 0.8004807692307693 0.5793269230769232 0.7379807692307693 0.5793269230769232 0.7379807692307693 0.6466346153846154 0.8004807692307693 0.6466346153846154
0 0.3245192307692309 0.6514423076923077 0.24278846153846162 0.6514423076923077 0.24278846153846162 0.7596153846153846 0.3245192307692309 0.7596153846153846
0 0.8942307692307693 0.012019230769230874 0.7860576923076923 0.012019230769230867 0.7860576923076923 0.14182692307692318 0.8942307692307693 0.14182692307692318
0 0.3990384615384617 0.7235576923076923 0.3076923076923078 0.7235576923076923 0.3076923076923078 0.8341346153846154 0.3990384615384617 0.8341346153846154
0 0.8076923076923077 0.41586538461538475 0.7283653846153846 0.41586538461538475 0.7283653846153846 0.48557692307692324 0.8076923076923077 0.48557692307692324
0 0.53125 0.37259615384615385 0.4375 0.37259615384615385 0.4375 0.4807692307692308 0.53125 0.4807692307692308
0 0.7620192307692307 0.25721153846153855 0.6418269230769231 0.25721153846153855 0.6418269230769231 0.3942307692307694 0.7620192307692307 0.3942307692307694
0 0.45432692307692324 0.6442307692307693 0.3750000000000001 0.6442307692307693 0.3750000000000001 0.7427884615384616 0.45432692307692324 0.7427884615384616
0 0.5841346153846154 0.2067307692307693 0.47596153846153844 0.2067307692307693 0.47596153846153844 0.3341346153846155 0.5841346153846154 0.33413461538461553
0 0.5192307692307693 0.5384615384615384 0.44711538461538464 0.5384615384615384 0.4471153846153847 0.6274038461538461 0.5192307692307694 0.6274038461538461
0 0.65625 0.8581730769230769 0.5408653846153848 0.8581730769230769 0.5408653846153848 0.9831730769230769 0.65625 0.9831730769230769
0 0.8677884615384616 0.3557692307692309 0.8028846153846154 0.3557692307692309 0.8028846153846154 0.4326923076923078 0.8677884615384616 0.4326923076923078
0 0.6033653846153848 0.78125 0.5576923076923078 0.78125 0.5576923076923078 0.8413461538461539 0.6033653846153848 0.8413461538461539
0 0.9615384615384616 0.6826923076923077 0.90625 0.6826923076923077 0.90625 0.7355769230769231 0.9615384615384616 0.7355769230769231
0 0.8677884615384616 0.7067307692307693 0.8004807692307693 0.7067307692307693 0.8004807692307693 0.7716346153846154 0.8677884615384616 0.7716346153846154
0 0.8557692307692307 0.13461538461538472 0.7620192307692307 0.13461538461538472 0.7620192307692307 0.25240384615384626 0.8557692307692307 0.2524038461538463
0 0.9447115384615384 0.24038461538461547 0.8245192307692307 0.24038461538461545 0.8245192307692307 0.36057692307692324 0.9447115384615384 0.36057692307692324
0 0.5673076923076923 0.45432692307692313 0.49278846153846156 0.4543269230769231 0.49278846153846156 0.545673076923077 0.5673076923076923 0.5456730769230771
0 0.8942307692307693 0.5552884615384617 0.8028846153846154 0.5552884615384617 0.8028846153846154 0.6586538461538461 0.8942307692307693 0.6586538461538461
0 0.9975961538461539 0.5937500000000001 0.9254807692307693 0.5937500000000001 0.9254807692307693 0.6971153846153846 0.9975961538461539 0.6971153846153846
0 0.8245192307692307 0.8389423076923077 0.7620192307692307 0.8389423076923077 0.7620192307692307 0.9134615384615384 0.8245192307692307 0.9134615384615384
0 0.8413461538461539 0.7572115384615384 0.7379807692307693 0.7572115384615384 0.7379807692307693 0.8798076923076923 0.8413461538461539 0.8798076923076923
0 0.37980769230769246 0.7764423076923077 0.2836538461538462 0.7764423076923077 0.28365384615384626 0.8990384615384616 0.37980769230769246 0.8990384615384616
0 0.42307692307692324 0.8197115384615384 0.34855769230769246 0.8197115384615384 0.34855769230769246 0.9086538461538461 0.42307692307692324 0.9086538461538461
0 0.43509615384615397 0.8942307692307693 0.37259615384615397 0.8942307692307693 0.37259615384615397 0.96875 0.43509615384615397 0.96875
0 0.45192307692307704 0.8798076923076923 0.40384615384615397 0.8798076923076923 0.40384615384615397 0.9230769230769231 0.45192307692307704 0.9230769230769231
0 0.574519230769231 0.6394230769230769 0.4951923076923078 0.6394230769230769 0.4951923076923078 0.71875 0.574519230769231 0.71875
0 0.5504807692307694 0.5865384615384616 0.4759615384615386 0.5865384615384616 0.4759615384615386 0.6754807692307693 0.5504807692307694 0.6754807692307693
0 0.6177884615384616 0.560096153846154 0.5072115384615385 0.5600961538461539 0.5072115384615385 0.6899038461538461 0.6177884615384616 0.6899038461538461
0 0.6033653846153846 0.26682692307692313 0.5 0.26682692307692313 0.5 0.4086538461538462 0.6033653846153846 0.4086538461538463
0 0.5841346153846154 0.3317307692307693 0.5048076923076923 0.3317307692307692 0.5048076923076923 0.4302884615384616 0.5841346153846154 0.4302884615384617
0 0.6322115384615384 0.43509615384615397 0.5625 0.43509615384615397 0.5625 0.5168269230769232 0.6322115384615384 0.5168269230769232
0 0.6658653846153846 0.4399038461538463 0.6105769230769231 0.4399038461538463 0.6105769230769231 0.5048076923076924 0.6658653846153846 0.5048076923076924
0 0.6706730769230769 0.37019230769230776 0.5552884615384616 0.3701923076923077 0.5552884615384616 0.5168269230769231 0.6706730769230769 0.5168269230769232
0 0.7115384615384616 0.4326923076923078 0.6153846153846154 0.4326923076923078 0.6153846153846154 0.5625000000000001 0.7115384615384616 0.5625000000000001
0 0.6802884615384616 0.6610576923076923 0.6346153846153846 0.6610576923076923 0.6346153846153846 0.7115384615384616 0.6802884615384616 0.7115384615384616
0 0.71875 0.5769230769230771 0.6634615384615384 0.5769230769230771 0.6634615384615384 0.6322115384615384 0.71875 0.6322115384615384
0 0.6923076923076923 0.605769230769231 0.6370192307692307 0.605769230769231 0.6370192307692307 0.6706730769230769 0.6923076923076923 0.6706730769230769
0 0.7427884615384616 0.6418269230769231 0.6971153846153846 0.6418269230769231 0.6971153846153846 0.6971153846153846 0.7427884615384616 0.6971153846153846
0 0.7451923076923077 0.6778846153846154 0.6778846153846154 0.6778846153846154 0.6778846153846154 0.7524038461538461 0.7451923076923077 0.7524038461538461
0 0.7091346153846154 0.6947115384615384 0.6298076923076923 0.6947115384615384 0.6298076923076923 0.7932692307692307 0.7091346153846154 0.7932692307692307
0 0.6947115384615384 0.7235576923076923 0.625 0.7235576923076923 0.625 0.8221153846153846 0.6947115384615384 0.8221153846153846
0 0.8653846153846154 0.18990384615384626 0.8028846153846154 0.18990384615384623 0.8028846153846154 0.2668269230769232 0.8653846153846154 0.26682692307692324
0 0.9423076923076923 0.4086538461538463 0.8317307692307693 0.4086538461538463 0.8317307692307693 0.5240384615384617 0.9423076923076923 0.5240384615384617
0 0.9615384615384616 0.4759615384615386 0.8653846153846154 0.4759615384615386 0.8653846153846154 0.574519230769231 0.9615384615384616 0.574519230769231
0 0.9375 0.5408653846153848 0.8317307692307693 0.5408653846153848 0.8317307692307693 0.65625 0.9375 0.65625
0 0.9975961538461539 0.5985576923076924 0.9519230769230769 0.5985576923076924 0.9519230769230769 0.7019230769230769 0.9975961538461539 0.7019230769230769
0 0.9350961538461539 0.7235576923076923 0.8197115384615384 0.7235576923076923 0.8197115384615384 0.8413461538461539 0.9350961538461539 0.8413461538461539
0 0.9014423076923077 0.7475961538461539 0.8485576923076923 0.7475961538461539 0.8485576923076923 0.8004807692307693 0.9014423076923077 0.8004807692307693