0 0.13942307692307698 0.3557692307692308 0.06971153846153852 0.3557692307692308 0.06971153846153852 0.4495192307692308 0.13942307692307698 0.4495192307692308
0 0.36538461538461536 0.2860576923076924 0.3052884615384616 0.2860576923076924 0.3052884615384616 0.36538461538461536 0.36538461538461536 0.36538461538461536
0 0.7524038461538461 0.019230769230769315 0.65625 0.019230769230769308 0.65625 0.13701923076923087 0.7524038461538461 0.13701923076923087
0 0.33894230769230776 0.5072115384615384 0.2716346153846155 0.5072115384615384 0.2716346153846155 0.5889423076923077 0.3389423076923078 0.5889423076923077
0 0.46153846153846156 0.44471153846153844 0.3918269230769231 0.44471153846153844 0.3918269230769231 0.5432692307692307 0.46153846153846156 0.5432692307692307
0 0.3149038461538463 0.9206730769230769 0.24519230769230782 0.9206730769230769 0.24519230769230782 1 0.3149038461538463 1
0 0.8004807692307693 0.5769230769230771 0.7379807692307693 0.5769230769230771 0.7379807692307693 0.6394230769230769 0.8004807692307693 0.6394230769230769
0 0.3245192307692309 0.65625 0.2524038461538462 0.65625 0.2524038461538462 0.7620192307692307 0.3245192307692309 0.7620192307692307
0 0.8774038461538461 0.009615384615384718 0.7884615384615384 0.009615384615384713 0.7884615384615384 0.1298076923076924 0.8774038461538461 0.1298076923076924
0 0.39663461538461553 0.7283653846153846 0.32211538461538475 0.7283653846153846 0.32211538461538475 0.8293269230769231 0.39663461538461553 0.8293269230769231
0 0.8028846153846154 0.4134615384615386 0.7307692307692307 0.4134615384615386 0.7307692307692307 0.4759615384615386 0.8028846153846154 0.4759615384615386
0 0.5240384615384616 0.37259615384615385 0.4423076923076923 0.37259615384615385 0.4423076923076923 0.47596153846153844 0.5240384615384616 0.47596153846153844
0 0.7475961538461539 0.26201923076923084 0.6466346153846154 0.26201923076923084 0.6466346153846154 0.3822115384615386 0.7475961538461539 0.3822115384615386
0 0.45192307692307704 0.6466346153846154 0.38461538461538475 0.6466346153846154 0.38461538461538475 0.7403846153846154 0.45192307692307704 0.7403846153846154
0 0.5697115384615384 0.21153846153846162 0.4807692307692308 0.21153846153846162 0.4807692307692308 0.326923076923077 0.5697115384615384 0.32692307692307704
0 0.514423076923077 0.5432692307692307 0.4495192307692308 0.5432692307692307 0.44951923076923084 0.6225961538461539 0.5144230769230771 0.6225961538461539
0 0.65625 0.8629807692307693 0.5528846153846155 0.8629807692307693 0.5528846153846155 0.9759615384615384 0.65625 0.9759615384615384
0 0.8629807692307693 0.3557692307692309 0.8052884615384616 0.3557692307692309 0.8052884615384616 0.42307692307692324 0.8629807692307693 0.42307692307692324
0 0.605769230769231 0.7836538461538461 0.5649038461538463 0.7836538461538461 0.5649038461538463 0.8389423076923077 0.605769230769231 0.8389423076923077
0 0.9639423076923077 0.6778846153846154 0.9134615384615384 0.6778846153846154 0.9134615384615384 0.7259615384615384 0.9639423076923077 0.7259615384615384
0 0.8701923076923077 0.7067307692307693 0.8100961538461539 0.7067307692307693 0.8100961538461539 0.7620192307692307 0.8701923076923077 0.7620192307692307
0 0.8461538461538461 0.13221153846153857 0.7620192307692307 0.13221153846153857 0.7620192307692307 0.24278846153846165 0.8461538461538461 0.24278846153846168
0 0.9350961538461539 0.23557692307692318 0.8269230769230769 0.23557692307692316 0.8269230769230769 0.34855769230769246 0.9350961538461539 0.34855769230769246
0 0.5649038461538461 0.4567307692307693 0.49759615384615385 0.4567307692307692 0.49759615384615385 0.5408653846153847 0.5649038461538461 0.5408653846153848
0 0.8942307692307693 0.5504807692307694 0.8076923076923077 0.5504807692307694 0.8076923076923077 0.6514423076923077 0.8942307692307693 0.6514423076923077
0 1 0.5889423076923078 0.9302884615384616 0.5889423076923078 0.9302884615384616 0.6875 1 0.6875
0 0.8293269230769231 0.8341346153846154 0.7716346153846154 0.8341346153846154 0.7716346153846154 0.9038461538461539 0.8293269230769231 0.9038461538461539
0 0.8389423076923077 0.7548076923076923 0.7524038461538461 0.7548076923076923 0.7524038461538461 0.8677884615384616 0.8389423076923077 0.8677884615384616
0 0.37980769230769246 0.78125 0.295673076923077 0.78125 0.29567307692307704 0.8966346153846154 0.37980769230769246 0.8966346153846154
0 0.4254807692307694 0.8245192307692307 0.35817307692307704 0.8245192307692307 0.35817307692307704 0.9086538461538461 0.4254807692307694 0.9086538461538461
0 0.44230769230769246 0.8966346153846154 0.38461538461538475 0.8966346153846154 0.38461538461538475 0.9663461538461539 0.44230769230769246 0.9663461538461539
0 0.45432692307692324 0.8870192307692307 0.4134615384615386 0.8870192307692307 0.4134615384615386 0.9230769230769231 0.45432692307692324 0.9230769230769231
0 0.574519230769231 0.6418269230769231 0.5000000000000001 0.6418269230769231 0.5000000000000001 0.7139423076923077 0.574519230769231 0.7139423076923077
0 0.5504807692307694 0.5865384615384616 0.4807692307692309 0.5865384615384616 0.4807692307692309 0.6706730769230769 0.5504807692307694 0.6706730769230769
0 0.6129807692307694 0.5625000000000001 0.5144230769230771 0.5625 0.5144230769230771 0.6802884615384616 0.6129807692307694 0.6802884615384616
0 0.5961538461538461 0.2692307692307693 0.5024038461538461 0.2692307692307693 0.5024038461538461 0.4038461538461539 0.5961538461538461 0.40384615384615397
0 0.5721153846153846 0.3365384615384616 0.5048076923076923 0.33653846153846156 0.5048076923076923 0.42307692307692313 0.5721153846153846 0.42307692307692324
0 0.6274038461538461 0.4375000000000001 0.5673076923076923 0.4375000000000001 0.5673076923076923 0.512019230769231 0.6274038461538461 0.512019230769231
0 0.6610576923076923 0.4447115384615386 0.6129807692307693 0.4447115384615386 0.6129807692307693 0.5000000000000001 0.6610576923076923 0.5000000000000001
0 0.6610576923076923 0.3750000000000001 0.5625 0.3750000000000001 0.5625 0.5096153846153848 0.6610576923076923 0.5096153846153848
0 0.7043269230769231 0.4302884615384617 0.6225961538461539 0.4302884615384617 0.6225961538461539 0.5552884615384617 0.7043269230769231 0.5552884615384617
0 0.6826923076923077 0.6610576923076923 0.6394230769230769 0.6610576923076923 0.6394230769230769 0.7091346153846154 0.6826923076923077 0.7091346153846154
0 0.71875 0.574519230769231 0.6682692307692307 0.574519230769231 0.6682692307692307 0.6274038461538461 0.71875 0.6274038461538461
0 0.6899038461538461 0.605769230769231 0.6394230769230769 0.605769230769231 0.6394230769230769 0.6682692307692307 0.6899038461538461 0.6682692307692307
0 0.7427884615384616 0.6394230769230769 0.6995192307692307 0.6394230769230769 0.6995192307692307 0.6923076923076923 0.7427884615384616 0.6923076923076923
0 0.7427884615384616 0.6778846153846154 0.6850961538461539 0.6778846153846154 0.6850961538461539 0.7451923076923077 0.7427884615384616 0.7451923076923077
0 0.7091346153846154 0.6947115384615384 0.6346153846153846 0.6947115384615384 0.6346153846153846 0.7860576923076923 0.7091346153846154 0.7860576923076923
0 0.6923076923076923 0.7283653846153846 0.6346153846153846 0.7283653846153846 0.6346153846153846 0.8173076923076923 0.6923076923076923 0.8173076923076923
0 0.8557692307692307 0.1875000000000001 0.8028846153846154 0.18750000000000006 0.8028846153846154 0.25721153846153855 0.8557692307692307 0.2572115384615386
0 0.9350961538461539 0.41105769230769246 0.8389423076923077 0.41105769230769246 0.8389423076923077 0.512019230769231 0.9350961538461539 0.512019230769231
0 0.9567307692307693 0.47355769230769246 0.8677884615384616 0.47355769230769246 0.8677884615384616 0.5625000000000001 0.9567307692307693 0.5625000000000001
0 0.9375 0.5336538461538463 0.8341346153846154 0.5336538461538463 0.8341346153846154 0.6466346153846154 0.9375 0.6466346153846154
0 1 0.5961538461538463 0.9639423076923077 0.5961538461538463 0.9639423076923077 0.6923076923076923 1 0.6923076923076923
0 0.9326923076923077 0.7235576923076923 0.8317307692307693 0.7235576923076923 0.8317307692307693 0.8293269230769231 0.9326923076923077 0.8293269230769231
0 0.9038461538461539 0.7451923076923077 0.8581730769230769 0.7451923076923077 0.8581730769230769 0.7908653846153846 0.9038461538461539 0.7908653846153846