0 0.13942307692307698 0.40384615384615385 0.04807692307692313 0.40384615384615385 0.048076923076923135 0.5144230769230769 0.13942307692307698 0.5144230769230769
0 0.35336538461538464 0.3028846153846154 0.2740384615384616 0.30288461538461536 0.2740384615384616 0.39663461538461536 0.35336538461538464 0.39663461538461536
0 0.7043269230769231 7.874832182017236e-17 0.5817307692307693 7.124147245039892e-17 0.5817307692307693 0.12259615384615394 0.7043269230769231 0.12259615384615395
0 0.35576923076923084 0.5264423076923077 0.2716346153846155 0.5264423076923077 0.2716346153846155 0.6225961538461539 0.3557692307692309 0.6225961538461539
0 0.4735576923076924 0.44711538461538464 0.37740384615384615 0.44711538461538464 0.3774038461538462 0.5625 0.47355769230769246 0.5625
0 0.3870192307692309 0.9399038461538461 0.3004807692307694 0.9399038461538461 0.3004807692307694 1 0.3870192307692309 1
0 0.8197115384615384 0.5312500000000001 0.7427884615384616 0.5312500000000001 0.7427884615384616 0.6081730769230771 0.8197115384615384 0.6081730769230771
0 0.3629807692307694 0.6802884615384616 0.27644230769230776 0.6802884615384616 0.27644230769230776 0.7956730769230769 0.3629807692307694 0.7956730769230769
0 0.8221153846153846 9.405640680951425e-17 0.7139423076923077 8.743271618912594e-17 0.7139423076923077 0.0937500000000001 0.8221153846153846 0.0937500000000001
0 0.4495192307692309 0.7379807692307693 0.3509615384615386 0.7379807692307693 0.3509615384615386 0.8533653846153846 0.4495192307692309 0.8533653846153846
0 0.8004807692307693 0.3701923076923078 0.7139423076923077 0.3701923076923078 0.7139423076923077 0.44711538461538475 0.8004807692307693 0.44711538461538475
0 0.5240384615384616 0.36778846153846156 0.4230769230769231 0.36778846153846156 0.4230769230769231 0.4855769230769231 0.5240384615384616 0.4855769230769231
0 0.7331730769230769 0.2283653846153847 0.6105769230769231 0.2283653846153847 0.6105769230769231 0.3677884615384617 0.7331730769230769 0.3677884615384617
0 0.4927884615384617 0.6490384615384616 0.3990384615384617 0.6490384615384616 0.3990384615384617 0.7596153846153846 0.4927884615384617 0.7596153846153846
0 0.5528846153846154 0.19951923076923084 0.43509615384615385 0.19951923076923084 0.43509615384615385 0.33653846153846156 0.5528846153846154 0.33653846153846156
0 0.5360576923076924 0.5360576923076923 0.4519230769230769 0.5360576923076923 0.451923076923077 0.6298076923076923 0.5360576923076924 0.6298076923076923
0 0.7259615384615384 0.8341346153846154 0.6009615384615385 0.8341346153846154 0.6009615384615385 0.96875 0.7259615384615384 0.96875
0 0.8509615384615384 0.3028846153846155 0.7788461538461539 0.3028846153846155 0.7788461538461539 0.3822115384615386 0.8509615384615384 0.3822115384615386
0 0.6538461538461539 0.7668269230769231 0.6033653846153848 0.7668269230769231 0.6033653846153848 0.8269230769230769 0.6538461538461539 0.8269230769230769
0 0.9951923076923077 0.6081730769230771 0.9326923076923077 0.6081730769230771 0.9326923076923077 0.6682692307692307 0.9951923076923077 0.6682692307692307
0 0.90625 0.6514423076923077 0.8341346153846154 0.6514423076923077 0.8341346153846154 0.7211538461538461 0.90625 0.7211538461538461
0 0.8076923076923077 0.08653846153846165 0.7067307692307693 0.08653846153846165 0.7067307692307693 0.21153846153846162 0.8076923076923077 0.21153846153846162
0 0.9134615384615384 0.17548076923076933 0.7836538461538461 0.1754807692307693 0.7836538461538461 0.31009615384615397 0.9134615384615384 0.31009615384615397
0 0.5745192307692307 0.4471153846153847 0.49038461538461536 0.44711538461538464 0.49038461538461536 0.5432692307692308 0.5745192307692307 0.543269230769231
0 0.9158653846153846 0.4927884615384617 0.8100961538461539 0.4927884615384617 0.8100961538461539 0.6081730769230771 0.9158653846153846 0.6081730769230771
0 1 0.5144230769230771 0.9326923076923077 0.5144230769230771 0.9326923076923077 0.6274038461538461 1 0.6274038461538461
0 0.8870192307692307 0.78125 0.8125 0.78125 0.8125 0.8653846153846154 0.8870192307692307 0.8653846153846154
0 0.8870192307692307 0.7043269230769231 0.7860576923076923 0.7043269230769231 0.7860576923076923 0.8293269230769231 0.8870192307692307 0.8293269230769231
0 0.4399038461538463 0.7932692307692307 0.33413461538461553 0.7932692307692307 0.33413461538461553 0.9254807692307693 0.4399038461538463 0.9254807692307693
0 0.48557692307692324 0.8293269230769231 0.4014423076923078 0.8293269230769231 0.4014423076923078 0.9254807692307693 0.48557692307692324 0.9254807692307693
0 0.5072115384615385 0.9014423076923077 0.4399038461538463 0.9014423076923077 0.4399038461538463 0.9783653846153846 0.5072115384615385 0.9783653846153846
0 0.5168269230769232 0.8870192307692307 0.46634615384615397 0.8870192307692307 0.46634615384615397 0.9326923076923077 0.5168269230769232 0.9326923076923077
0 0.605769230769231 0.6274038461538461 0.5168269230769232 0.6274038461538461 0.5168269230769232 0.7139423076923077 0.605769230769231 0.7139423076923077
0 0.5769230769230771 0.576923076923077 0.49038461538461553 0.5769230769230769 0.49038461538461553 0.6754807692307693 0.5769230769230771 0.6754807692307693
0 0.6442307692307693 0.5408653846153847 0.5168269230769231 0.5408653846153846 0.5168269230769231 0.6826923076923077 0.6442307692307693 0.6826923076923077
0 0.5841346153846154 0.25721153846153855 0.46875 0.25721153846153855 0.46875 0.40625000000000006 0.5841346153846154 0.4062500000000001
0 0.5649038461538461 0.326923076923077 0.47836538461538464 0.3269230769230769 0.47836538461538464 0.4278846153846155 0.5649038461538461 0.42788461538461553
0 0.6322115384615384 0.4158653846153847 0.5552884615384616 0.41586538461538464 0.5552884615384616 0.5048076923076924 0.6322115384615384 0.5048076923076924
0 0.6634615384615384 0.42067307692307704 0.6033653846153846 0.42067307692307704 0.6033653846153846 0.4879807692307694 0.6634615384615384 0.4879807692307694
0 0.6658653846153846 0.35096153846153855 0.5408653846153846 0.35096153846153844 0.5408653846153846 0.5048076923076924 0.6658653846153846 0.5048076923076924
0 0.7139423076923077 0.3990384615384617 0.6081730769230769 0.3990384615384617 0.6081730769230769 0.5408653846153848 0.7139423076923077 0.5408653846153848
0 0.7091346153846154 0.6346153846153846 0.6586538461538461 0.6346153846153846 0.6586538461538461 0.6875 0.7091346153846154 0.6875
0 0.7355769230769231 0.543269230769231 0.6754807692307693 0.543269230769231 0.6754807692307693 0.6033653846153848 0.7355769230769231 0.6033653846153848
0 0.7115384615384616 0.5769230769230771 0.6538461538461539 0.5769230769230771 0.6538461538461539 0.6466346153846154 0.7115384615384616 0.6466346153846154
0 0.7668269230769231 0.605769230769231 0.7163461538461539 0.605769230769231 0.7163461538461539 0.6634615384615384 0.7668269230769231 0.6634615384615384
0 0.7788461538461539 0.6418269230769231 0.7067307692307693 0.6418269230769231 0.7067307692307693 0.7211538461538461 0.7788461538461539 0.7211538461538461
0 0.7475961538461539 0.6634615384615384 0.6586538461538461 0.6634615384615384 0.6586538461538461 0.7668269230769231 0.7475961538461539 0.7668269230769231
0 0.7379807692307693 0.6971153846153846 0.6610576923076923 0.6971153846153846 0.6610576923076923 0.7980769230769231 0.7379807692307693 0.7980769230769231
0 0.8221153846153846 0.13942307692307704 0.7524038461538461 0.13942307692307704 0.7524038461538461 0.21875000000000006 0.8221153846153846 0.21875000000000006
0 0.9350961538461539 0.34855769230769246 0.8197115384615384 0.34855769230769246 0.8197115384615384 0.46634615384615397 0.9350961538461539 0.46634615384615397
0 0.9663461538461539 0.40384615384615397 0.8581730769230769 0.40384615384615397 0.8581730769230769 0.5144230769230771 0.9663461538461539 0.5144230769230771
0 0.9543269230769231 0.4711538461538463 0.8341346153846154 0.4711538461538463 0.8341346153846154 0.6009615384615385 0.9543269230769231 0.6009615384615385
0 1 0.5240384615384617 0.9735576923076923 0.5240384615384617 0.9735576923076923 0.625 1 0.625
0 0.9735576923076923 0.6634615384615384 0.8581730769230769 0.6634615384615384 0.8581730769230769 0.78125 0.9735576923076923 0.78125
0 0.9423076923076923 0.6850961538461539 0.8894230769230769 0.6850961538461539 0.8894230769230769 0.7379807692307693 0.9423076923076923 0.7379807692307693