0 0.1370192307692308 0.3605769230769231 0.0649038461538462 0.3605769230769231 0.0649038461538462 0.4567307692307692 0.13701923076923084 0.4567307692307692
0 0.3629807692307692 0.2908653846153847 0.3004807692307693 0.2908653846153847 0.3004807692307693 0.3701923076923077 0.3629807692307692 0.3701923076923077
0 0.7475961538461539 0.014423076923077009 0.6490384615384616 0.014423076923077004 0.6490384615384616 0.1346153846153847 0.7475961538461539 0.13461538461538472
0 0.3413461538461539 0.5120192307692307 0.2716346153846155 0.5120192307692307 0.2716346153846155 0.59375 0.34134615384615397 0.59375
0 0.46153846153846156 0.44711538461538464 0.3894230769230769 0.44711538461538464 0.3894230769230769 0.5456730769230769 0.46153846153846156 0.5456730769230769
0 0.32211538461538475 0.9254807692307693 0.25480769230769246 0.9254807692307693 0.25480769230769246 1 0.32211538461538475 1
0 0.8028846153846154 0.5697115384615385 0.7427884615384616 0.5697115384615385 0.7427884615384616 0.6346153846153846 0.8028846153846154 0.6346153846153846
0 0.32692307692307704 0.6610576923076923 0.2548076923076924 0.6610576923076923 0.2548076923076924 0.7644230769230769 0.32692307692307704 0.7644230769230769
0 0.8701923076923077 0.0048076923076924094 0.7788461538461539 0.004807692307692403 0.7788461538461539 0.1250000000000001 0.8701923076923077 0.1250000000000001
0 0.4014423076923078 0.7331730769230769 0.3245192307692309 0.7331730769230769 0.3245192307692309 0.8341346153846154 0.4014423076923078 0.8341346153846154
0 0.8028846153846154 0.4086538461538463 0.7283653846153846 0.4086538461538463 0.7283653846153846 0.47355769230769246 0.8028846153846154 0.47355769230769246
0 0.5240384615384616 0.375 0.43990384615384615 0.375 0.43990384615384615 0.47836538461538464 0.5240384615384616 0.47836538461538464
0 0.7451923076923077 0.25721153846153855 0.6442307692307693 0.25721153846153855 0.6442307692307693 0.37980769230769246 0.7451923076923077 0.37980769230769246
0 0.4567307692307694 0.6490384615384616 0.3870192307692309 0.6490384615384616 0.3870192307692309 0.7427884615384616 0.4567307692307694 0.7427884615384616
0 0.5673076923076923 0.20913461538461545 0.47596153846153844 0.20913461538461545 0.47596153846153844 0.326923076923077 0.5673076923076923 0.32692307692307704
0 0.5168269230769231 0.5408653846153846 0.4519230769230769 0.5408653846153846 0.451923076923077 0.6225961538461539 0.5168269230769232 0.6225961538461539
0 0.6634615384615384 0.8581730769230769 0.560096153846154 0.8581730769230769 0.560096153846154 0.9735576923076923 0.6634615384615384 0.9735576923076923
0 0.8605769230769231 0.3461538461538463 0.8028846153846154 0.3461538461538463 0.8028846153846154 0.41586538461538475 0.8605769230769231 0.41586538461538475
0 0.6129807692307694 0.7788461538461539 0.5697115384615385 0.7788461538461539 0.5697115384615385 0.8365384615384616 0.6129807692307694 0.8365384615384616
0 0.9663461538461539 0.6706730769230769 0.9158653846153846 0.6706730769230769 0.9158653846153846 0.71875 0.9663461538461539 0.71875
0 0.8725961538461539 0.6995192307692307 0.8125 0.6995192307692307 0.8125 0.7572115384615384 0.8725961538461539 0.7572115384615384
0 0.8389423076923077 0.12740384615384626 0.7572115384615384 0.12740384615384626 0.7572115384615384 0.23798076923076933 0.8389423076923077 0.23798076923076936
0 0.9326923076923077 0.23076923076923087 0.8221153846153846 0.23076923076923084 0.8221153846153846 0.3437500000000001 0.9326923076923077 0.3437500000000001
0 0.5649038461538461 0.4567307692307693 0.49759615384615385 0.4567307692307692 0.49759615384615385 0.5408653846153847 0.5649038461538461 0.5408653846153848
0 0.8966346153846154 0.543269230769231 0.8076923076923077 0.543269230769231 0.8076923076923077 0.6466346153846154 0.8966346153846154 0.6466346153846154
0 1 0.5817307692307694 0.9326923076923077 0.5817307692307694 0.9326923076923077 0.6802884615384616 1 0.6802884615384616
0 0.8341346153846154 0.8317307692307693 0.7788461538461539 0.8317307692307693 0.7788461538461539 0.9014423076923077 0.8341346153846154 0.9014423076923077
0 0.8461538461538461 0.75 0.7572115384615384 0.75 0.7572115384615384 0.8653846153846154 0.8461538461538461 0.8653846153846154
0 0.3870192307692309 0.7860576923076923 0.3028846153846155 0.7860576923076923 0.3028846153846155 0.9014423076923077 0.3870192307692309 0.9014423076923077
0 0.4326923076923078 0.8269230769230769 0.36538461538461553 0.8269230769230769 0.36538461538461553 0.9110576923076923 0.4326923076923078 0.9110576923076923
0 0.44711538461538475 0.8990384615384616 0.38942307692307704 0.8990384615384616 0.38942307692307704 0.9711538461538461 0.44711538461538475 0.9711538461538461
0 0.4615384615384617 0.8870192307692307 0.42067307692307704 0.8870192307692307 0.42067307692307704 0.9230769230769231 0.4615384615384617 0.9230769230769231
0 0.5793269230769232 0.6418269230769231 0.5048076923076924 0.6418269230769231 0.5048076923076924 0.7139423076923077 0.5793269230769232 0.7139423076923077
0 0.5528846153846155 0.5889423076923077 0.48317307692307704 0.5889423076923077 0.48317307692307704 0.6730769230769231 0.5528846153846155 0.6730769230769231
0 0.6177884615384616 0.5625000000000001 0.5168269230769232 0.5625 0.5168269230769232 0.6826923076923077 0.6177884615384616 0.6826923076923077
0 0.5913461538461539 0.26682692307692313 0.49759615384615385 0.26682692307692313 0.49759615384615385 0.4038461538461539 0.5913461538461539 0.40384615384615397
0 0.5721153846153846 0.3341346153846155 0.5048076923076923 0.33413461538461536 0.5048076923076923 0.42307692307692313 0.5721153846153846 0.42307692307692324
0 0.6274038461538461 0.43509615384615397 0.5649038461538461 0.43509615384615397 0.5649038461538461 0.5096153846153848 0.6274038461538461 0.5096153846153848
0 0.6610576923076923 0.4399038461538463 0.6129807692307693 0.4399038461538463 0.6129807692307693 0.49759615384615397 0.6610576923076923 0.49759615384615397
0 0.6610576923076923 0.37259615384615397 0.5600961538461539 0.37259615384615397 0.5600961538461539 0.5072115384615385 0.6610576923076923 0.5072115384615385
0 0.7043269230769231 0.4302884615384617 0.6201923076923077 0.4302884615384617 0.6201923076923077 0.5528846153846155 0.7043269230769231 0.5528846153846155
0 0.6850961538461539 0.65625 0.6418269230769231 0.65625 0.6418269230769231 0.7043269230769231 0.6850961538461539 0.7043269230769231
0 0.7211538461538461 0.5721153846153848 0.6706730769230769 0.5721153846153848 0.6706730769230769 0.625 0.7211538461538461 0.625
0 0.6947115384615384 0.6009615384615385 0.6418269230769231 0.6009615384615385 0.6418269230769231 0.6634615384615384 0.6947115384615384 0.6634615384615384
0 0.7475961538461539 0.6346153846153846 0.7043269230769231 0.6346153846153846 0.7043269230769231 0.6875 0.7475961538461539 0.6875
0 0.7475961538461539 0.6730769230769231 0.6875 0.6730769230769231 0.6875 0.7427884615384616 0.7475961538461539 0.7427884615384616
0 0.7139423076923077 0.6923076923076923 0.6394230769230769 0.6923076923076923 0.6394230769230769 0.7836538461538461 0.7139423076923077 0.7836538461538461
0 0.6971153846153846 0.7211538461538461 0.6394230769230769 0.7211538461538461 0.6394230769230769 0.8125 0.6971153846153846 0.8125
0 0.8509615384615384 0.18028846153846165 0.7980769230769231 0.18028846153846162 0.7980769230769231 0.2500000000000001 0.8509615384615384 0.2500000000000001
0 0.9326923076923077 0.4014423076923078 0.8365384615384616 0.4014423076923078 0.8365384615384616 0.5024038461538463 0.9326923076923077 0.5024038461538463
0 0.9567307692307693 0.4639423076923078 0.8677884615384616 0.4639423076923078 0.8677884615384616 0.5552884615384617 0.9567307692307693 0.5552884615384617
0 0.9399038461538461 0.528846153846154 0.8365384615384616 0.528846153846154 0.8365384615384616 0.6418269230769231 0.9399038461538461 0.6418269230769231
0 1 0.5841346153846155 0.9639423076923077 0.5841346153846155 0.9639423076923077 0.6826923076923077 1 0.6826923076923077
0 0.9375 0.7163461538461539 0.8341346153846154 0.7163461538461539 0.8341346153846154 0.8245192307692307 0.9375 0.8245192307692307
0 0.9086538461538461 0.7379807692307693 0.8629807692307693 0.7379807692307693 0.8629807692307693 0.7836538461538461 0.9086538461538461 0.7836538461538461