0 0.4615384615384617 0.8581730769230769 0.35817307692307704 0.8581730769230769 0.35817307692307704 0.9375 0.4615384615384617 0.9375
0 0.3701923076923078 0.6346153846153846 0.2860576923076924 0.6346153846153846 0.2860576923076924 0.7043269230769231 0.3701923076923078 0.7043269230769231
0 0.13942307692307696 0.24759615384615385 0.009615384615384645 0.24759615384615385 0.009615384615384652 0.3581730769230769 0.13942307692307696 0.3581730769230769
0 0.5985576923076924 0.6538461538461539 0.5072115384615385 0.6538461538461539 0.5072115384615385 0.7331730769230769 0.5985576923076924 0.7331730769230769
0 0.5480769230769231 0.5384615384615384 0.44471153846153844 0.5384615384615384 0.44471153846153855 0.6129807692307693 0.5480769230769232 0.6129807692307693
0 1 0.6754807692307693 0.9206730769230769 0.6754807692307693 0.9206730769230769 0.75 1 0.75
0 0.6370192307692307 0.1971153846153847 0.5721153846153846 0.1971153846153847 0.5721153846153846 0.26201923076923084 0.6370192307692307 0.26201923076923084
0 0.7692307692307693 0.6706730769230769 0.6586538461538461 0.6706730769230769 0.6586538461538461 0.75 0.7692307692307693 0.75
0 0.12740384615384617 0.12259615384615384 1.5013698739546877e-17 0.12259615384615384 2.134300311014017e-17 0.22596153846153846 0.1274038461538462 0.22596153846153846
0 0.8365384615384616 0.5937500000000001 0.7283653846153846 0.5937500000000001 0.7283653846153846 0.6778846153846154 0.8365384615384616 0.6778846153846154
0 0.4735576923076923 0.1971153846153847 0.40625 0.1971153846153847 0.40625 0.2716346153846155 0.4735576923076923 0.2716346153846155
0 0.4783653846153847 0.47596153846153844 0.3701923076923077 0.47596153846153844 0.37019230769230776 0.5600961538461539 0.47836538461538475 0.5600961538461539
0 0.38221153846153844 0.2524038461538462 0.2548076923076923 0.25240384615384615 0.25480769230769235 0.3629807692307692 0.38221153846153844 0.3629807692307692
0 0.7475961538461539 0.5384615384615385 0.6442307692307693 0.5384615384615385 0.6442307692307693 0.6177884615384616 0.7475961538461539 0.6177884615384616
0 0.3317307692307692 0.43028846153846156 0.20913461538461545 0.43028846153846156 0.20913461538461545 0.5288461538461539 0.3317307692307692 0.5288461538461539
0 0.6201923076923077 0.483173076923077 0.5432692307692307 0.4831730769230769 0.5432692307692307 0.5504807692307693 0.6201923076923077 0.5504807692307694
0 0.9783653846153846 0.3317307692307694 0.8557692307692307 0.3317307692307694 0.8557692307692307 0.4447115384615386 0.9783653846153846 0.4447115384615386
0 0.4182692307692308 0.1370192307692308 0.34615384615384615 0.1370192307692308 0.34615384615384615 0.20192307692307698 0.4182692307692308 0.20192307692307698
0 0.8365384615384616 0.38942307692307704 0.7836538461538461 0.38942307692307704 0.7836538461538461 0.4302884615384617 0.8365384615384616 0.4302884615384617
0 0.7211538461538461 0.03125000000000008 0.6682692307692307 0.03125000000000008 0.6682692307692307 0.08653846153846162 0.7211538461538461 0.08653846153846165
0 0.7572115384615384 0.12740384615384626 0.7019230769230769 0.12740384615384626 0.7019230769230769 0.18750000000000006 0.7572115384615384 0.18750000000000006
0 0.24278846153846154 0.15384615384615385 0.12259615384615388 0.15384615384615385 0.12259615384615388 0.25240384615384615 0.24278846153846154 0.25240384615384615
0 0.34375 0.06730769230769235 0.2283653846153846 0.06730769230769235 0.2283653846153846 0.17788461538461542 0.34375 0.17788461538461545
0 0.5432692307692307 0.4326923076923077 0.4543269230769231 0.4326923076923077 0.4543269230769231 0.5048076923076923 0.5432692307692307 0.5048076923076923
0 0.6466346153846154 0.10336538461538468 0.5408653846153846 0.10336538461538468 0.5408653846153846 0.19471153846153852 0.6466346153846154 0.19471153846153852
0 0.6826923076923077 7.698200432140214e-17 0.5745192307692307 7.035831370101381e-17 0.5745192307692307 0.07451923076923085 0.6826923076923077 0.07451923076923085
0 0.9038461538461539 0.1610576923076924 0.8269230769230769 0.16105769230769237 0.8269230769230769 0.22836538461538472 0.9038461538461539 0.22836538461538475
0 0.8653846153846154 0.15384615384615394 0.7475961538461539 0.1538461538461539 0.7475961538461539 0.2451923076923078 0.8653846153846154 0.24519230769230782
0 0.9014423076923077 0.6105769230769232 0.78125 0.6105769230769232 0.78125 0.7019230769230769 0.9014423076923077 0.7019230769230769
0 0.9110576923076923 0.5673076923076924 0.8245192307692307 0.5673076923076924 0.8245192307692307 0.6370192307692307 0.9110576923076923 0.6370192307692307
0 0.96875 0.5480769230769232 0.8966346153846154 0.5480769230769232 0.8966346153846154 0.6129807692307694 0.96875 0.6129807692307694
0 0.9254807692307693 0.5384615384615385 0.8870192307692307 0.5384615384615385 0.8870192307692307 0.5817307692307694 0.9254807692307693 0.5817307692307694
0 0.7139423076923077 0.42067307692307704 0.6394230769230769 0.42067307692307704 0.6394230769230769 0.49759615384615397 0.7139423076923077 0.49759615384615397
0 0.6730769230769231 0.44711538461538475 0.5865384615384616 0.44711538461538475 0.5865384615384616 0.5192307692307694 0.6730769230769231 0.5192307692307694
0 0.6850961538461539 0.3774038461538462 0.5552884615384616 0.37740384615384615 0.5552884615384616 0.4927884615384616 0.6850961538461539 0.4927884615384617
0 0.40625 0.40384615384615385 0.264423076923077 0.40384615384615385 0.264423076923077 0.5072115384615384 0.40625 0.5072115384615384
0 0.4254807692307692 0.42788461538461536 0.33413461538461536 0.42788461538461536 0.33413461538461536 0.5 0.4254807692307692 0.5
0 0.5096153846153846 0.3701923076923077 0.43509615384615385 0.3701923076923077 0.43509615384615385 0.43509615384615385 0.5096153846153846 0.43509615384615385
0 0.5 0.3389423076923077 0.4423076923076923 0.3389423076923077 0.4423076923076923 0.3894230769230769 0.5 0.3894230769230769
0 0.5096153846153846 0.3389423076923077 0.3701923076923077 0.3389423076923077 0.3701923076923077 0.4423076923076923 0.5096153846153846 0.4423076923076923
0 0.5552884615384616 0.295673076923077 0.42788461538461536 0.295673076923077 0.42788461538461536 0.3798076923076923 0.5552884615384616 0.3798076923076923
0 0.7067307692307693 0.3149038461538463 0.6586538461538461 0.3149038461538463 0.6586538461538461 0.35817307692307704 0.7067307692307693 0.35817307692307704
0 0.625 0.28125000000000006 0.5721153846153846 0.28125000000000006 0.5721153846153846 0.3317307692307694 0.625 0.3317307692307694
0 0.6658653846153846 0.3052884615384616 0.6009615384615384 0.3052884615384616 0.6009615384615384 0.36057692307692324 0.6658653846153846 0.36057692307692324
0 0.6899038461538461 0.2548076923076924 0.6370192307692307 0.2548076923076924 0.6370192307692307 0.29807692307692313 0.6899038461538461 0.29807692307692313
0 0.7427884615384616 0.2524038461538462 0.6730769230769231 0.2524038461538462 0.6730769230769231 0.3149038461538463 0.7427884615384616 0.3149038461538463
0 0.7884615384615384 0.28125000000000006 0.6875 0.28125000000000006 0.6875 0.3677884615384617 0.7884615384615384 0.3677884615384617
0 0.8173076923076923 0.29807692307692313 0.7211538461538461 0.29807692307692313 0.7211538461538461 0.3677884615384617 0.8173076923076923 0.3677884615384617
0 0.25240384615384615 0.14423076923076927 0.18028846153846154 0.14423076923076927 0.18028846153846154 0.20673076923076922 0.25240384615384615 0.20673076923076922
0 0.5096153846153846 0.06250000000000006 0.39663461538461536 0.06250000000000006 0.39663461538461536 0.16826923076923084 0.5096153846153846 0.16826923076923084
0 0.5600961538461539 0.04086538461538468 0.46153846153846156 0.040865384615384664 0.46153846153846156 0.13701923076923084 0.5600961538461539 0.13701923076923084
0 0.6418269230769231 0.060096153846153924 0.5240384615384616 0.06009615384615392 0.5240384615384616 0.16826923076923084 0.6418269230769231 0.16826923076923084
0 0.6826923076923077 7.771796994588973e-17 0.5865384615384616 7.183024494998899e-17 0.5865384615384616 0.03365384615384623 0.6826923076923077 0.03365384615384624
0 0.8245192307692307 0.0625000000000001 0.7163461538461539 0.06250000000000008 0.7163461538461539 0.1658653846153847 0.8245192307692307 0.1658653846153847
0 0.7836538461538461 0.09134615384615395 0.7379807692307693 0.09134615384615395 0.7379807692307693 0.13942307692307704 0.7836538461538461 0.13942307692307704