0 0.4519230769230769 0.06250000000000006 0.35096153846153844 0.06250000000000006 0.35096153846153844 0.14182692307692313 0.4519230769230769 0.14182692307692316
0 0.3701923076923077 0.3004807692307693 0.2860576923076924 0.3004807692307693 0.2860576923076924 0.3701923076923077 0.3701923076923077 0.3701923076923077
0 0.139423076923077 0.6538461538461539 0.01682692307692316 0.6538461538461539 0.016826923076923163 0.7548076923076923 0.13942307692307704 0.7548076923076923
0 0.59375 0.26682692307692313 0.5024038461538461 0.26682692307692313 0.5024038461538461 0.3461538461538462 0.59375 0.3461538461538463
0 0.5480769230769231 0.3870192307692308 0.44471153846153844 0.3870192307692308 0.44471153846153844 0.4639423076923077 0.5480769230769231 0.4639423076923077
0 0.9975961538461539 0.24519230769230782 0.9230769230769231 0.24519230769230782 0.9230769230769231 0.3149038461538463 0.9975961538461539 0.3149038461538463
0 0.6418269230769231 0.7379807692307693 0.574519230769231 0.7379807692307693 0.574519230769231 0.8028846153846154 0.6418269230769231 0.8028846153846154
0 0.7644230769230769 0.25000000000000006 0.65625 0.25000000000000006 0.65625 0.32692307692307704 0.7644230769230769 0.32692307692307704
0 0.13461538461538472 0.7836538461538461 0.007211538461538557 0.7836538461538461 0.007211538461538564 0.8822115384615384 0.13461538461538472 0.8822115384615384
0 0.8341346153846154 0.31730769230769246 0.7283653846153846 0.31730769230769246 0.7283653846153846 0.3990384615384617 0.8341346153846154 0.3990384615384617
0 0.4807692307692309 0.7307692307692307 0.41105769230769246 0.7307692307692307 0.41105769230769246 0.8052884615384616 0.4807692307692309 0.8052884615384616
0 0.4807692307692308 0.4375 0.37259615384615385 0.4375 0.37259615384615385 0.5288461538461539 0.4807692307692308 0.5288461538461539
0 0.3870192307692309 0.6442307692307693 0.25721153846153855 0.6442307692307693 0.25721153846153855 0.7548076923076923 0.3870192307692309 0.7548076923076923
0 0.7451923076923077 0.3774038461538463 0.6442307692307693 0.3774038461538463 0.6442307692307693 0.45913461538461553 0.7451923076923077 0.45913461538461553
0 0.3317307692307693 0.4735576923076923 0.20432692307692316 0.4735576923076923 0.20432692307692316 0.5793269230769231 0.3317307692307694 0.5793269230769231
0 0.6274038461538461 0.44471153846153855 0.5384615384615384 0.44471153846153844 0.5384615384615384 0.5216346153846154 0.6274038461538461 0.5216346153846155
0 0.9807692307692307 0.5504807692307694 0.8581730769230769 0.5504807692307694 0.8581730769230769 0.6610576923076923 0.9807692307692307 0.6610576923076923
0 0.42307692307692324 0.8004807692307693 0.3509615384615386 0.8004807692307693 0.3509615384615386 0.8653846153846154 0.42307692307692324 0.8653846153846154
0 0.8389423076923077 0.5649038461538463 0.78125 0.5649038461538463 0.78125 0.6105769230769232 0.8389423076923077 0.6105769230769232
0 0.7283653846153846 0.9110576923076923 0.6754807692307693 0.9110576923076923 0.6754807692307693 0.9663461538461539 0.7283653846153846 0.9663461538461539
0 0.7644230769230769 0.8076923076923077 0.7019230769230769 0.8076923076923077 0.7019230769230769 0.8725961538461539 0.7644230769230769 0.8725961538461539
0 0.2451923076923078 0.7572115384615384 0.12740384615384626 0.7572115384615384 0.12740384615384626 0.8509615384615384 0.24519230769230782 0.8509615384615384
0 0.3557692307692309 0.8197115384615384 0.23076923076923084 0.8197115384615384 0.23076923076923087 0.9447115384615384 0.3557692307692309 0.9447115384615384
0 0.5432692307692308 0.49278846153846156 0.4543269230769231 0.49278846153846156 0.45432692307692313 0.5673076923076923 0.543269230769231 0.5673076923076923
0 0.6538461538461539 0.8028846153846154 0.5456730769230771 0.8028846153846154 0.5456730769230771 0.8990384615384616 0.6538461538461539 0.8990384615384616
0 0.6899038461538461 0.9278846153846154 0.5889423076923078 0.9278846153846154 0.5889423076923078 1 0.6899038461538461 1
0 0.90625 0.7692307692307693 0.8341346153846154 0.7692307692307693 0.8341346153846154 0.8317307692307693 0.90625 0.8317307692307693
0 0.8725961538461539 0.7451923076923077 0.75 0.7451923076923077 0.75 0.8461538461538461 0.8725961538461539 0.8461538461538461
0 0.9014423076923077 0.2932692307692309 0.78125 0.29326923076923084 0.78125 0.3822115384615386 0.9014423076923077 0.3822115384615386
0 0.9110576923076923 0.3557692307692309 0.8221153846153846 0.3557692307692309 0.8221153846153846 0.42788461538461553 0.9110576923076923 0.42788461538461553
0 0.9711538461538461 0.37980769230769246 0.8942307692307693 0.37980769230769246 0.8942307692307693 0.4447115384615386 0.9711538461538461 0.4447115384615386
0 0.9230769230769231 0.41105769230769246 0.8822115384615384 0.41105769230769246 0.8822115384615384 0.4567307692307694 0.9230769230769231 0.4567307692307694
0 0.71875 0.49759615384615397 0.6394230769230769 0.49759615384615397 0.6394230769230769 0.5769230769230771 0.71875 0.5769230769230771
0 0.6778846153846154 0.4759615384615386 0.5841346153846154 0.4759615384615386 0.5841346153846154 0.5576923076923078 0.6778846153846154 0.5576923076923078
0 0.6899038461538461 0.5072115384615385 0.5576923076923077 0.5072115384615384 0.5576923076923077 0.6201923076923077 0.6899038461538461 0.6201923076923077
0 0.4086538461538462 0.4951923076923077 0.264423076923077 0.4951923076923077 0.264423076923077 0.5985576923076923 0.4086538461538463 0.5985576923076923
0 0.4278846153846155 0.5024038461538461 0.3317307692307692 0.5024038461538461 0.3317307692307693 0.5793269230769231 0.42788461538461553 0.5793269230769231
0 0.512019230769231 0.5625 0.43509615384615397 0.5625 0.43509615384615397 0.6298076923076923 0.512019230769231 0.6298076923076923
0 0.5000000000000001 0.6129807692307693 0.44230769230769246 0.6129807692307693 0.44230769230769246 0.6610576923076923 0.5000000000000001 0.6610576923076923
0 0.5096153846153848 0.5600961538461539 0.37259615384615397 0.5600961538461539 0.37259615384615397 0.6634615384615384 0.5096153846153848 0.6634615384615384
0 0.560096153846154 0.6129807692307693 0.42788461538461553 0.6129807692307693 0.42788461538461553 0.7115384615384616 0.560096153846154 0.7115384615384616
0 0.7067307692307693 0.6370192307692307 0.6586538461538461 0.6370192307692307 0.6586538461538461 0.6802884615384616 0.7067307692307693 0.6802884615384616
0 0.6274038461538461 0.6682692307692307 0.574519230769231 0.6682692307692307 0.574519230769231 0.7211538461538461 0.6274038461538461 0.7211538461538461
0 0.6682692307692307 0.6394230769230769 0.6033653846153848 0.6394230769230769 0.6033653846153848 0.6947115384615384 0.6682692307692307 0.6947115384615384
0 0.6923076923076923 0.7019230769230769 0.6394230769230769 0.7019230769230769 0.6394230769230769 0.7451923076923077 0.6923076923076923 0.7451923076923077
0 0.7475961538461539 0.6802884615384616 0.6754807692307693 0.6802884615384616 0.6754807692307693 0.7475961538461539 0.7475961538461539 0.7475961538461539
0 0.7932692307692307 0.6322115384615384 0.6923076923076923 0.6322115384615384 0.6923076923076923 0.7163461538461539 0.7932692307692307 0.7163461538461539
0 0.8173076923076923 0.6298076923076923 0.7235576923076923 0.6298076923076923 0.7235576923076923 0.6971153846153846 0.8173076923076923 0.6971153846153846
0 0.25721153846153855 0.7980769230769231 0.1850961538461539 0.7980769230769231 0.18509615384615394 0.8605769230769231 0.2572115384615386 0.8605769230769231
0 0.5144230769230771 0.8341346153846154 0.40384615384615397 0.8341346153846154 0.40384615384615397 0.9399038461538461 0.5144230769230771 0.9399038461538461
0 0.5649038461538463 0.8677884615384616 0.4711538461538463 0.8677884615384616 0.4711538461538463 0.9591346153846154 0.5649038461538463 0.9591346153846154
0 0.6514423076923077 0.8317307692307693 0.5336538461538463 0.8317307692307693 0.5336538461538463 0.9399038461538461 0.6514423076923077 0.9399038461538461
0 0.6923076923076923 0.9591346153846154 0.591346153846154 0.9591346153846154 0.591346153846154 1 0.6923076923076923 1
0 0.8365384615384616 0.8245192307692307 0.71875 0.8245192307692307 0.71875 0.9399038461538461 0.8365384615384616 0.9399038461538461
0 0.7908653846153846 0.8557692307692307 0.7427884615384616 0.8557692307692307 0.7427884615384616 0.9038461538461539 0.7908653846153846 0.9038461538461539