0 0.05288461538461542 0.29086538461538464 3.562073622519946e-17 0.29086538461538464 3.91533712227399e-17 0.3485576923076923 0.05288461538461542 0.3485576923076923
0 0.8653846153846154 0.32211538461538475 0.8028846153846154 0.32211538461538475 0.8028846153846154 0.3629807692307694 0.8653846153846154 0.3629807692307694
0 0.4254807692307692 0.36538461538461536 0.34615384615384615 0.36538461538461536 0.34615384615384615 0.43509615384615385 0.4254807692307692 0.43509615384615385
0 0.2908653846153847 0.41346153846153844 0.2524038461538462 0.41346153846153844 0.2524038461538462 0.4495192307692308 0.2908653846153847 0.4495192307692308
0 0.5841346153846155 0.6442307692307693 0.5336538461538463 0.6442307692307693 0.5336538461538463 0.6826923076923077 0.5841346153846155 0.6826923076923077
0 0.045673076923076976 0.4495192307692308 0.0024038461538462095 0.4495192307692308 0.002403846153846211 0.4807692307692308 0.045673076923076976 0.4807692307692308
0 0.4951923076923077 0.05288461538461543 0.28846153846153844 0.05288461538461542 0.2884615384615385 0.2836538461538462 0.4951923076923077 0.2836538461538462
0 0.5600961538461539 0.4783653846153847 0.5216346153846154 0.47836538461538464 0.5216346153846154 0.5096153846153847 0.5600961538461539 0.5096153846153848
0 0.5480769230769231 0.4567307692307692 0.4495192307692308 0.4567307692307692 0.4495192307692308 0.5384615384615384 0.5480769230769231 0.5384615384615384
0 0.42788461538461536 0.42788461538461536 0.3557692307692308 0.42788461538461536 0.3557692307692308 0.47836538461538464 0.42788461538461536 0.47836538461538464
0 0.43990384615384615 0.4807692307692308 0.3918269230769231 0.4807692307692308 0.3918269230769231 0.5216346153846154 0.43990384615384615 0.5216346153846154
0 0.3485576923076923 0.4519230769230769 0.31009615384615385 0.4519230769230769 0.31009615384615385 0.4855769230769231 0.3485576923076923 0.4855769230769231
0 0.3629807692307692 0.5 0.33653846153846156 0.5 0.33653846153846156 0.5216346153846154 0.3629807692307692 0.5216346153846154
0 0.33653846153846156 0.4951923076923077 0.3052884615384616 0.4951923076923077 0.3052884615384616 0.5120192307692307 0.33653846153846156 0.5120192307692307
0 0.29807692307692313 0.4951923076923077 0.2716346153846155 0.4951923076923077 0.2716346153846155 0.5168269230769231 0.29807692307692313 0.5168269230769231
0 0.2379807692307693 0.4543269230769231 0.17788461538461545 0.4543269230769231 0.17788461538461545 0.5120192307692307 0.2379807692307693 0.5120192307692307
0 0.5528846153846154 0.5408653846153846 0.5096153846153846 0.5408653846153846 0.5096153846153847 0.5721153846153846 0.5528846153846155 0.5721153846153846
0 0.7091346153846154 0.5985576923076924 0.6490384615384616 0.5985576923076924 0.6490384615384616 0.6418269230769231 0.7091346153846154 0.6418269230769231
0 0.8605769230769231 0.6298076923076923 0.78125 0.6298076923076923 0.78125 0.6730769230769231 0.8605769230769231 0.6730769230769231
0 0.8485576923076923 0.6658653846153846 0.7956730769230769 0.6658653846153846 0.7956730769230769 0.6923076923076923 0.8485576923076923 0.6923076923076923
0 0.19951923076923084 0.49278846153846156 0.16826923076923084 0.49278846153846156 0.16826923076923084 0.5096153846153846 0.19951923076923084 0.5096153846153846
0 0.2788461538461539 0.5216346153846154 0.24519230769230776 0.5216346153846154 0.24519230769230776 0.5432692307692307 0.2788461538461539 0.5432692307692307
0 0.3461538461538462 0.5504807692307693 0.31490384615384615 0.5504807692307693 0.3149038461538462 0.5769230769230769 0.3461538461538463 0.5769230769230769
0 0.31250000000000006 0.5408653846153846 0.28846153846153855 0.5408653846153846 0.28846153846153855 0.5649038461538461 0.3125000000000001 0.5649038461538461
0 0.5456730769230771 0.5625 0.4951923076923078 0.5625 0.4951923076923078 0.6081730769230769 0.5456730769230771 0.6081730769230769
0 0.43028846153846156 0.24278846153846162 0.3581730769230769 0.24278846153846162 0.3581730769230769 0.3125 0.43028846153846156 0.3125
0 0.9783653846153846 0.574519230769231 0.9350961538461539 0.574519230769231 0.9350961538461539 0.605769230769231 0.9783653846153846 0.605769230769231
0 0.9230769230769231 0.591346153846154 0.8822115384615384 0.591346153846154 0.8822115384615384 0.6225961538461539 0.9230769230769231 0.6225961538461539
0 0.96875 0.6009615384615385 0.9206730769230769 0.6009615384615385 0.9206730769230769 0.6322115384615384 0.96875 0.6322115384615384
0 0.4831730769230769 0.5048076923076923 0.4519230769230769 0.5048076923076923 0.4519230769230769 0.5264423076923077 0.4831730769230769 0.5264423076923077