0 0.4110576923076923 4.607144809292326e-17 0.34134615384615385 4.180284747089523e-17 0.34134615384615385 0.04086538461538466 0.4110576923076923 0.040865384615384664
0 0.32932692307692324 0.7764423076923077 0.2788461538461539 0.7764423076923077 0.27884615384615397 0.8461538461538461 0.32932692307692324 0.8461538461538461
0 0.45913461538461536 0.3293269230769231 0.375 0.3293269230769231 0.375 0.4206730769230769 0.45913461538461536 0.4206730769230769
0 0.4807692307692308 0.24519230769230776 0.43990384615384615 0.24519230769230776 0.43990384615384615 0.2860576923076924 0.4807692307692308 0.2860576923076924
0 0.6778846153846154 0.5504807692307694 0.6322115384615384 0.5504807692307694 0.6322115384615384 0.605769230769231 0.6778846153846154 0.605769230769231
0 0.5432692307692307 6.432339558021555e-17 0.5072115384615384 6.211549870675278e-17 0.5072115384615384 0.04326923076923084 0.5432692307692307 0.04326923076923084
0 0.32211538461538464 0.22355769230769235 0.045673076923076955 0.22355769230769232 0.04567307692307697 0.4831730769230769 0.32211538461538464 0.4831730769230769
0 0.5096153846153847 0.5192307692307693 0.47115384615384615 0.5192307692307693 0.4711538461538462 0.5649038461538461 0.5096153846153848 0.5649038461538461
0 0.5504807692307693 0.4423076923076923 0.44471153846153844 0.4423076923076923 0.44471153846153844 0.5552884615384616 0.5504807692307693 0.5552884615384616
0 0.49759615384615385 0.34615384615384615 0.4326923076923077 0.34615384615384615 0.4326923076923077 0.4254807692307692 0.49759615384615385 0.4254807692307692
0 0.5336538461538461 0.3894230769230769 0.4879807692307692 0.3894230769230769 0.4879807692307692 0.44471153846153844 0.5336538461538461 0.44471153846153844
0 0.5120192307692307 0.3028846153846155 0.47115384615384615 0.3028846153846155 0.47115384615384615 0.3485576923076923 0.5120192307692307 0.3485576923076923
0 0.5408653846153846 0.3389423076923077 0.5168269230769231 0.3389423076923077 0.5168269230769231 0.36538461538461536 0.5408653846153846 0.36538461538461536
0 0.5360576923076923 0.3076923076923077 0.5144230769230769 0.3076923076923077 0.5144230769230769 0.3389423076923077 0.5360576923076923 0.3389423076923077
0 0.5432692307692307 0.2740384615384616 0.5216346153846154 0.2740384615384616 0.5216346153846154 0.3028846153846155 0.5432692307692307 0.3028846153846155
0 0.5528846153846154 0.1754807692307693 0.4855769230769231 0.1754807692307693 0.4855769230769231 0.24519230769230776 0.5528846153846154 0.24519230769230776
0 0.5745192307692308 0.5120192307692308 0.5288461538461539 0.5120192307692307 0.528846153846154 0.5649038461538463 0.574519230769231 0.5649038461538463
0 0.625 0.6586538461538461 0.574519230769231 0.6586538461538461 0.574519230769231 0.7259615384615384 0.625 0.7259615384615384
0 0.6370192307692307 0.7932692307692307 0.5817307692307694 0.7932692307692307 0.5817307692307694 0.8798076923076923 0.6370192307692307 0.8798076923076923
0 0.6538461538461539 0.8125 0.6201923076923077 0.8125 0.6201923076923077 0.8677884615384616 0.6538461538461539 0.8677884615384616
0 0.5504807692307693 0.17067307692307698 0.5264423076923077 0.17067307692307698 0.5264423076923077 0.20432692307692316 0.5504807692307693 0.20432692307692316
0 0.5769230769230769 0.2524038461538462 0.5480769230769231 0.2524038461538462 0.5480769230769231 0.28846153846153855 0.5769230769230769 0.28846153846153855
0 0.6009615384615384 0.32211538461538475 0.5721153846153846 0.32211538461538475 0.5721153846153846 0.3557692307692309 0.6009615384615384 0.3557692307692309
0 0.5889423076923077 0.295673076923077 0.5625 0.295673076923077 0.5625 0.32211538461538475 0.5889423076923077 0.32211538461538475
0 0.6057692307692307 0.5024038461538463 0.5552884615384616 0.5024038461538461 0.5552884615384616 0.5576923076923077 0.6057692307692307 0.5576923076923078
0 0.33413461538461536 0.3269230769230769 0.2548076923076924 0.3269230769230769 0.2548076923076924 0.4110576923076923 0.33413461538461536 0.4110576923076923
0 0.5552884615384617 0.9399038461538461 0.5144230769230771 0.9399038461538461 0.5144230769230771 0.9903846153846154 0.5552884615384617 0.9903846153846154
0 0.5769230769230771 0.8894230769230769 0.5360576923076924 0.8894230769230769 0.5360576923076924 0.9375 0.5769230769230771 0.9375
0 0.5817307692307694 0.9278846153846154 0.543269230769231 0.9278846153846154 0.543269230769231 0.9831730769230769 0.5817307692307694 0.9831730769230769
0 0.5360576923076923 0.4543269230769231 0.5048076923076923 0.4543269230769231 0.5048076923076923 0.49038461538461536 0.5360576923076923 0.49038461538461536