0 0.4014423076923077 4.5041096218640635e-17 0.33413461538461536 4.0919688721510124e-17 0.33413461538461536 0.04086538461538466 0.4014423076923077 0.040865384615384664
0 0.33413461538461553 0.78125 0.2860576923076924 0.78125 0.2860576923076924 0.8485576923076923 0.33413461538461553 0.8485576923076923
0 0.45913461538461536 0.3293269230769231 0.3701923076923077 0.3293269230769231 0.3701923076923077 0.4230769230769231 0.45913461538461536 0.4230769230769231
0 0.47596153846153844 0.2475961538461539 0.4375 0.2475961538461539 0.4375 0.2860576923076924 0.47596153846153844 0.2860576923076924
0 0.6802884615384616 0.5456730769230771 0.6322115384615384 0.5456730769230771 0.6322115384615384 0.6033653846153848 0.6802884615384616 0.6033653846153848
0 0.5336538461538461 6.31458505810354e-17 0.49759615384615385 6.093795370757262e-17 0.49759615384615385 0.04326923076923084 0.5336538461538461 0.04326923076923084
0 0.31490384615384615 0.23317307692307696 0.048076923076923114 0.23317307692307693 0.04807692307692312 0.4831730769230769 0.31490384615384615 0.4831730769230769
0 0.5096153846153847 0.5192307692307693 0.4735576923076923 0.5192307692307693 0.4735576923076924 0.5625 0.5096153846153848 0.5625
0 0.5480769230769231 0.4423076923076923 0.4495192307692308 0.4423076923076923 0.4495192307692308 0.5552884615384616 0.5480769230769231 0.5552884615384616
0 0.49759615384615385 0.3485576923076923 0.43028846153846156 0.3485576923076923 0.43028846153846156 0.4254807692307692 0.49759615384615385 0.4254807692307692
0 0.5336538461538461 0.3894230769230769 0.4855769230769231 0.3894230769230769 0.4855769230769231 0.4423076923076923 0.5336538461538461 0.4423076923076923
0 0.5072115384615384 0.3052884615384616 0.47115384615384615 0.3052884615384616 0.47115384615384615 0.34615384615384615 0.5072115384615384 0.34615384615384615
0 0.5384615384615384 0.33653846153846156 0.5144230769230769 0.33653846153846156 0.5144230769230769 0.3629807692307692 0.5384615384615384 0.3629807692307692
0 0.5336538461538461 0.3052884615384616 0.5120192307692307 0.3052884615384616 0.5120192307692307 0.33653846153846156 0.5336538461538461 0.33653846153846156
0 0.5384615384615384 0.2716346153846155 0.5192307692307693 0.2716346153846155 0.5192307692307693 0.3004807692307693 0.5384615384615384 0.3004807692307693
0 0.5456730769230769 0.17788461538461545 0.4831730769230769 0.17788461538461545 0.4831730769230769 0.24278846153846162 0.5456730769230769 0.24278846153846162
0 0.5721153846153847 0.514423076923077 0.5336538461538461 0.5144230769230769 0.5336538461538463 0.5625000000000001 0.5721153846153848 0.5625000000000001
0 0.6298076923076923 0.6586538461538461 0.5769230769230771 0.6586538461538461 0.5769230769230771 0.7259615384615384 0.6298076923076923 0.7259615384615384
0 0.6442307692307693 0.7932692307692307 0.5841346153846155 0.7932692307692307 0.5841346153846155 0.8798076923076923 0.6442307692307693 0.8798076923076923
0 0.6586538461538461 0.8100961538461539 0.6274038461538461 0.8100961538461539 0.6274038461538461 0.8653846153846154 0.6586538461538461 0.8653846153846154
0 0.5456730769230769 0.17067307692307698 0.5216346153846154 0.17067307692307698 0.5216346153846154 0.20432692307692316 0.5456730769230769 0.20432692307692316
0 0.5697115384615384 0.2524038461538462 0.5456730769230769 0.2524038461538462 0.5456730769230769 0.2860576923076924 0.5697115384615384 0.2860576923076924
0 0.59375 0.32211538461538475 0.5697115384615384 0.32211538461538475 0.5697115384615384 0.35336538461538475 0.59375 0.35336538461538475
0 0.5865384615384616 0.295673076923077 0.5600961538461539 0.295673076923077 0.5600961538461539 0.32211538461538475 0.5865384615384616 0.32211538461538475
0 0.6081730769230769 0.5000000000000001 0.5552884615384616 0.5 0.5552884615384616 0.5576923076923077 0.6081730769230769 0.5576923076923078
0 0.3317307692307692 0.3317307692307692 0.25000000000000006 0.3317307692307692 0.25000000000000006 0.41586538461538464 0.3317307692307692 0.41586538461538464
0 0.560096153846154 0.9399038461538461 0.5240384615384617 0.9399038461538461 0.5240384615384617 0.9879807692307693 0.560096153846154 0.9879807692307693
0 0.5841346153846155 0.8894230769230769 0.5456730769230771 0.8894230769230769 0.5456730769230771 0.9326923076923077 0.5841346153846155 0.9326923076923077
0 0.5865384615384617 0.9278846153846154 0.5504807692307694 0.9278846153846154 0.5504807692307694 0.9807692307692307 0.5865384615384617 0.9807692307692307
0 0.5336538461538461 0.4519230769230769 0.5048076923076923 0.4519230769230769 0.5048076923076923 0.4879807692307692 0.5336538461538461 0.4879807692307692