0 0.04326923076923081 0.3293269230769231 4.033091622192004e-17 0.3293269230769231 4.4305130594153043e-17 0.3942307692307692 0.043269230769230824 0.3942307692307692
0 0.8509615384615384 0.2932692307692309 0.7860576923076923 0.29326923076923084 0.7860576923076923 0.3389423076923078 0.8509615384615384 0.3389423076923078
0 0.4182692307692308 0.375 0.33413461538461536 0.375 0.33413461538461536 0.4519230769230769 0.4182692307692308 0.4519230769230769
0 0.2860576923076924 0.43509615384615385 0.2475961538461539 0.43509615384615385 0.2475961538461539 0.47115384615384615 0.2860576923076924 0.47115384615384615
0 0.5985576923076924 0.6370192307692307 0.5456730769230771 0.6370192307692307 0.5456730769230771 0.6802884615384616 0.5985576923076924 0.6802884615384616
0 0.04326923076923084 0.49038461538461536 6.005479495818751e-17 0.49038461538461536 6.226269183165029e-17 0.5264423076923077 0.04326923076923084 0.5264423076923077
0 0.47596153846153844 0.05528846153846158 0.25240384615384615 0.05528846153846157 0.2524038461538462 0.3004807692307693 0.47596153846153844 0.3004807692307693
0 0.5625 0.4735576923076924 0.5192307692307693 0.4735576923076923 0.5192307692307693 0.5096153846153847 0.5625 0.5096153846153848
0 0.5504807692307693 0.4543269230769231 0.44711538461538464 0.4543269230769231 0.44711538461538464 0.5432692307692307 0.5504807692307693 0.5432692307692307
0 0.4254807692307692 0.4326923076923077 0.35096153846153844 0.4326923076923077 0.35096153846153844 0.49038461538461536 0.4254807692307692 0.49038461538461536
0 0.4423076923076923 0.4855769230769231 0.3918269230769231 0.4855769230769231 0.3918269230769231 0.5288461538461539 0.4423076923076923 0.5288461538461539
0 0.34615384615384615 0.46634615384615385 0.3052884615384616 0.46634615384615385 0.3052884615384616 0.5024038461538461 0.34615384615384615 0.5024038461538461
0 0.3629807692307692 0.5120192307692307 0.33653846153846156 0.5120192307692307 0.33653846153846156 0.5360576923076923 0.3629807692307692 0.5360576923076923
0 0.33653846153846156 0.5096153846153846 0.3052884615384616 0.5096153846153846 0.3052884615384616 0.5288461538461539 0.33653846153846156 0.5288461538461539
0 0.3004807692307693 0.5144230769230769 0.2716346153846155 0.5144230769230769 0.2716346153846155 0.5360576923076923 0.3004807692307693 0.5360576923076923
0 0.24038461538461545 0.47836538461538464 0.17788461538461545 0.47836538461538464 0.17788461538461545 0.5384615384615384 0.24038461538461545 0.5384615384615384
0 0.560096153846154 0.5360576923076924 0.5120192307692307 0.5360576923076923 0.5120192307692308 0.5721153846153847 0.560096153846154 0.5721153846153848
0 0.7211538461538461 0.5817307692307694 0.65625 0.5817307692307694 0.65625 0.6298076923076923 0.7211538461538461 0.6298076923076923
0 0.875 0.5961538461538463 0.7932692307692307 0.5961538461538463 0.7932692307692307 0.6466346153846154 0.875 0.6466346153846154
0 0.8629807692307693 0.6322115384615384 0.8076923076923077 0.6322115384615384 0.8076923076923077 0.6634615384615384 0.8629807692307693 0.6634615384615384
0 0.20192307692307698 0.5168269230769231 0.17067307692307698 0.5168269230769231 0.17067307692307698 0.5384615384615384 0.20192307692307698 0.5384615384615384
0 0.2860576923076924 0.5408653846153846 0.25000000000000006 0.5408653846153846 0.25000000000000006 0.5649038461538461 0.2860576923076924 0.5649038461538461
0 0.3509615384615386 0.5673076923076923 0.3197115384615386 0.5673076923076923 0.3197115384615386 0.59375 0.3509615384615386 0.59375
0 0.31971153846153855 0.5552884615384616 0.29326923076923084 0.5552884615384616 0.29326923076923084 0.5817307692307693 0.3197115384615386 0.5817307692307693
0 0.5552884615384616 0.5576923076923077 0.5024038461538461 0.5576923076923077 0.5024038461538463 0.6057692307692307 0.5552884615384617 0.6057692307692307
0 0.41586538461538464 0.2524038461538462 0.3389423076923077 0.2524038461538462 0.3389423076923077 0.3245192307692308 0.41586538461538464 0.3245192307692308
0 0.9855769230769231 0.5336538461538463 0.9399038461538461 0.5336538461538463 0.9399038461538461 0.5697115384615385 0.9855769230769231 0.5697115384615385
0 0.9326923076923077 0.5528846153846155 0.8894230769230769 0.5528846153846155 0.8894230769230769 0.5889423076923078 0.9326923076923077 0.5889423076923078
0 0.9783653846153846 0.560096153846154 0.9278846153846154 0.560096153846154 0.9278846153846154 0.5937500000000001 0.9783653846153846 0.5937500000000001
0 0.4879807692307692 0.5072115384615384 0.4519230769230769 0.5072115384615384 0.4519230769230769 0.53125 0.4879807692307692 0.53125