0 0.29567307692307704 0.9182692307692307 0.2307692307692309 0.9182692307692307 0.2307692307692309 0.9783653846153846 0.29567307692307704 0.9783653846153846
0 0.4110576923076923 0.11538461538461542 0.3581730769230769 0.11538461538461542 0.3581730769230769 0.1850961538461539 0.4110576923076923 0.1850961538461539
0 0.4302884615384616 0.5576923076923077 0.34615384615384615 0.5576923076923077 0.3461538461538462 0.6490384615384616 0.4302884615384617 0.6490384615384616
0 0.4254807692307694 0.6971153846153846 0.38461538461538475 0.6971153846153846 0.38461538461538475 0.7403846153846154 0.4254807692307694 0.7403846153846154
0 0.6923076923076923 0.43509615384615397 0.6490384615384616 0.43509615384615397 0.6490384615384616 0.49038461538461553 0.6923076923076923 0.49038461538461553
0 0.42788461538461553 0.9447115384615384 0.38942307692307704 0.9447115384615384 0.38942307692307704 0.9927884615384616 0.42788461538461553 0.9927884615384616
0 0.2908653846153847 0.44471153846153844 0.026442307692307744 0.44471153846153844 0.02644230769230776 0.6947115384615384 0.2908653846153847 0.6947115384615384
0 0.5192307692307693 0.4375 0.47836538461538464 0.4375 0.47836538461538464 0.4831730769230769 0.5192307692307693 0.4831730769230769
0 0.5456730769230769 0.44711538461538464 0.4495192307692308 0.44711538461538464 0.4495192307692308 0.5576923076923077 0.5456730769230769 0.5576923076923077
0 0.4711538461538463 0.5625 0.4086538461538463 0.5625 0.4086538461538463 0.6418269230769231 0.4711538461538463 0.6418269230769231
0 0.5120192307692308 0.5576923076923077 0.46875 0.5576923076923077 0.46875000000000006 0.6105769230769231 0.512019230769231 0.6105769230769231
0 0.4687500000000001 0.6442307692307693 0.42788461538461553 0.6442307692307693 0.42788461538461553 0.6899038461538461 0.4687500000000001 0.6899038461538461
0 0.5048076923076924 0.6370192307692307 0.4807692307692309 0.6370192307692307 0.4807692307692309 0.6658653846153846 0.5048076923076924 0.6658653846153846
0 0.4951923076923078 0.6610576923076923 0.4711538461538463 0.6610576923076923 0.4711538461538463 0.6947115384615384 0.4951923076923078 0.6947115384615384
0 0.4927884615384617 0.6995192307692307 0.4687500000000001 0.6995192307692307 0.4687500000000001 0.7283653846153846 0.4927884615384617 0.7283653846153846
0 0.48317307692307704 0.7524038461538461 0.4134615384615386 0.7524038461538461 0.4134615384615386 0.8245192307692307 0.48317307692307704 0.8245192307692307
0 0.5793269230769231 0.451923076923077 0.5384615384615384 0.4519230769230769 0.5384615384615384 0.5024038461538463 0.5793269230769231 0.5024038461538463
0 0.6682692307692307 0.3028846153846155 0.6129807692307693 0.3028846153846155 0.6129807692307693 0.3701923076923078 0.6682692307692307 0.3701923076923078
0 0.71875 0.15625000000000006 0.6610576923076923 0.15625000000000006 0.6610576923076923 0.24278846153846162 0.71875 0.24278846153846162
0 0.7379807692307693 0.17307692307692316 0.6971153846153846 0.17307692307692316 0.6971153846153846 0.23317307692307698 0.7379807692307693 0.23317307692307698
0 0.4759615384615386 0.7980769230769231 0.45192307692307704 0.7980769230769231 0.45192307692307704 0.8317307692307693 0.4759615384615386 0.8317307692307693
0 0.5192307692307694 0.7211538461538461 0.49038461538461553 0.7211538461538461 0.49038461538461553 0.7596153846153846 0.5192307692307694 0.7596153846153846
0 0.560096153846154 0.6586538461538461 0.5264423076923078 0.6586538461538461 0.5264423076923078 0.6947115384615384 0.560096153846154 0.6947115384615384
0 0.5408653846153848 0.6923076923076923 0.5144230769230771 0.6923076923076923 0.5144230769230771 0.71875 0.5408653846153848 0.71875
0 0.6153846153846154 0.4615384615384617 0.5600961538461539 0.4615384615384617 0.5600961538461539 0.5192307692307694 0.6153846153846154 0.5192307692307694
0 0.3100961538461539 0.5360576923076923 0.22596153846153852 0.5360576923076923 0.22596153846153852 0.6225961538461539 0.31009615384615397 0.6225961538461539
0 0.6658653846153846 0.033653846153846236 0.6274038461538461 0.03365384615384623 0.6274038461538461 0.0817307692307693 0.6658653846153846 0.0817307692307693
0 0.6754807692307693 0.08894230769230776 0.6346153846153846 0.08894230769230776 0.6346153846153846 0.13701923076923084 0.6754807692307693 0.13701923076923084
0 0.6899038461538461 0.04807692307692316 0.6514423076923077 0.04807692307692316 0.6514423076923077 0.10096153846153853 0.6899038461538461 0.10096153846153853
0 0.5264423076923077 0.5168269230769231 0.49759615384615385 0.5168269230769231 0.49759615384615385 0.5504807692307693 0.5264423076923077 0.5504807692307693