0 0.7956730769230769 0.03365384615384624 0.7235576923076923 0.03365384615384624 0.7235576923076923 0.09855769230769242 0.7956730769230769 0.09855769230769242
0 0.6274038461538461 0.8221153846153846 0.5697115384615385 0.8221153846153846 0.5697115384615385 0.8942307692307693 0.6274038461538461 0.8942307692307693
0 0.6634615384615384 0.3557692307692309 0.5721153846153846 0.3557692307692309 0.5721153846153846 0.45432692307692324 0.6634615384615384 0.45432692307692324
0 0.6298076923076923 0.26682692307692313 0.5865384615384616 0.26682692307692313 0.5865384615384616 0.31009615384615397 0.6298076923076923 0.31009615384615397
0 0.35576923076923084 0.5 0.3028846153846155 0.5 0.3028846153846155 0.5600961538461539 0.3557692307692309 0.5600961538461539
0 0.6370192307692307 0.014423076923076998 0.5961538461538461 0.014423076923076995 0.5961538461538461 0.06250000000000008 0.6370192307692307 0.06250000000000008
0 0.9903846153846154 0.3149038461538463 0.7043269230769231 0.3149038461538463 0.7043269230769231 0.5865384615384617 0.9903846153846154 0.5865384615384617
0 0.5192307692307693 0.5192307692307693 0.47836538461538464 0.5192307692307693 0.4783653846153847 0.5649038461538461 0.5192307692307694 0.5649038461538461
0 0.5552884615384616 0.4423076923076923 0.4519230769230769 0.4423076923076923 0.4519230769230769 0.5576923076923077 0.5552884615384616 0.5576923076923077
0 0.6009615384615384 0.358173076923077 0.53125 0.3581730769230769 0.53125 0.44471153846153855 0.6009615384615384 0.4447115384615386
0 0.5384615384615384 0.3918269230769231 0.49278846153846156 0.3918269230769231 0.49278846153846156 0.44471153846153844 0.5384615384615384 0.44471153846153844
0 0.5817307692307693 0.3173076923076924 0.5384615384615384 0.3173076923076923 0.5384615384615384 0.36057692307692313 0.5817307692307693 0.36057692307692324
0 0.5288461538461539 0.33653846153846156 0.5048076923076923 0.33653846153846156 0.5048076923076923 0.36538461538461536 0.5288461538461539 0.36538461538461536
0 0.5408653846153846 0.3076923076923077 0.5168269230769231 0.3076923076923077 0.5168269230769231 0.34134615384615385 0.5408653846153846 0.34134615384615385
0 0.5456730769230769 0.2716346153846155 0.5192307692307693 0.2716346153846155 0.5192307692307693 0.3028846153846155 0.5456730769230769 0.3028846153846155
0 0.6009615384615384 0.18028846153846162 0.5336538461538461 0.18028846153846162 0.5336538461538461 0.25000000000000006 0.6009615384615384 0.25000000000000006
0 0.46153846153846156 0.49759615384615385 0.4206730769230769 0.49759615384615385 0.4206730769230769 0.5456730769230769 0.46153846153846156 0.5456730769230769
0 0.3774038461538463 0.6225961538461539 0.3245192307692309 0.6225961538461539 0.3245192307692309 0.6899038461538461 0.3774038461538463 0.6899038461538461
0 0.32932692307692324 0.7451923076923077 0.26682692307692313 0.7451923076923077 0.26682692307692313 0.8341346153846154 0.32932692307692324 0.8341346153846154
0 0.28846153846153855 0.7572115384615384 0.25000000000000006 0.7572115384615384 0.25000000000000006 0.8149038461538461 0.28846153846153855 0.8149038461538461
0 0.5673076923076923 0.17307692307692316 0.5432692307692307 0.17307692307692316 0.5432692307692307 0.2067307692307693 0.5673076923076923 0.2067307692307693
0 0.5240384615384616 0.24038461538461545 0.4951923076923077 0.24038461538461545 0.4951923076923077 0.28125000000000006 0.5240384615384616 0.28125000000000006
0 0.4831730769230769 0.3028846153846155 0.4495192307692308 0.3028846153846155 0.4495192307692308 0.34134615384615385 0.4831730769230769 0.34134615384615385
0 0.49759615384615385 0.28125000000000006 0.46875 0.28125000000000006 0.46875 0.31009615384615385 0.49759615384615385 0.31009615384615385
0 0.4423076923076923 0.47596153846153844 0.38461538461538464 0.47596153846153844 0.38461538461538464 0.5360576923076923 0.4423076923076923 0.5360576923076923
0 0.7788461538461539 0.38942307692307704 0.6947115384615384 0.38942307692307704 0.6947115384615384 0.47836538461538475 0.7788461538461539 0.47836538461538475
0 0.35336538461538475 0.9110576923076923 0.3125000000000001 0.9110576923076923 0.3125000000000001 0.9591346153846154 0.35336538461538475 0.9591346153846154
0 0.3461538461538463 0.8533653846153846 0.30288461538461553 0.8533653846153846 0.30288461538461553 0.9014423076923077 0.3461538461538463 0.9014423076923077
0 0.32692307692307704 0.8918269230769231 0.2884615384615386 0.8918269230769231 0.2884615384615386 0.9447115384615384 0.32692307692307704 0.9447115384615384
0 0.5048076923076923 0.44711538461538464 0.47596153846153844 0.44711538461538464 0.47596153846153844 0.4855769230769231 0.5048076923076923 0.4855769230769231