0 0.3870192307692308 0.35336538461538464 0.34134615384615385 0.35336538461538464 0.34134615384615385 0.42788461538461536 0.3870192307692308 0.42788461538461536
0 0.5288461538461539 0.24519230769230776 0.49038461538461536 0.24519230769230776 0.49038461538461536 0.3028846153846155 0.5288461538461539 0.3028846153846155
0 0.5240384615384616 0.1538461538461539 0.49038461538461536 0.1538461538461539 0.49038461538461536 0.20192307692307698 0.5240384615384616 0.20192307692307698
0 0.6754807692307693 0.108173076923077 0.625 0.108173076923077 0.625 0.16346153846153852 0.6754807692307693 0.16346153846153852
0 0.6538461538461539 0.22596153846153852 0.6105769230769231 0.22596153846153852 0.6105769230769231 0.2740384615384616 0.6538461538461539 0.2740384615384616
0 0.7572115384615384 0.42067307692307704 0.7163461538461539 0.42067307692307704 0.7163461538461539 0.47836538461538475 0.7572115384615384 0.47836538461538475
0 0.6081730769230769 0.44230769230769246 0.5673076923076923 0.44230769230769246 0.5673076923076923 0.4927884615384617 0.6081730769230769 0.4927884615384617
0 0.574519230769231 0.8485576923076923 0.5264423076923078 0.8485576923076923 0.5264423076923078 0.9014423076923077 0.574519230769231 0.9014423076923077
0 0.7283653846153846 0.7884615384615384 0.6899038461538461 0.7884615384615384 0.6899038461538461 0.8269230769230769 0.7283653846153846 0.8269230769230769
0 0.5649038461538461 0.39182692307692313 0.5264423076923077 0.3918269230769231 0.5264423076923077 0.4350961538461539 0.5649038461538461 0.43509615384615397
0 0.6706730769230769 0.9519230769230769 0.6394230769230769 0.9519230769230769 0.6394230769230769 0.9951923076923077 0.6706730769230769 0.9951923076923077
0 0.6514423076923077 0.024038461538461616 0.6129807692307693 0.024038461538461616 0.6129807692307693 0.06250000000000008 0.6514423076923077 0.06250000000000008
0 0.5649038461538461 0.18028846153846162 0.5264423076923077 0.18028846153846162 0.5264423076923077 0.23557692307692316 0.5649038461538461 0.23557692307692316
0 0.5456730769230771 0.5697115384615384 0.4951923076923078 0.5697115384615384 0.4951923076923078 0.6033653846153846 0.5456730769230771 0.6033653846153846
0 0.5528846153846155 0.5985576923076923 0.5144230769230771 0.5985576923076923 0.5144230769230771 0.65625 0.5528846153846155 0.65625
0 0.3605769230769231 0.42788461538461536 0.31971153846153844 0.42788461538461536 0.31971153846153844 0.49278846153846156 0.3605769230769231 0.49278846153846156
0 0.3317307692307694 0.5865384615384616 0.2788461538461539 0.5865384615384616 0.2788461538461539 0.6418269230769231 0.3317307692307694 0.6418269230769231
0 0.3004807692307693 0.6322115384615384 0.2524038461538462 0.6322115384615384 0.2524038461538462 0.6754807692307693 0.3004807692307693 0.6754807692307693
0 0.4326923076923078 0.6177884615384616 0.39182692307692324 0.6177884615384616 0.39182692307692324 0.6682692307692307 0.4326923076923078 0.6682692307692307
0 0.4879807692307694 0.6490384615384616 0.4326923076923078 0.6490384615384616 0.4326923076923078 0.6995192307692307 0.4879807692307694 0.6995192307692307
0 0.45432692307692324 0.6899038461538461 0.4062500000000001 0.6899038461538461 0.4062500000000001 0.7475961538461539 0.45432692307692324 0.7475961538461539
0 0.4879807692307694 0.7283653846153846 0.4447115384615386 0.7283653846153846 0.4447115384615386 0.7956730769230769 0.4879807692307694 0.7956730769230769
0 0.4615384615384617 0.9326923076923077 0.4062500000000001 0.9326923076923077 0.4062500000000001 1 0.4615384615384617 1
0 0.5312500000000001 0.7956730769230769 0.4927884615384617 0.7956730769230769 0.4927884615384617 0.8341346153846154 0.5312500000000001 0.8341346153846154
0 0.5793269230769232 0.7716346153846154 0.5384615384615385 0.7716346153846154 0.5384615384615385 0.8149038461538461 0.5793269230769232 0.8149038461538461
0 0.7115384615384616 0.8365384615384616 0.6826923076923077 0.8365384615384616 0.6826923076923077 0.875 0.7115384615384616 0.875
0 0.6971153846153846 0.8581730769230769 0.6682692307692307 0.8581730769230769 0.6682692307692307 0.9014423076923077 0.6971153846153846 0.9014423076923077
0 0.21875000000000006 0.7788461538461539 0.17307692307692316 0.7788461538461539 0.17307692307692316 0.8317307692307693 0.21875000000000006 0.8317307692307693
0 0.2596153846153847 0.7884615384615384 0.21394230769230776 0.7884615384615384 0.2139423076923078 0.8413461538461539 0.25961538461538475 0.8413461538461539