0 0.4375 0.3389423076923077 0.36538461538461536 0.3389423076923077 0.36538461538461536 0.375 0.4375 0.375
0 0.3004807692307693 0.47596153846153844 0.2475961538461539 0.47596153846153844 0.2475961538461539 0.5120192307692307 0.3004807692307693 0.5120192307692307
0 0.20192307692307698 0.47115384615384615 0.1538461538461539 0.47115384615384615 0.1538461538461539 0.49759615384615385 0.20192307692307698 0.49759615384615385
0 0.15144230769230776 0.6033653846153846 0.10096153846153853 0.6033653846153846 0.10096153846153853 0.6466346153846154 0.15144230769230776 0.6466346153846154
0 0.264423076923077 0.59375 0.21875000000000006 0.59375 0.21875000000000006 0.6346153846153846 0.264423076923077 0.6346153846153846
0 0.4615384615384617 0.7139423076923077 0.4086538461538463 0.7139423076923077 0.4086538461538463 0.7475961538461539 0.4615384615384617 0.7475961538461539
0 0.48557692307692324 0.5673076923076923 0.4375000000000001 0.5673076923076923 0.4375000000000001 0.6033653846153846 0.48557692307692324 0.6033653846153846
0 0.8966346153846154 0.5528846153846155 0.8461538461538461 0.5528846153846155 0.8461538461538461 0.5961538461538463 0.8966346153846154 0.5961538461538463
0 0.8100961538461539 0.7139423076923077 0.7716346153846154 0.7139423076923077 0.7716346153846154 0.75 0.8100961538461539 0.75
0 0.43028846153846156 0.5216346153846154 0.3894230769230769 0.5216346153846154 0.3894230769230769 0.5552884615384616 0.43028846153846156 0.5552884615384616
0 0.9831730769230769 0.6730769230769231 0.9399038461538461 0.6730769230769231 0.9399038461538461 0.6995192307692307 0.9831730769230769 0.6995192307692307
0 0.052884615384615453 0.5817307692307693 0.01682692307692315 0.5817307692307693 0.016826923076923152 0.6153846153846154 0.052884615384615453 0.6153846153846154
0 0.23076923076923084 0.5072115384615384 0.17788461538461545 0.5072115384615384 0.17788461538461545 0.5432692307692307 0.23076923076923084 0.5432692307692307
0 0.5985576923076923 0.5024038461538463 0.5745192307692307 0.5024038461538463 0.5745192307692307 0.5504807692307694 0.5985576923076923 0.5504807692307694
0 0.6514423076923077 0.5240384615384617 0.5985576923076923 0.5240384615384617 0.5985576923076923 0.5576923076923078 0.6514423076923077 0.5576923076923078
0 0.5024038461538461 0.31971153846153844 0.43990384615384615 0.31971153846153844 0.43990384615384615 0.3557692307692308 0.5024038461538461 0.3557692307692308
0 0.6538461538461539 0.28846153846153855 0.6009615384615384 0.28846153846153855 0.6009615384615384 0.3365384615384617 0.6538461538461539 0.3365384615384617
0 0.6875 0.26201923076923084 0.6466346153846154 0.26201923076923084 0.6466346153846154 0.3076923076923078 0.6875 0.3076923076923078
0 0.6706730769230769 0.4062500000000001 0.625 0.4062500000000001 0.625 0.4399038461538463 0.6706730769230769 0.4399038461538463
0 0.6995192307692307 0.44711538461538475 0.6538461538461539 0.44711538461538475 0.6538461538461539 0.49759615384615397 0.6995192307692307 0.49759615384615397
0 0.75 0.42788461538461553 0.6971153846153846 0.42788461538461553 0.6971153846153846 0.46634615384615397 0.75 0.46634615384615397
0 0.7956730769230769 0.4639423076923078 0.7307692307692307 0.4639423076923078 0.7307692307692307 0.5000000000000001 0.7956730769230769 0.5000000000000001
0 1 0.44230769230769246 0.9375 0.44230769230769246 0.9375 0.49038461538461553 1 0.49038461538461553
0 0.8293269230769231 0.5168269230769232 0.7932692307692307 0.5168269230769232 0.7932692307692307 0.5528846153846155 0.8293269230769231 0.5528846153846155
0 0.8076923076923077 0.560096153846154 0.7692307692307693 0.560096153846154 0.7692307692307693 0.6009615384615385 0.8076923076923077 0.6009615384615385
0 0.8581730769230769 0.7067307692307693 0.8221153846153846 0.7067307692307693 0.8221153846153846 0.7331730769230769 0.8581730769230769 0.7331730769230769
0 0.8870192307692307 0.6971153846153846 0.84375 0.6971153846153846 0.84375 0.7211538461538461 0.8870192307692307 0.7211538461538461
0 0.8509615384615384 0.19471153846153857 0.8004807692307693 0.19471153846153852 0.8004807692307693 0.23798076923076933 0.8509615384615384 0.23798076923076936
0 0.8581730769230769 0.23798076923076933 0.8100961538461539 0.2379807692307693 0.8100961538461539 0.27884615384615397 0.8581730769230769 0.27884615384615397