0 0.4567307692307692 0.3245192307692308 0.38461538461538464 0.3245192307692308 0.38461538461538464 0.3605769230769231 0.4567307692307692 0.3605769230769231
0 0.3028846153846155 0.44471153846153844 0.25000000000000006 0.44471153846153844 0.25000000000000006 0.4807692307692308 0.3028846153846155 0.4807692307692308
0 0.2067307692307693 0.4254807692307692 0.15865384615384623 0.4254807692307692 0.15865384615384623 0.4519230769230769 0.2067307692307693 0.4519230769230769
0 0.13701923076923084 0.5504807692307693 0.0865384615384616 0.5504807692307693 0.0865384615384616 0.59375 0.13701923076923084 0.59375
0 0.25000000000000006 0.5552884615384616 0.20432692307692316 0.5552884615384616 0.20432692307692316 0.5961538461538461 0.25000000000000006 0.5961538461538461
0 0.4302884615384617 0.7043269230769231 0.3774038461538463 0.7043269230769231 0.3774038461538463 0.7355769230769231 0.4302884615384617 0.7355769230769231
0 0.47355769230769246 0.5625 0.4254807692307694 0.5625 0.4254807692307694 0.5985576923076923 0.47355769230769246 0.5985576923076923
0 0.8822115384615384 0.605769230769231 0.8317307692307693 0.605769230769231 0.8317307692307693 0.6490384615384616 0.8822115384615384 0.6490384615384616
0 0.7740384615384616 0.75 0.7379807692307693 0.75 0.7379807692307693 0.7860576923076923 0.7740384615384616 0.7860576923076923
0 0.4254807692307692 0.5096153846153846 0.38461538461538464 0.5096153846153846 0.38461538461538464 0.5432692307692307 0.4254807692307692 0.5432692307692307
0 0.9519230769230769 0.7355769230769231 0.9086538461538461 0.7355769230769231 0.9086538461538461 0.7620192307692307 0.9519230769230769 0.7620192307692307
0 0.04326923076923084 0.5144230769230769 0.007211538461538525 0.5144230769230769 0.007211538461538528 0.5504807692307693 0.04326923076923084 0.5504807692307693
0 0.23076923076923084 0.46634615384615385 0.17788461538461545 0.46634615384615385 0.17788461538461545 0.5024038461538461 0.23076923076923084 0.5024038461538461
0 0.5937500000000001 0.5144230769230771 0.5697115384615384 0.5144230769230771 0.5697115384615385 0.560096153846154 0.5937500000000001 0.560096153846154
0 0.6418269230769231 0.543269230769231 0.5889423076923077 0.543269230769231 0.5889423076923077 0.574519230769231 0.6418269230769231 0.574519230769231
0 0.5264423076923077 0.31971153846153844 0.4639423076923077 0.31971153846153844 0.4639423076923077 0.35336538461538464 0.5264423076923077 0.35336538461538464
0 0.6778846153846154 0.3076923076923078 0.6274038461538461 0.3076923076923078 0.6274038461538461 0.3557692307692309 0.6778846153846154 0.3557692307692309
0 0.7163461538461539 0.28846153846153855 0.6754807692307693 0.28846153846153855 0.6754807692307693 0.33413461538461553 0.7163461538461539 0.33413461538461553
0 0.6802884615384616 0.4254807692307694 0.6346153846153846 0.4254807692307694 0.6346153846153846 0.4615384615384617 0.6802884615384616 0.4615384615384617
0 0.7019230769230769 0.4711538461538463 0.6538461538461539 0.4711538461538463 0.6538461538461539 0.5216346153846155 0.7019230769230769 0.5216346153846155
0 0.7548076923076923 0.45913461538461553 0.7019230769230769 0.45913461538461553 0.7019230769230769 0.49759615384615397 0.7548076923076923 0.49759615384615397
0 0.7956730769230769 0.5024038461538463 0.7307692307692307 0.5024038461538463 0.7307692307692307 0.5384615384615385 0.7956730769230769 0.5384615384615385
0 1 0.5072115384615385 0.9375 0.5072115384615385 0.9375 0.5552884615384617 1 0.5552884615384617
0 0.8197115384615384 0.5576923076923078 0.7860576923076923 0.5576923076923078 0.7860576923076923 0.5961538461538463 0.8197115384615384 0.5961538461538463
0 0.7932692307692307 0.5985576923076924 0.7548076923076923 0.5985576923076924 0.7548076923076923 0.6394230769230769 0.7932692307692307 0.6394230769230769
0 0.8245192307692307 0.7524038461538461 0.7884615384615384 0.7524038461538461 0.7884615384615384 0.7788461538461539 0.8245192307692307 0.7788461538461539
0 0.8557692307692307 0.7451923076923077 0.8125 0.7451923076923077 0.8125 0.7692307692307693 0.8557692307692307 0.7692307692307693
0 0.8870192307692307 0.24278846153846165 0.8365384615384616 0.24278846153846162 0.8365384615384616 0.2860576923076924 0.8870192307692307 0.28605769230769246
0 0.8870192307692307 0.28605769230769246 0.8389423076923077 0.28605769230769246 0.8389423076923077 0.32692307692307704 0.8870192307692307 0.32692307692307704