0 0.3774038461538463 0.5649038461538461 0.3365384615384617 0.5649038461538461 0.3365384615384617 0.6370192307692307 0.3774038461538463 0.6370192307692307
0 0.512019230769231 0.6995192307692307 0.47355769230769246 0.6995192307692307 0.47355769230769246 0.7548076923076923 0.512019230769231 0.7548076923076923
0 0.5000000000000001 0.7980769230769231 0.4711538461538463 0.7980769230769231 0.4711538461538463 0.8461538461538461 0.5000000000000001 0.8461538461538461
0 0.6466346153846154 0.8509615384615384 0.6033653846153848 0.8509615384615384 0.6033653846153848 0.9014423076923077 0.6466346153846154 0.9014423076923077
0 0.6346153846153846 0.7355769230769231 0.591346153846154 0.7355769230769231 0.591346153846154 0.78125 0.6346153846153846 0.78125
0 0.7475961538461539 0.5408653846153848 0.7139423076923077 0.5408653846153848 0.7139423076923077 0.5937500000000001 0.7475961538461539 0.5937500000000001
0 0.6057692307692308 0.5144230769230771 0.5673076923076923 0.5144230769230771 0.5673076923076924 0.5649038461538463 0.605769230769231 0.5649038461538463
0 0.5985576923076923 0.10336538461538468 0.5504807692307693 0.10336538461538468 0.5504807692307693 0.15625000000000006 0.5985576923076923 0.15625000000000006
0 0.75 0.18990384615384623 0.7115384615384616 0.18990384615384623 0.7115384615384616 0.23076923076923084 0.75 0.23076923076923084
0 0.5576923076923078 0.5697115384615384 0.5216346153846155 0.5697115384615384 0.5216346153846155 0.6129807692307693 0.5576923076923078 0.6129807692307693
0 0.7019230769230769 0.01682692307692316 0.6730769230769231 0.01682692307692316 0.6730769230769231 0.06009615384615393 0.7019230769230769 0.06009615384615393
0 0.6177884615384616 0.9471153846153846 0.5817307692307694 0.9471153846153846 0.5817307692307694 0.9831730769230769 0.6177884615384616 0.9831730769230769
0 0.543269230769231 0.7716346153846154 0.5072115384615385 0.7716346153846154 0.5072115384615385 0.8245192307692307 0.543269230769231 0.8245192307692307
0 0.5504807692307693 0.39903846153846156 0.5024038461538461 0.39903846153846156 0.5024038461538461 0.42788461538461536 0.5504807692307693 0.42788461538461536
0 0.5576923076923077 0.35096153846153844 0.5240384615384616 0.35096153846153844 0.5240384615384616 0.40384615384615385 0.5576923076923077 0.40384615384615385
0 0.35576923076923084 0.5 0.31971153846153844 0.5 0.31971153846153855 0.5625 0.3557692307692309 0.5625
0 0.3389423076923077 0.34615384615384615 0.2860576923076924 0.34615384615384615 0.2860576923076924 0.4014423076923077 0.3389423076923077 0.4014423076923077
0 0.31009615384615385 0.3125 0.26201923076923084 0.3125 0.26201923076923084 0.3557692307692308 0.31009615384615385 0.3557692307692308
0 0.43990384615384615 0.3293269230769231 0.40625 0.3293269230769231 0.40625 0.375 0.43990384615384615 0.375
0 0.5 0.29807692307692313 0.44711538461538464 0.29807692307692313 0.44711538461538464 0.3485576923076923 0.5 0.3485576923076923
0 0.46634615384615385 0.25000000000000006 0.4254807692307692 0.25000000000000006 0.4254807692307692 0.3052884615384616 0.46634615384615385 0.3052884615384616
0 0.5 0.20432692307692316 0.4639423076923077 0.20432692307692316 0.4639423076923077 0.2692307692307693 0.5 0.2692307692307693
0 0.49278846153846156 5.696373933533962e-17 0.4375 5.35782974626967e-17 0.4375 0.06490384615384621 0.49278846153846156 0.06490384615384623
0 0.5528846153846154 0.17067307692307698 0.5168269230769231 0.17067307692307698 0.5168269230769231 0.2067307692307693 0.5528846153846154 0.2067307692307693
0 0.6009615384615384 0.19230769230769237 0.5576923076923077 0.19230769230769237 0.5576923076923077 0.23317307692307698 0.6009615384615384 0.23317307692307698
0 0.7355769230769231 0.14182692307692318 0.7067307692307693 0.14182692307692318 0.7067307692307693 0.18028846153846162 0.7355769230769231 0.18028846153846162
0 0.7235576923076923 0.11298076923076932 0.6971153846153846 0.1129807692307693 0.6971153846153846 0.15625000000000006 0.7235576923076923 0.15625000000000006
0 0.23798076923076922 0.14903846153846156 0.19471153846153846 0.14903846153846156 0.19471153846153846 0.20192307692307693 0.23798076923076922 0.20192307692307693
0 0.28125 0.1418269230769231 0.23798076923076922 0.1418269230769231 0.23798076923076922 0.1899038461538462 0.28125 0.18990384615384623