0 0.5793269230769231 0.29807692307692313 0.49759615384615385 0.29807692307692313 0.49759615384615385 0.358173076923077 0.5793269230769231 0.35817307692307704
0 0.7403846153846154 0.38461538461538475 0.6778846153846154 0.38461538461538475 0.6778846153846154 0.43509615384615397 0.7403846153846154 0.43509615384615397
0 0.8197115384615384 0.3461538461538463 0.7668269230769231 0.3461538461538463 0.7668269230769231 0.38461538461538475 0.8197115384615384 0.38461538461538475
0 0.9278846153846154 0.44711538461538475 0.8653846153846154 0.44711538461538475 0.8653846153846154 0.5072115384615385 0.9278846153846154 0.5072115384615385
0 0.8100961538461539 0.4807692307692309 0.7548076923076923 0.4807692307692309 0.7548076923076923 0.5336538461538463 0.8100961538461539 0.5336538461538463
0 0.6778846153846154 0.6682692307692307 0.6177884615384616 0.6682692307692307 0.6177884615384616 0.7139423076923077 0.6778846153846154 0.7139423076923077
0 0.5961538461538463 0.5408653846153847 0.5408653846153846 0.5408653846153846 0.5408653846153847 0.5889423076923077 0.5961538461538463 0.5889423076923078
0 0.2163461538461539 0.6802884615384616 0.1538461538461539 0.6802884615384616 0.1538461538461539 0.7379807692307693 0.2163461538461539 0.7379807692307693
0 0.34134615384615397 0.7980769230769231 0.29326923076923084 0.7980769230769231 0.2932692307692309 0.8461538461538461 0.34134615384615397 0.8461538461538461
0 0.625 0.47836538461538475 0.5745192307692307 0.47836538461538475 0.5745192307692307 0.5264423076923078 0.625 0.5264423076923078
0 0.16826923076923087 0.8269230769230769 0.12019230769230779 0.8269230769230769 0.12019230769230779 0.8653846153846154 0.1682692307692309 0.8653846153846154
0 0.9927884615384616 0.3942307692307694 0.9471153846153846 0.3942307692307694 0.9471153846153846 0.4399038461538463 0.9927884615384616 0.4399038461538463
0 0.8149038461538461 0.3870192307692309 0.7548076923076923 0.3870192307692309 0.7548076923076923 0.4375000000000001 0.8149038461538461 0.4375000000000001
0 0.44951923076923084 0.53125 0.4110576923076923 0.53125 0.4110576923076924 0.5841346153846154 0.4495192307692309 0.5841346153846154
0 0.4326923076923078 0.5625 0.37259615384615397 0.5625 0.37259615384615397 0.6081730769230769 0.4326923076923078 0.6081730769230769
0 0.5024038461538461 0.3125 0.43028846153846156 0.3125 0.43028846153846156 0.36778846153846156 0.5024038461538461 0.36778846153846156
0 0.34134615384615385 0.34615384615384615 0.28125000000000006 0.34615384615384615 0.28125000000000006 0.40384615384615385 0.34134615384615385 0.40384615384615385
0 0.29326923076923084 0.33653846153846156 0.2379807692307693 0.33653846153846156 0.2379807692307693 0.3942307692307692 0.29326923076923084 0.3942307692307692
0 0.3629807692307692 0.45913461538461536 0.3076923076923077 0.45913461538461536 0.3076923076923077 0.5072115384615384 0.3629807692307692 0.5072115384615384
0 0.358173076923077 0.5096153846153846 0.29807692307692313 0.5096153846153846 0.29807692307692313 0.5721153846153846 0.35817307692307704 0.5721153846153846
0 0.3052884615384616 0.5072115384615384 0.24038461538461545 0.5072115384615384 0.24038461538461545 0.5625 0.3052884615384616 0.5625
0 0.2860576923076924 0.5576923076923077 0.21394230769230776 0.5576923076923077 0.21394230769230776 0.6105769230769231 0.2860576923076924 0.6105769230769231
0 0.09134615384615391 0.6081730769230769 0.014423076923076995 0.6081730769230769 0.014423076923077 0.6754807692307693 0.09134615384615391 0.6754807692307693
0 0.2475961538461539 0.625 0.20432692307692316 0.625 0.20432692307692316 0.6706730769230769 0.2475961538461539 0.6706730769230769
0 0.2908653846153847 0.65625 0.24038461538461545 0.65625 0.24038461538461545 0.7091346153846154 0.2908653846153847 0.7091346153846154
0 0.28846153846153855 0.8125 0.24519230769230776 0.8125 0.2451923076923078 0.8509615384615384 0.2884615384615386 0.8509615384615384
0 0.26442307692307704 0.8125 0.2163461538461539 0.8125 0.21634615384615394 0.8509615384615384 0.26442307692307704 0.8509615384615384
0 0.12259615384615388 0.3317307692307692 0.06250000000000003 0.3317307692307692 0.06250000000000004 0.3870192307692308 0.12259615384615388 0.3870192307692308
0 0.12980769230769235 0.375 0.07211538461538466 0.375 0.07211538461538466 0.42788461538461536 0.12980769230769237 0.42788461538461536