0 0.3653846153846155 0.5360576923076923 0.3173076923076923 0.5360576923076923 0.3173076923076924 0.6129807692307693 0.36538461538461553 0.6129807692307693
0 0.47836538461538475 0.6923076923076923 0.4302884615384617 0.6923076923076923 0.4302884615384617 0.75 0.47836538461538475 0.75
0 0.44711538461538475 0.7884615384615384 0.41105769230769246 0.7884615384615384 0.41105769230769246 0.8413461538461539 0.44711538461538475 0.8413461538461539
0 0.5865384615384617 0.8605769230769231 0.528846153846154 0.8605769230769231 0.528846153846154 0.9206730769230769 0.5865384615384617 0.9206730769230769
0 0.591346153846154 0.7475961538461539 0.5408653846153848 0.7475961538461539 0.5408653846153848 0.8028846153846154 0.591346153846154 0.8028846153846154
0 0.7379807692307693 0.5769230769230771 0.6947115384615384 0.5769230769230771 0.6947115384615384 0.6346153846153846 0.7379807692307693 0.6346153846153846
0 0.6009615384615385 0.5264423076923077 0.5552884615384616 0.5264423076923077 0.5552884615384616 0.5793269230769231 0.6009615384615385 0.5793269230769232
0 0.6634615384615384 0.12019230769230776 0.6129807692307693 0.12019230769230776 0.6129807692307693 0.1754807692307693 0.6634615384615384 0.1754807692307693
0 0.8028846153846154 0.23076923076923084 0.7548076923076923 0.23076923076923084 0.7548076923076923 0.2788461538461539 0.8028846153846154 0.2788461538461539
0 0.5456730769230771 0.5697115384615384 0.5000000000000001 0.5697115384615384 0.5000000000000001 0.6201923076923077 0.5456730769230771 0.6201923076923077
0 0.78125 0.055288461538461633 0.7451923076923077 0.05528846153846163 0.7451923076923077 0.10336538461538472 0.78125 0.10336538461538472
0 0.5384615384615385 0.9543269230769231 0.49759615384615397 0.9543269230769231 0.49759615384615397 0.9951923076923077 0.5384615384615385 0.9951923076923077
0 0.49759615384615397 0.7692307692307693 0.45192307692307704 0.7692307692307693 0.45192307692307704 0.8269230769230769 0.49759615384615397 0.8269230769230769
0 0.5673076923076923 0.4038461538461539 0.5168269230769231 0.40384615384615385 0.5168269230769231 0.4350961538461539 0.5673076923076923 0.43509615384615397
0 0.5841346153846154 0.35576923076923084 0.5384615384615384 0.3557692307692308 0.5384615384615384 0.41346153846153855 0.5841346153846154 0.4134615384615386
0 0.3605769230769231 0.46634615384615385 0.31009615384615385 0.46634615384615385 0.31009615384615385 0.5384615384615384 0.3605769230769231 0.5384615384615384
0 0.36538461538461536 0.3125 0.3076923076923077 0.3125 0.3076923076923077 0.37259615384615385 0.36538461538461536 0.37259615384615385
0 0.34615384615384615 0.2740384615384616 0.29086538461538464 0.2740384615384616 0.29086538461538464 0.3245192307692308 0.34615384615384615 0.3245192307692308
0 0.47115384615384615 0.31490384615384615 0.42788461538461536 0.31490384615384615 0.42788461538461536 0.36778846153846156 0.47115384615384615 0.36778846153846156
0 0.5336538461538461 0.29326923076923084 0.4735576923076923 0.29326923076923084 0.4735576923076923 0.35096153846153844 0.5336538461538461 0.35096153846153844
0 0.5096153846153846 0.24278846153846162 0.46153846153846156 0.24278846153846162 0.46153846153846156 0.3004807692307693 0.5096153846153846 0.3004807692307693
0 0.5552884615384616 0.20192307692307698 0.5024038461538461 0.20192307692307698 0.5024038461538461 0.27644230769230776 0.5552884615384616 0.27644230769230776
0 0.5769230769230769 6.697287182837088e-17 0.5168269230769231 6.329304370593292e-17 0.5168269230769231 0.06971153846153853 0.5769230769230769 0.06971153846153853
0 0.6105769230769231 0.17788461538461545 0.5673076923076923 0.17788461538461545 0.5673076923076923 0.22115384615384623 0.6105769230769231 0.22115384615384623
0 0.6538461538461539 0.20913461538461545 0.6033653846153846 0.20913461538461545 0.6033653846153846 0.2548076923076924 0.6538461538461539 0.2548076923076924
0 0.7908653846153846 0.18269230769230776 0.7596153846153846 0.18269230769230776 0.7596153846153846 0.22355769230769237 0.7908653846153846 0.22355769230769237
0 0.7860576923076923 0.1538461538461539 0.7524038461538461 0.1538461538461539 0.7524038461538461 0.20192307692307698 0.7860576923076923 0.20192307692307698
0 0.30528846153846156 0.10096153846153849 0.25 0.10096153846153849 0.25 0.16105769230769235 0.30528846153846156 0.16105769230769237
0 0.3485576923076923 0.09855769230769235 0.2932692307692308 0.09855769230769235 0.2932692307692308 0.15865384615384623 0.3485576923076923 0.15865384615384623