0 0.37259615384615385 0.3798076923076923 0.31490384615384615 0.3798076923076923 0.31490384615384615 0.46153846153846156 0.37259615384615385 0.46153846153846156
0 0.49038461538461536 0.24519230769230776 0.4375 0.24519230769230776 0.4375 0.31009615384615385 0.49038461538461536 0.31009615384615385
0 0.46153846153846156 0.15625000000000006 0.4182692307692308 0.15625000000000006 0.4182692307692308 0.20913461538461545 0.46153846153846156 0.20913461538461545
0 0.6009615384615384 0.0817307692307693 0.5432692307692307 0.0817307692307693 0.5432692307692307 0.14182692307692316 0.6009615384615384 0.14182692307692316
0 0.6033653846153846 0.19951923076923084 0.5480769230769231 0.19951923076923084 0.5480769230769231 0.25721153846153855 0.6033653846153846 0.25721153846153855
0 0.7451923076923077 0.3701923076923078 0.6971153846153846 0.3701923076923078 0.6971153846153846 0.43509615384615397 0.7451923076923077 0.43509615384615397
0 0.6033653846153846 0.42307692307692313 0.5552884615384616 0.4230769230769231 0.5552884615384616 0.4783653846153847 0.6033653846153846 0.47836538461538475
0 0.65625 0.8245192307692307 0.5985576923076924 0.8245192307692307 0.5985576923076924 0.8846153846153846 0.65625 0.8846153846153846
0 0.7908653846153846 0.7331730769230769 0.7451923076923077 0.7331730769230769 0.7451923076923077 0.7788461538461539 0.7908653846153846 0.7788461538461539
0 0.5504807692307693 0.3798076923076923 0.5024038461538461 0.3798076923076923 0.5024038461538461 0.4326923076923077 0.5504807692307693 0.4326923076923077
0 0.7692307692307693 0.9086538461538461 0.7283653846153846 0.9086538461538461 0.7283653846153846 0.9567307692307693 0.7692307692307693 0.9567307692307693
0 0.5552884615384616 0.002403846153846219 0.5096153846153846 0.0024038461538462156 0.5096153846153846 0.04807692307692314 0.5552884615384616 0.04807692307692314
0 0.5096153846153846 0.17307692307692316 0.46153846153846156 0.17307692307692316 0.46153846153846156 0.23557692307692316 0.5096153846153846 0.23557692307692316
0 0.5649038461538463 0.560096153846154 0.512019230769231 0.5600961538461539 0.512019230769231 0.6009615384615385 0.5649038461538463 0.6009615384615385
0 0.5841346153846155 0.5865384615384616 0.5360576923076924 0.5865384615384616 0.5360576923076924 0.6514423076923077 0.5841346153846155 0.6514423076923077
0 0.3605769230769231 0.4567307692307692 0.3076923076923077 0.4567307692307692 0.3076923076923077 0.5288461538461539 0.3605769230769231 0.5288461538461539
0 0.36538461538461553 0.6201923076923077 0.3004807692307693 0.6201923076923077 0.3004807692307693 0.6875 0.36538461538461553 0.6875
0 0.3389423076923078 0.6706730769230769 0.2836538461538462 0.6706730769230769 0.2836538461538462 0.7211538461538461 0.3389423076923078 0.7211538461538461
0 0.4687500000000001 0.6298076923076923 0.42067307692307704 0.6298076923076923 0.42067307692307704 0.6875 0.4687500000000001 0.6875
0 0.5312500000000001 0.6466346153846154 0.4639423076923078 0.6466346153846154 0.4639423076923078 0.7091346153846154 0.5312500000000001 0.7091346153846154
0 0.5024038461538463 0.6971153846153846 0.45192307692307704 0.6971153846153846 0.45192307692307704 0.7596153846153846 0.5024038461538463 0.7596153846153846
0 0.5480769230769232 0.7259615384615384 0.4927884615384617 0.7259615384615384 0.4927884615384617 0.8028846153846154 0.5480769230769232 0.8028846153846154
0 0.5649038461538463 0.9302884615384616 0.49759615384615397 0.9302884615384616 0.49759615384615397 1 0.5649038461538463 1
0 0.6009615384615385 0.7836538461538461 0.5552884615384617 0.7836538461538461 0.5552884615384617 0.8269230769230769 0.6009615384615385 0.8269230769230769
0 0.6418269230769231 0.7475961538461539 0.5937500000000001 0.7475961538461539 0.5937500000000001 0.7980769230769231 0.6418269230769231 0.7980769230769231
0 0.7836538461538461 0.7860576923076923 0.7475961538461539 0.7860576923076923 0.7475961538461539 0.8293269230769231 0.7836538461538461 0.8293269230769231
0 0.7764423076923077 0.8076923076923077 0.7379807692307693 0.8076923076923077 0.7379807692307693 0.8581730769230769 0.7764423076923077 0.8581730769230769
0 0.2932692307692309 0.8317307692307693 0.2379807692307693 0.8317307692307693 0.23798076923076933 0.8918269230769231 0.2932692307692309 0.8918269230769231
0 0.3365384615384617 0.8341346153846154 0.2836538461538462 0.8341346153846154 0.28365384615384626 0.8942307692307693 0.3365384615384617 0.8942307692307693