0 0.6730769230769231 0.5576923076923078 0.6201923076923077 0.5576923076923078 0.6201923076923077 0.6370192307692307 0.6730769230769231 0.6370192307692307
0 0.5336538461538463 0.6995192307692307 0.4879807692307694 0.6995192307692307 0.4879807692307694 0.7572115384615384 0.5336538461538463 0.7572115384615384
0 0.5408653846153848 0.7980769230769231 0.5048076923076924 0.7980769230769231 0.5048076923076924 0.8485576923076923 0.5408653846153848 0.8485576923076923
0 0.4086538461538463 0.8485576923076923 0.35336538461538475 0.8485576923076923 0.35336538461538475 0.90625 0.4086538461538463 0.90625
0 0.4182692307692309 0.7355769230769231 0.3677884615384617 0.7355769230769231 0.3677884615384617 0.7884615384615384 0.4182692307692309 0.7884615384615384
0 0.2908653846153847 0.5408653846153846 0.25000000000000006 0.5408653846153846 0.25000000000000006 0.5985576923076923 0.2908653846153847 0.5985576923076923
0 0.4350961538461539 0.5144230769230769 0.39663461538461536 0.5144230769230769 0.3966346153846155 0.5673076923076923 0.43509615384615397 0.5673076923076923
0 0.4423076923076923 0.10576923076923082 0.3942307692307692 0.10576923076923081 0.3942307692307692 0.15865384615384623 0.4423076923076923 0.15865384615384623
0 0.28846153846153844 0.19230769230769235 0.24519230769230768 0.19230769230769232 0.24519230769230768 0.2355769230769231 0.28846153846153844 0.23557692307692316
0 0.48317307692307704 0.5697115384615384 0.4447115384615386 0.5697115384615384 0.4447115384615386 0.6153846153846154 0.48317307692307704 0.6153846153846154
0 0.32211538461538464 0.01923076923076927 0.28846153846153844 0.019230769230769267 0.28846153846153844 0.06490384615384619 0.32211538461538464 0.06490384615384619
0 0.4302884615384617 0.9471153846153846 0.38942307692307704 0.9471153846153846 0.38942307692307704 0.9879807692307693 0.4302884615384617 0.9879807692307693
0 0.5024038461538463 0.7692307692307693 0.45913461538461553 0.7692307692307693 0.45913461538461553 0.8269230769230769 0.5024038461538463 0.8269230769230769
0 0.5 0.39903846153846156 0.4495192307692308 0.39903846153846156 0.4495192307692308 0.43028846153846156 0.5 0.43028846153846156
0 0.47836538461538464 0.3485576923076923 0.43509615384615385 0.3485576923076923 0.43509615384615385 0.40865384615384615 0.47836538461538464 0.40865384615384615
0 0.6850961538461539 0.4927884615384617 0.6370192307692307 0.4927884615384617 0.6370192307692307 0.5625000000000001 0.6850961538461539 0.5625000000000001
0 0.7139423076923077 0.34134615384615397 0.65625 0.34134615384615397 0.65625 0.3990384615384617 0.7139423076923077 0.3990384615384617
0 0.7379807692307693 0.3052884615384616 0.6875 0.3052884615384616 0.6875 0.35336538461538475 0.7379807692307693 0.35336538461538475
0 0.5985576923076923 0.32451923076923084 0.5552884615384616 0.3245192307692308 0.5552884615384616 0.3774038461538462 0.5985576923076923 0.3774038461538463
0 0.5552884615384616 0.29326923076923084 0.4951923076923077 0.29326923076923084 0.4951923076923077 0.35336538461538464 0.5552884615384616 0.35336538461538464
0 0.5745192307692307 0.2475961538461539 0.5288461538461539 0.2475961538461539 0.5288461538461539 0.3052884615384616 0.5745192307692307 0.3052884615384616
0 0.5384615384615384 0.20192307692307698 0.4879807692307692 0.20192307692307698 0.4879807692307692 0.2740384615384616 0.5384615384615384 0.2740384615384616
0 0.5552884615384616 6.447058870511307e-17 0.49759615384615385 6.093795370757262e-17 0.49759615384615385 0.06730769230769237 0.5552884615384616 0.06730769230769237
0 0.4831730769230769 0.17067307692307698 0.43990384615384615 0.17067307692307698 0.43990384615384615 0.21153846153846162 0.4831730769230769 0.21153846153846162
0 0.43990384615384615 0.19230769230769237 0.3918269230769231 0.19230769230769237 0.3918269230769231 0.24038461538461545 0.43990384615384615 0.24038461538461545
0 0.29086538461538464 0.14423076923076927 0.25721153846153844 0.14423076923076927 0.25721153846153844 0.18509615384615388 0.29086538461538464 0.1850961538461539
0 0.3004807692307692 0.11538461538461542 0.27163461538461536 0.11538461538461542 0.27163461538461536 0.16105769230769235 0.3004807692307692 0.16105769230769237
0 0.8052884615384616 0.14182692307692318 0.7524038461538461 0.14182692307692318 0.7524038461538461 0.19951923076923084 0.8052884615384616 0.19951923076923084
0 0.7620192307692307 0.13701923076923087 0.7139423076923077 0.13701923076923087 0.7139423076923077 0.19230769230769237 0.7620192307692307 0.19230769230769237