0 0.42788461538461536 0.34375 0.3557692307692308 0.34375 0.3557692307692308 0.38221153846153844 0.42788461538461536 0.38221153846153844
0 0.3028846153846155 0.4879807692307692 0.2475961538461539 0.4879807692307692 0.2475961538461539 0.5264423076923077 0.3028846153846155 0.5264423076923077
0 0.19951923076923084 0.4855769230769231 0.1538461538461539 0.4855769230769231 0.1538461538461539 0.5168269230769231 0.19951923076923084 0.5168269230769231
0 0.15865384615384623 0.6225961538461539 0.10576923076923084 0.6225961538461539 0.10576923076923084 0.6682692307692307 0.15865384615384623 0.6682692307692307
0 0.2692307692307693 0.6057692307692307 0.22355769230769237 0.6057692307692307 0.22355769230769237 0.6466346153846154 0.2692307692307693 0.6466346153846154
0 0.47355769230769246 0.7163461538461539 0.4182692307692309 0.7163461538461539 0.4182692307692309 0.7524038461538461 0.47355769230769246 0.7524038461538461
0 0.49038461538461553 0.5673076923076923 0.44230769230769246 0.5673076923076923 0.44230769230769246 0.6057692307692307 0.49038461538461553 0.6057692307692307
0 0.8990384615384616 0.5336538461538463 0.8461538461538461 0.5336538461538463 0.8461538461538461 0.5793269230769232 0.8990384615384616 0.5793269230769232
0 0.8221153846153846 0.6947115384615384 0.7836538461538461 0.6947115384615384 0.7836538461538461 0.7331730769230769 0.8221153846153846 0.7331730769230769
0 0.43269230769230776 0.5264423076923077 0.3918269230769231 0.5264423076923077 0.39182692307692313 0.5625 0.4326923076923078 0.5625
0 0.9927884615384616 0.6466346153846154 0.9495192307692307 0.6466346153846154 0.9495192307692307 0.6778846153846154 0.9927884615384616 0.6778846153846154
0 0.05769230769230777 0.6057692307692307 0.02163461538461546 0.6057692307692307 0.02163461538461546 0.6418269230769231 0.05769230769230778 0.6418269230769231
0 0.23317307692307698 0.5216346153846154 0.17788461538461545 0.5216346153846154 0.17788461538461545 0.5600961538461539 0.23317307692307698 0.5600961538461539
0 0.6009615384615384 0.49759615384615397 0.5721153846153846 0.49759615384615397 0.5721153846153846 0.5456730769230771 0.6009615384615384 0.5456730769230771
0 0.6538461538461539 0.5168269230769232 0.5985576923076923 0.5168269230769232 0.5985576923076923 0.5528846153846155 0.6538461538461539 0.5528846153846155
0 0.49278846153846156 0.31971153846153844 0.43028846153846156 0.31971153846153844 0.43028846153846156 0.3581730769230769 0.49278846153846156 0.3581730769230769
0 0.6466346153846154 0.28125000000000006 0.5913461538461539 0.28125000000000006 0.5913461538461539 0.3317307692307694 0.6466346153846154 0.3317307692307694
0 0.6778846153846154 0.2548076923076924 0.6346153846153846 0.2548076923076924 0.6346153846153846 0.3028846153846155 0.6778846153846154 0.3028846153846155
0 0.6682692307692307 0.39663461538461553 0.6201923076923077 0.39663461538461553 0.6201923076923077 0.4326923076923078 0.6682692307692307 0.4326923076923078
0 0.6995192307692307 0.4375000000000001 0.6514423076923077 0.4375000000000001 0.6514423076923077 0.49038461538461553 0.6995192307692307 0.49038461538461553
0 0.7475961538461539 0.4134615384615386 0.6923076923076923 0.4134615384615386 0.6923076923076923 0.45432692307692324 0.7475961538461539 0.45432692307692324
0 0.7956730769230769 0.45192307692307704 0.7283653846153846 0.45192307692307704 0.7283653846153846 0.49038461538461553 0.7956730769230769 0.49038461538461553
0 0.9975961538461539 0.41586538461538475 0.9350961538461539 0.41586538461538475 0.9350961538461539 0.46634615384615397 0.9975961538461539 0.46634615384615397
0 0.8317307692307693 0.5000000000000001 0.7956730769230769 0.5000000000000001 0.7956730769230769 0.5384615384615385 0.8317307692307693 0.5384615384615385
0 0.8125 0.543269230769231 0.7716346153846154 0.543269230769231 0.7716346153846154 0.5841346153846155 0.8125 0.5841346153846155
0 0.8701923076923077 0.6899038461538461 0.8317307692307693 0.6899038461538461 0.8317307692307693 0.7163461538461539 0.8701923076923077 0.7163461538461539
0 0.8990384615384616 0.6754807692307693 0.8557692307692307 0.6754807692307693 0.8557692307692307 0.7019230769230769 0.8990384615384616 0.7019230769230769
0 0.8341346153846154 0.17788461538461545 0.7836538461538461 0.17788461538461545 0.7836538461538461 0.22115384615384623 0.8341346153846154 0.22115384615384623
0 0.8461538461538461 0.22115384615384626 0.7956730769230769 0.22115384615384623 0.7956730769230769 0.26442307692307704 0.8461538461538461 0.26442307692307704