0 0.9471153846153846 0.560096153846154 0.8870192307692307 0.560096153846154 0.8870192307692307 0.6033653846153848 0.9471153846153846 0.6033653846153848
0 0.8822115384615384 0.5000000000000001 0.8197115384615384 0.5000000000000001 0.8197115384615384 0.543269230769231 0.8822115384615384 0.543269230769231
0 0.8365384615384616 0.47836538461538475 0.7788461538461539 0.47836538461538475 0.7788461538461539 0.5192307692307694 0.8365384615384616 0.5192307692307694
0 0.7836538461538461 0.4375000000000001 0.7235576923076923 0.4375000000000001 0.7235576923076923 0.4807692307692309 0.7836538461538461 0.4807692307692309
0 0.7427884615384616 0.3942307692307694 0.6850961538461539 0.3942307692307694 0.6850961538461539 0.4399038461538463 0.7427884615384616 0.4399038461538463
0 0.6682692307692307 0.35336538461538475 0.6057692307692307 0.35336538461538475 0.6057692307692307 0.3990384615384617 0.6682692307692307 0.3990384615384617
0 0.6225961538461539 0.29807692307692313 0.5673076923076923 0.29807692307692313 0.5673076923076923 0.34134615384615397 0.6225961538461539 0.34134615384615397
0 0.5576923076923077 0.24519230769230776 0.4951923076923077 0.24519230769230776 0.4951923076923077 0.2908653846153847 0.5576923076923077 0.2908653846153847
0 0.5024038461538461 0.1971153846153847 0.4375 0.1971153846153847 0.4375 0.24278846153846162 0.5024038461538461 0.24278846153846162
0 0.38461538461538464 0.18028846153846162 0.3269230769230769 0.18028846153846162 0.3269230769230769 0.22355769230769237 0.38461538461538464 0.22355769230769237
0 0.38221153846153844 0.10336538461538465 0.3293269230769231 0.10336538461538465 0.3293269230769231 0.14423076923076927 0.38221153846153844 0.14423076923076927
0 0.3894230769230769 0.2740384615384616 0.33413461538461536 0.2740384615384616 0.33413461538461536 0.31490384615384615 0.3894230769230769 0.31490384615384615
0 0.3894230769230769 0.32211538461538464 0.3317307692307692 0.32211538461538464 0.3317307692307692 0.3701923076923077 0.3894230769230769 0.3701923076923077
0 0.3581730769230769 0.4326923076923077 0.3052884615384616 0.4326923076923077 0.3052884615384616 0.47115384615384615 0.3581730769230769 0.47115384615384615
0 0.3485576923076923 0.36778846153846156 0.3004807692307693 0.36778846153846156 0.3004807692307693 0.40384615384615385 0.3485576923076923 0.40384615384615385
0 0.3485576923076923 0.4855769230769231 0.2908653846153847 0.4855769230769231 0.2908653846153847 0.5240384615384616 0.3485576923076923 0.5240384615384616
0 0.3629807692307693 0.5528846153846154 0.3004807692307693 0.5528846153846154 0.3004807692307693 0.6009615384615384 0.3629807692307694 0.6009615384615384