0 0.108173076923077 0.49038461538461536 0.04326923076923084 0.49038461538461536 0.04326923076923084 0.5408653846153846 0.108173076923077 0.5408653846153846
0 0.18750000000000006 0.4375 0.11538461538461545 0.4375 0.11538461538461545 0.4951923076923077 0.18750000000000006 0.4951923076923077
0 0.2283653846153847 0.42788461538461536 0.16826923076923084 0.42788461538461536 0.16826923076923084 0.4735576923076923 0.2283653846153847 0.4735576923076923
0 0.2908653846153847 0.3942307692307692 0.22355769230769237 0.3942307692307692 0.22355769230769237 0.44711538461538464 0.2908653846153847 0.44711538461538464
0 0.33413461538461536 0.3557692307692308 0.2692307692307693 0.3557692307692308 0.2692307692307693 0.4110576923076923 0.33413461538461536 0.4110576923076923
0 0.4182692307692308 0.3317307692307692 0.35336538461538464 0.3317307692307692 0.35336538461538464 0.38461538461538464 0.4182692307692308 0.38461538461538464
0 0.46875 0.2788461538461539 0.40384615384615385 0.2788461538461539 0.40384615384615385 0.3317307692307692 0.46875 0.3317307692307692
0 0.5456730769230769 0.24038461538461545 0.47596153846153844 0.24038461538461545 0.47596153846153844 0.29326923076923084 0.5456730769230769 0.29326923076923084
0 0.6105769230769231 0.20192307692307698 0.5408653846153846 0.20192307692307698 0.5408653846153846 0.2548076923076924 0.6105769230769231 0.2548076923076924
0 0.7235576923076923 0.20192307692307698 0.65625 0.20192307692307698 0.65625 0.25721153846153855 0.7235576923076923 0.25721153846153855
0 0.7331730769230769 0.12740384615384623 0.6754807692307693 0.12740384615384623 0.6754807692307693 0.1754807692307693 0.7331730769230769 0.1754807692307693
0 0.6995192307692307 0.295673076923077 0.6418269230769231 0.295673076923077 0.6418269230769231 0.3437500000000001 0.6995192307692307 0.3437500000000001
0 0.6971153846153846 0.3437500000000001 0.6322115384615384 0.3437500000000001 0.6322115384615384 0.39663461538461553 0.6971153846153846 0.39663461538461553
0 0.7043269230769231 0.45432692307692324 0.6418269230769231 0.45432692307692324 0.6418269230769231 0.5048076923076924 0.7043269230769231 0.5048076923076924
0 0.71875 0.39182692307692324 0.6634615384615384 0.39182692307692324 0.6634615384615384 0.4375000000000001 0.71875 0.4375000000000001
0 0.7091346153846154 0.5072115384615385 0.6466346153846154 0.5072115384615385 0.6466346153846154 0.5552884615384617 0.7091346153846154 0.5552884615384617
0 0.6875 0.5769230769230771 0.6225961538461539 0.5769230769230771 0.6225961538461539 0.6298076923076923 0.6875 0.6298076923076923