0 0.19471153846153852 0.7403846153846154 0.13461538461538472 0.7403846153846154 0.13461538461538472 0.78125 0.19471153846153852 0.78125
0 0.23076923076923084 0.65625 0.1658653846153847 0.65625 0.1658653846153847 0.7019230769230769 0.23076923076923084 0.7019230769230769
0 0.2548076923076924 0.6177884615384616 0.19471153846153852 0.6177884615384616 0.19471153846153852 0.65625 0.2548076923076924 0.65625
0 0.2836538461538462 0.5576923076923077 0.22355769230769237 0.5576923076923077 0.22355769230769237 0.5985576923076923 0.2836538461538462 0.5985576923076923
0 0.3028846153846155 0.5 0.24519230769230776 0.5 0.24519230769230776 0.5456730769230769 0.3028846153846155 0.5456730769230769
0 0.35336538461538464 0.43028846153846156 0.29326923076923084 0.43028846153846156 0.29326923076923084 0.4735576923076923 0.35336538461538464 0.4735576923076923
0 0.3629807692307692 0.3581730769230769 0.3052884615384616 0.3581730769230769 0.3052884615384616 0.4014423076923077 0.3629807692307692 0.4014423076923077
0 0.4014423076923077 0.2836538461538462 0.34134615384615385 0.2836538461538462 0.34134615384615385 0.3245192307692308 0.4014423076923077 0.3245192307692308
0 0.43509615384615385 0.21394230769230776 0.3701923076923077 0.21394230769230776 0.3701923076923077 0.2596153846153847 0.43509615384615385 0.2596153846153847
0 0.5240384615384616 0.14663461538461545 0.4639423076923077 0.14663461538461545 0.4639423076923077 0.18990384615384623 0.5240384615384616 0.18990384615384623
0 0.4879807692307692 0.07932692307692314 0.4326923076923077 0.07932692307692314 0.4326923076923077 0.1177884615384616 0.4879807692307692 0.1177884615384616
0 0.5600961538461539 0.23317307692307698 0.5024038461538461 0.23317307692307698 0.5024038461538461 0.2740384615384616 0.5600961538461539 0.2740384615384616
0 0.5841346153846154 0.2788461538461539 0.5288461538461539 0.2788461538461539 0.5288461538461539 0.31971153846153855 0.5841346153846154 0.3197115384615386
0 0.6538461538461539 0.3629807692307694 0.5985576923076923 0.3629807692307694 0.5985576923076923 0.4014423076923078 0.6538461538461539 0.4014423076923078
0 0.6298076923076923 0.3028846153846155 0.5793269230769231 0.3028846153846155 0.5793269230769231 0.3365384615384617 0.6298076923076923 0.3365384615384617
0 0.6899038461538461 0.4062500000000001 0.6322115384615384 0.4062500000000001 0.6322115384615384 0.44230769230769246 0.6899038461538461 0.44230769230769246
0 0.7163461538461539 0.4759615384615386 0.6586538461538461 0.4759615384615386 0.6586538461538461 0.512019230769231 0.7163461538461539 0.512019230769231