0 0.7524038461538461 0.12019230769230779 0.7211538461538461 0.12019230769230779 0.7211538461538461 0.1754807692307693 0.7524038461538461 0.1754807692307693
0 0.6754807692307693 0.15625000000000006 0.6394230769230769 0.15625000000000006 0.6394230769230769 0.2163461538461539 0.6754807692307693 0.2163461538461539
0 0.6346153846153846 0.18990384615384623 0.6033653846153846 0.18990384615384623 0.6033653846153846 0.24519230769230776 0.6346153846153846 0.24519230769230776
0 0.5769230769230769 0.22115384615384623 0.5456730769230769 0.22115384615384623 0.5456730769230769 0.27644230769230776 0.5769230769230769 0.27644230769230776
0 0.5240384615384616 0.24519230769230776 0.4879807692307692 0.24519230769230776 0.4879807692307692 0.29807692307692313 0.5240384615384616 0.29807692307692313
0 0.45913461538461536 0.3004807692307693 0.4230769230769231 0.3004807692307693 0.4230769230769231 0.3557692307692308 0.45913461538461536 0.3557692307692308
0 0.3870192307692308 0.3173076923076923 0.35096153846153844 0.3173076923076923 0.35096153846153844 0.3701923076923077 0.3870192307692308 0.3701923076923077
0 0.31490384615384615 0.3557692307692308 0.2788461538461539 0.3557692307692308 0.2788461538461539 0.41346153846153844 0.31490384615384615 0.41346153846153844
0 0.2475961538461539 0.3894230769230769 0.21394230769230776 0.3894230769230769 0.21394230769230776 0.4495192307692308 0.2475961538461539 0.4495192307692308
0 0.1850961538461539 0.49038461538461536 0.15144230769230776 0.49038461538461536 0.15144230769230776 0.5456730769230769 0.1850961538461539 0.5456730769230769
0 0.11057692307692314 0.4639423076923077 0.07932692307692314 0.4639423076923077 0.07932692307692314 0.5144230769230769 0.11057692307692314 0.5144230769230769
0 0.2716346153846155 0.5216346153846154 0.24038461538461545 0.5216346153846154 0.24038461538461545 0.5745192307692307 0.2716346153846155 0.5745192307692307
0 0.31971153846153855 0.5432692307692307 0.2860576923076924 0.5432692307692307 0.2860576923076924 0.5961538461538461 0.3197115384615386 0.5961538461538461
0 0.4086538461538463 0.6081730769230769 0.3750000000000001 0.6081730769230769 0.3750000000000001 0.6610576923076923 0.4086538461538463 0.6610576923076923
0 0.34134615384615397 0.59375 0.31009615384615397 0.59375 0.31009615384615397 0.6394230769230769 0.34134615384615397 0.6394230769230769
0 0.4495192307692309 0.6394230769230769 0.4182692307692309 0.6394230769230769 0.4182692307692309 0.6947115384615384 0.4495192307692309 0.6947115384615384
0 0.5216346153846155 0.6586538461538461 0.49038461538461553 0.6586538461538461 0.49038461538461553 0.7139423076923077 0.5216346153846155 0.7139423076923077