0 0.6081730769230769 0.055288461538461606 0.5697115384615384 0.055288461538461606 0.5697115384615384 0.1129807692307693 0.6081730769230769 0.1129807692307693
0 0.5480769230769231 0.12019230769230776 0.5072115384615384 0.12019230769230776 0.5072115384615384 0.18028846153846162 0.5480769230769231 0.18028846153846162
0 0.5216346153846154 0.1658653846153847 0.4855769230769231 0.1658653846153847 0.4855769230769231 0.22115384615384623 0.5216346153846154 0.22115384615384623
0 0.4831730769230769 0.2163461538461539 0.44471153846153844 0.2163461538461539 0.44471153846153844 0.2740384615384616 0.4831730769230769 0.2740384615384616
0 0.43990384615384615 0.25721153846153855 0.39903846153846156 0.25721153846153855 0.39903846153846156 0.3125 0.43990384615384615 0.3125
0 0.39903846153846156 0.33413461538461536 0.3581730769230769 0.33413461538461536 0.3581730769230769 0.3918269230769231 0.39903846153846156 0.3918269230769231
0 0.34134615384615385 0.375 0.3004807692307693 0.375 0.3004807692307693 0.43028846153846156 0.34134615384615385 0.43028846153846156
0 0.28846153846153855 0.43990384615384615 0.2475961538461539 0.43990384615384615 0.2475961538461539 0.5 0.28846153846153855 0.5
0 0.24038461538461545 0.4951923076923077 0.19951923076923084 0.4951923076923077 0.19951923076923084 0.5576923076923077 0.24038461538461545 0.5576923076923077
0 0.22115384615384623 0.6105769230769231 0.18028846153846162 0.6105769230769231 0.18028846153846162 0.6682692307692307 0.22115384615384623 0.6682692307692307
0 0.13942307692307698 0.6129807692307693 0.10096153846153853 0.6129807692307693 0.10096153846153853 0.6658653846153846 0.13942307692307698 0.6658653846153846
0 0.31009615384615397 0.6105769230769231 0.2740384615384616 0.6105769230769231 0.2740384615384616 0.6634615384615384 0.31009615384615397 0.6634615384615384
0 0.36538461538461553 0.6105769230769231 0.3245192307692309 0.6105769230769231 0.3245192307692309 0.6658653846153846 0.36538461538461553 0.6658653846153846
0 0.4687500000000001 0.6418269230769231 0.4302884615384617 0.6418269230769231 0.4302884615384617 0.6947115384615384 0.4687500000000001 0.6947115384615384
0 0.3990384615384617 0.6490384615384616 0.3629807692307694 0.6490384615384616 0.3629807692307694 0.6971153846153846 0.3990384615384617 0.6971153846153846
0 0.5192307692307694 0.6514423076923077 0.4807692307692309 0.6514423076923077 0.4807692307692309 0.7091346153846154 0.5192307692307694 0.7091346153846154
0 0.5961538461538463 0.6418269230769231 0.5552884615384617 0.6418269230769231 0.5552884615384617 0.6995192307692307 0.5961538461538463 0.6995192307692307