0 0.14903846153846162 0.6658653846153846 0.08894230769230776 0.6658653846153846 0.08894230769230778 0.7067307692307693 0.14903846153846165 0.7067307692307693
0 0.20192307692307698 0.5889423076923077 0.1346153846153847 0.5889423076923077 0.1346153846153847 0.6370192307692307 0.20192307692307698 0.6370192307692307
0 0.23557692307692316 0.5576923076923077 0.17307692307692316 0.5576923076923077 0.17307692307692316 0.5985576923076923 0.23557692307692316 0.5985576923076923
0 0.2740384615384616 0.5048076923076923 0.21153846153846162 0.5048076923076923 0.21153846153846162 0.5480769230769231 0.2740384615384616 0.5480769230769231
0 0.3028846153846155 0.4519230769230769 0.24278846153846162 0.4519230769230769 0.24278846153846162 0.5 0.3028846153846155 0.5
0 0.36778846153846156 0.3942307692307692 0.3052884615384616 0.3942307692307692 0.3052884615384616 0.4375 0.36778846153846156 0.4375
0 0.3918269230769231 0.3269230769230769 0.3317307692307692 0.3269230769230769 0.3317307692307692 0.37259615384615385 0.3918269230769231 0.37259615384615385
0 0.44711538461538464 0.2596153846153847 0.38221153846153844 0.2596153846153847 0.38221153846153844 0.3052884615384616 0.44711538461538464 0.3052884615384616
0 0.49278846153846156 0.19951923076923084 0.4254807692307692 0.19951923076923084 0.4254807692307692 0.2475961538461539 0.49278846153846156 0.2475961538461539
0 0.59375 0.15144230769230776 0.53125 0.15144230769230776 0.53125 0.1971153846153847 0.59375 0.1971153846153847
0 0.5745192307692307 0.076923076923077 0.5168269230769231 0.076923076923077 0.5168269230769231 0.1177884615384616 0.5745192307692307 0.1177884615384616
0 0.6129807692307693 0.24519230769230776 0.5528846153846154 0.24519230769230776 0.5528846153846154 0.28846153846153855 0.6129807692307693 0.28846153846153855
0 0.625 0.29326923076923084 0.5673076923076923 0.29326923076923084 0.5673076923076923 0.3389423076923078 0.625 0.3389423076923078
0 0.6778846153846154 0.39182692307692324 0.6201923076923077 0.39182692307692324 0.6201923076923077 0.4326923076923078 0.6778846153846154 0.4326923076923078
0 0.6658653846153846 0.3245192307692309 0.6129807692307693 0.3245192307692309 0.6129807692307693 0.36538461538461553 0.6658653846153846 0.36538461538461553
0 0.7043269230769231 0.4375000000000001 0.6442307692307693 0.4375000000000001 0.6442307692307693 0.47836538461538475 0.7043269230769231 0.47836538461538475
0 0.7163461538461539 0.512019230769231 0.6538461538461539 0.512019230769231 0.6538461538461539 0.5552884615384617 0.7163461538461539 0.5552884615384617