0 0.18990384615384615 0.04326923076923079 0.08653846153846154 0.04326923076923079 0.08653846153846155 0.18028846153846154 0.18990384615384615 0.18028846153846154
0 0.050480769230769246 0.11538461538461539 1.4130539990161767e-17 0.11538461538461539 1.987107186116499e-17 0.2091346153846154 0.050480769230769246 0.2091346153846154
0 0.28365384615384615 0.11538461538461542 0.20192307692307693 0.11538461538461542 0.20192307692307693 0.22355769230769235 0.28365384615384615 0.22355769230769237
0 0.5216346153846154 0.10336538461538468 0.42788461538461536 0.10336538461538468 0.42788461538461536 0.23317307692307698 0.5216346153846154 0.23317307692307698
0 0.11778846153846158 0.15384615384615385 0.04326923076923079 0.15384615384615385 0.043269230769230796 0.24519230769230768 0.11778846153846158 0.24519230769230768
0 0.8100961538461539 0.17067307692307698 0.7211538461538461 0.17067307692307698 0.7211538461538461 0.2908653846153847 0.8100961538461539 0.2908653846153847
0 0.15384615384615388 0.22355769230769232 0.07692307692307696 0.22355769230769232 0.07692307692307696 0.3269230769230769 0.1538461538461539 0.3269230769230769
0 0.5721153846153846 0.18750000000000006 0.4735576923076923 0.18750000000000006 0.4735576923076923 0.3221153846153847 0.5721153846153846 0.32211538461538475
0 0.24519230769230774 0.22596153846153846 0.15384615384615385 0.22596153846153846 0.15384615384615388 0.3389423076923077 0.24519230769230776 0.3389423076923077
0 0.9711538461538461 0.20192307692307707 0.8701923076923077 0.20192307692307707 0.8701923076923077 0.33413461538461553 0.9711538461538461 0.33413461538461553
0 0.04567307692307697 0.2932692307692308 3.591512247499449e-17 0.2932692307692308 4.106688184640764e-17 0.37740384615384615 0.045673076923076976 0.37740384615384615
0 0.27884615384615385 0.028846153846153876 0.20192307692307693 0.028846153846153872 0.20192307692307693 0.09134615384615388 0.27884615384615385 0.09134615384615388
0 0.3076923076923077 0.28605769230769235 0.19471153846153852 0.2860576923076923 0.19471153846153852 0.4519230769230769 0.3076923076923077 0.4519230769230769
0 0.12740384615384615 0.04807692307692309 0.0673076923076923 0.04807692307692308 0.06730769230769232 0.09375 0.12740384615384615 0.09375
0 0.5048076923076923 0.3557692307692308 0.4230769230769231 0.3557692307692308 0.4230769230769231 0.47596153846153844 0.5048076923076923 0.47596153846153844
0 0.3245192307692309 0.6370192307692307 0.2379807692307693 0.6370192307692307 0.2379807692307693 0.7572115384615384 0.3245192307692309 0.7572115384615384
0 0.07451923076923087 0.7451923076923077 0.0312500000000001 0.7451923076923077 0.0312500000000001 0.8341346153846154 0.07451923076923087 0.8341346153846154
0 0.0841346153846154 0.06250000000000001 0.01442307692307693 0.0625 0.014423076923076936 0.15384615384615385 0.08413461538461542 0.15384615384615385
0 0.8317307692307693 0.028846153846153945 0.7572115384615384 0.02884615384615394 0.7572115384615384 0.13461538461538472 0.8317307692307693 0.13461538461538472