0 0.23557692307692316 0.2860576923076923 0.1971153846153847 0.2860576923076923 0.1971153846153847 0.31490384615384615 0.23557692307692316 0.31490384615384615
0 0.3004807692307693 0.5048076923076923 0.2548076923076924 0.5048076923076923 0.2548076923076924 0.5384615384615384 0.3004807692307693 0.5384615384615384
0 0.3221153846153847 0.5504807692307693 0.2716346153846155 0.5504807692307693 0.2716346153846155 0.5817307692307693 0.32211538461538475 0.5817307692307693
0 0.3028846153846154 0.2620192307692308 0.2548076923076923 0.2620192307692308 0.25480769230769235 0.29086538461538464 0.3028846153846155 0.2908653846153847
0 0.2932692307692308 0.15144230769230774 0.2548076923076923 0.15144230769230774 0.2548076923076923 0.18509615384615388 0.2932692307692308 0.1850961538461539
0 0.3990384615384617 0.6346153846153846 0.3701923076923078 0.6346153846153846 0.3701923076923078 0.6610576923076923 0.3990384615384617 0.6610576923076923
0 0.3581730769230769 0.3076923076923077 0.3076923076923077 0.3076923076923077 0.3076923076923077 0.33413461538461536 0.3581730769230769 0.33413461538461536
0 0.41586538461538475 0.625 0.3822115384615386 0.625 0.3822115384615386 0.6514423076923077 0.41586538461538475 0.6514423076923077
0 0.31971153846153844 0.08653846153846158 0.2932692307692308 0.08653846153846158 0.2932692307692308 0.11778846153846158 0.31971153846153844 0.11778846153846158
0 0.4230769230769231 0.47836538461538464 0.3701923076923077 0.47836538461538464 0.3701923076923077 0.5192307692307693 0.4230769230769231 0.5192307692307693
0 0.34375 0.08894230769230772 0.3173076923076923 0.08894230769230772 0.3173076923076923 0.11538461538461542 0.34375 0.11538461538461542
0 0.4182692307692308 0.41346153846153844 0.3798076923076923 0.41346153846153844 0.3798076923076923 0.43990384615384615 0.4182692307692308 0.43990384615384615
0 0.36778846153846156 0.12259615384615388 0.3269230769230769 0.12259615384615388 0.3269230769230769 0.15625000000000006 0.36778846153846156 0.15625000000000006
0 0.4615384615384616 0.5504807692307693 0.41586538461538464 0.5504807692307693 0.4158653846153847 0.5793269230769231 0.4615384615384617 0.5793269230769231
0 0.43990384615384615 0.4879807692307692 0.41586538461538464 0.4879807692307692 0.41586538461538464 0.5096153846153846 0.43990384615384615 0.5096153846153846
0 0.37259615384615385 0.06250000000000004 0.3389423076923077 0.06250000000000003 0.3389423076923077 0.08653846153846158 0.37259615384615385 0.08653846153846158
0 0.49038461538461553 0.6634615384615384 0.45913461538461553 0.6634615384615384 0.45913461538461553 0.6899038461538461 0.49038461538461553 0.6899038461538461
0 0.45913461538461536 0.47115384615384615 0.42788461538461536 0.47115384615384615 0.42788461538461536 0.5 0.45913461538461536 0.5
0 0.3870192307692308 0.045673076923076976 0.3605769230769231 0.045673076923076976 0.3605769230769231 0.07451923076923082 0.3870192307692308 0.07451923076923082
0 0.5072115384615385 0.6057692307692307 0.4687500000000001 0.6057692307692307 0.4687500000000001 0.6322115384615384 0.5072115384615385 0.6322115384615384
0 0.4879807692307692 0.47596153846153844 0.4423076923076923 0.47596153846153844 0.4423076923076923 0.5048076923076923 0.4879807692307692 0.5048076923076923
0 0.4519230769230769 0.28846153846153855 0.41346153846153844 0.28846153846153855 0.41346153846153844 0.3245192307692308 0.4519230769230769 0.3245192307692308
0 0.5360576923076924 0.6081730769230769 0.5024038461538463 0.6081730769230769 0.5024038461538463 0.6346153846153846 0.5360576923076924 0.6346153846153846
0 0.49759615384615385 0.3317307692307692 0.4423076923076923 0.3317307692307692 0.4423076923076923 0.3701923076923077 0.49759615384615385 0.3701923076923077
0 0.4807692307692308 0.264423076923077 0.43509615384615385 0.264423076923077 0.43509615384615385 0.3028846153846155 0.4807692307692308 0.3028846153846155
0 0.5096153846153846 0.375 0.46634615384615385 0.375 0.46634615384615385 0.40625 0.5096153846153846 0.40625
0 0.5384615384615384 0.47115384615384615 0.49759615384615385 0.47115384615384615 0.49759615384615385 0.5024038461538461 0.5384615384615384 0.5024038461538461
0 0.5360576923076923 0.18990384615384623 0.47115384615384615 0.18990384615384623 0.47115384615384615 0.24038461538461545 0.5360576923076923 0.24038461538461545
0 0.5985576923076924 0.5841346153846155 0.5625000000000001 0.5841346153846155 0.5625000000000001 0.6081730769230771 0.5985576923076924 0.6081730769230771
0 0.5649038461538461 0.40625000000000006 0.5264423076923077 0.40625 0.5264423076923077 0.43750000000000006 0.5649038461538461 0.4375000000000001
0 0.5697115384615384 0.31250000000000006 0.5240384615384616 0.3125 0.5240384615384616 0.33894230769230776 0.5697115384615384 0.3389423076923078
0 0.6009615384615384 0.36538461538461553 0.5600961538461539 0.36538461538461553 0.5600961538461539 0.3942307692307694 0.6009615384615384 0.3942307692307694
0 0.65625 0.4326923076923078 0.5961538461538461 0.4326923076923078 0.5961538461538461 0.4759615384615386 0.65625 0.4759615384615386
0 0.6826923076923077 0.2475961538461539 0.6346153846153846 0.2475961538461539 0.6346153846153846 0.28125000000000006 0.6826923076923077 0.28125000000000006
0 0.7115384615384616 0.4014423076923078 0.6706730769230769 0.4014423076923078 0.6706730769230769 0.4302884615384617 0.7115384615384616 0.4302884615384617