0 0.605769230769231 0.90625 0.5673076923076924 0.90625 0.5673076923076924 0.9711538461538461 0.605769230769231 0.9711538461538461
0 0.7355769230769231 0.9495192307692307 0.7043269230769231 0.9495192307692307 0.7043269230769231 0.9903846153846154 0.7355769230769231 0.9903846153846154
0 0.7427884615384616 0.25000000000000006 0.7019230769230769 0.25000000000000006 0.7019230769230769 0.3437500000000001 0.7427884615384616 0.3437500000000001
0 0.5913461538461539 0.3028846153846155 0.5552884615384616 0.3028846153846155 0.5552884615384616 0.3774038461538462 0.5913461538461539 0.3774038461538463
0 0.8870192307692307 0.3245192307692309 0.8653846153846154 0.3245192307692309 0.8653846153846154 0.3870192307692309 0.8870192307692307 0.3870192307692309
0 0.5288461538461539 0.32211538461538464 0.49278846153846156 0.32211538461538464 0.49278846153846156 0.3894230769230769 0.5288461538461539 0.3894230769230769
0 0.2716346153846155 0.35096153846153844 0.23076923076923084 0.35096153846153844 0.23076923076923084 0.4182692307692308 0.2716346153846155 0.4182692307692308
0 0.9182692307692307 0.35336538461538475 0.8870192307692307 0.35336538461538475 0.8870192307692307 0.4182692307692309 0.9182692307692307 0.4182692307692309
0 0.49278846153846156 0.3894230769230769 0.4567307692307692 0.3894230769230769 0.4567307692307692 0.4375 0.49278846153846156 0.4375
0 0.8846153846153846 0.3750000000000001 0.84375 0.3750000000000001 0.84375 0.45913461538461553 0.8846153846153846 0.45913461538461553
0 0.7836538461538461 0.38942307692307704 0.7475961538461539 0.38942307692307704 0.7475961538461539 0.4567307692307694 0.7836538461538461 0.4567307692307694
0 0.7067307692307693 0.40384615384615397 0.6706730769230769 0.40384615384615397 0.6706730769230769 0.45192307692307704 0.7067307692307693 0.45192307692307704
0 0.33413461538461536 0.43509615384615385 0.2908653846153847 0.43509615384615385 0.2908653846153847 0.5168269230769231 0.33413461538461536 0.5168269230769231
0 0.8701923076923077 0.4399038461538463 0.8389423076923077 0.4399038461538463 0.8389423076923077 0.5144230769230771 0.8701923076923077 0.5144230769230771
0 0.7788461538461539 0.45192307692307704 0.7451923076923077 0.45192307692307704 0.7451923076923077 0.5192307692307694 0.7788461538461539 0.5192307692307694
0 0.5576923076923077 0.47596153846153844 0.5264423076923077 0.47596153846153844 0.5264423076923077 0.5240384615384616 0.5576923076923077 0.5240384615384616
0 0.6971153846153846 0.4927884615384617 0.6754807692307693 0.4927884615384617 0.6754807692307693 0.5480769230769232 0.6971153846153846 0.5480769230769232
0 0.17788461538461545 0.47596153846153844 0.12740384615384623 0.47596153846153844 0.12740384615384623 0.5697115384615384 0.17788461538461545 0.5697115384615384
0 0.0504807692307693 0.49278846153846156 0.0240384615384616 0.49278846153846156 0.024038461538461602 0.5600961538461539 0.0504807692307693 0.5600961538461539
0 0.71875 0.4927884615384617 0.6947115384615384 0.4927884615384617 0.6947115384615384 0.5697115384615385 0.71875 0.5697115384615385
0 0.5865384615384616 0.5048076923076924 0.5504807692307693 0.5048076923076923 0.5504807692307693 0.5673076923076924 0.5865384615384617 0.5673076923076924
0 0.625 0.5384615384615385 0.5985576923076923 0.5384615384615385 0.5985576923076924 0.6274038461538461 0.625 0.6274038461538461
0 0.6514423076923077 0.6201923076923077 0.6274038461538461 0.6201923076923077 0.6274038461538461 0.6778846153846154 0.6514423076923077 0.6778846153846154
0 0.08413461538461547 0.6514423076923077 0.04807692307692316 0.6514423076923077 0.04807692307692316 0.7259615384615384 0.08413461538461549 0.7259615384615384
0 0.39663461538461553 0.6514423076923077 0.36057692307692324 0.6514423076923077 0.36057692307692324 0.7259615384615384 0.39663461538461553 0.7259615384615384
0 0.2596153846153847 0.6610576923076923 0.21875000000000006 0.6610576923076923 0.21875000000000006 0.7475961538461539 0.2596153846153847 0.7475961538461539
0 0.605769230769231 0.6778846153846154 0.574519230769231 0.6778846153846154 0.574519230769231 0.7403846153846154 0.605769230769231 0.7403846153846154
0 0.44230769230769246 0.6947115384615384 0.41105769230769246 0.6947115384615384 0.41105769230769246 0.75 0.44230769230769246 0.75
0 0.9927884615384616 0.7091346153846154 0.9567307692307693 0.7091346153846154 0.9567307692307693 0.7932692307692307 0.9927884615384616 0.7932692307692307
0 0.8822115384615384 0.7836538461538461 0.8461538461538461 0.7836538461538461 0.8461538461538461 0.8461538461538461 0.8822115384615384 0.8461538461538461
0 0.9423076923076923 0.7908653846153846 0.90625 0.7908653846153846 0.90625 0.8533653846153846 0.9423076923076923 0.8533653846153846
0 1 0.8125 0.9735576923076923 0.8125 0.9735576923076923 0.8485576923076923 1 0.8485576923076923
0 0.43509615384615397 0.8149038461538461 0.3990384615384617 0.8149038461538461 0.3990384615384617 0.8798076923076923 0.43509615384615397 0.8798076923076923
0 0.9182692307692307 0.8798076923076923 0.8798076923076923 0.8798076923076923 0.8798076923076923 0.9423076923076923 0.9182692307692307 0.9423076923076923