0 0.4182692307692308 0.1322115384615385 0.3942307692307692 0.1322115384615385 0.3942307692307692 0.19471153846153852 0.4182692307692308 0.19471153846153852
0 0.4855769230769231 0.1850961538461539 0.4639423076923077 0.1850961538461539 0.4639423076923077 0.22355769230769237 0.4855769230769231 0.22355769230769237
0 0.36538461538461536 0.20913461538461545 0.34375 0.20913461538461545 0.34375 0.2524038461538462 0.36538461538461536 0.2524038461538462
0 0.5552884615384616 0.20192307692307698 0.5288461538461539 0.20192307692307698 0.5288461538461539 0.2524038461538462 0.5552884615384616 0.2524038461538462
0 0.6009615384615384 0.20913461538461545 0.5769230769230769 0.20913461538461545 0.5769230769230769 0.25000000000000006 0.6009615384615384 0.25000000000000006
0 0.43990384615384615 0.22596153846153852 0.41346153846153844 0.22596153846153852 0.41346153846153844 0.27644230769230776 0.43990384615384615 0.27644230769230776
0 0.5432692307692307 0.25000000000000006 0.5216346153846154 0.25000000000000006 0.5216346153846154 0.2860576923076924 0.5432692307692307 0.2860576923076924
0 0.5264423076923077 0.264423076923077 0.5024038461538461 0.264423076923077 0.5024038461538461 0.3028846153846155 0.5264423076923077 0.3028846153846155
0 0.5673076923076923 0.26682692307692313 0.5456730769230769 0.26682692307692313 0.5456730769230769 0.3004807692307693 0.5673076923076923 0.3004807692307693
0 0.3485576923076923 0.2860576923076924 0.3245192307692308 0.2860576923076924 0.3245192307692308 0.34375 0.3485576923076923 0.34375
0 0.6754807692307693 0.2692307692307693 0.6514423076923077 0.2692307692307693 0.6514423076923077 0.3076923076923078 0.6754807692307693 0.3076923076923078
0 0.5841346153846154 0.2788461538461539 0.5649038461538461 0.2788461538461539 0.5649038461538461 0.3125000000000001 0.5841346153846154 0.3125000000000001
0 0.4014423076923077 0.2908653846153847 0.37740384615384615 0.2908653846153847 0.37740384615384615 0.3317307692307692 0.4014423076923077 0.3317307692307692
0 0.6490384615384616 0.2860576923076924 0.6274038461538461 0.2860576923076924 0.6274038461538461 0.3245192307692309 0.6490384615384616 0.3245192307692309
0 0.5384615384615384 0.3125 0.5168269230769231 0.3125 0.5168269230769231 0.34615384615384615 0.5384615384615384 0.34615384615384615
0 0.6105769230769231 0.3028846153846155 0.5913461538461539 0.3028846153846155 0.5913461538461539 0.35817307692307704 0.6105769230769231 0.35817307692307704
0 0.3076923076923077 0.3485576923076923 0.2860576923076924 0.3485576923076923 0.2860576923076924 0.3942307692307692 0.3076923076923077 0.3942307692307692
0 0.6634615384615384 0.3365384615384617 0.6442307692307693 0.3365384615384617 0.6442307692307693 0.3942307692307694 0.6634615384615384 0.3942307692307694
0 0.6514423076923077 0.36057692307692324 0.6322115384615384 0.36057692307692324 0.6322115384615384 0.40384615384615397 0.6514423076923077 0.40384615384615397
0 0.5721153846153846 0.3846153846153847 0.5456730769230769 0.38461538461538464 0.5456730769230769 0.4302884615384616 0.5721153846153846 0.4302884615384617
0 0.6682692307692307 0.3870192307692309 0.6442307692307693 0.3870192307692309 0.6442307692307693 0.4375000000000001 0.6682692307692307 0.4375000000000001
0 0.6129807692307693 0.42067307692307704 0.5889423076923077 0.42067307692307704 0.5889423076923077 0.4711538461538463 0.6129807692307693 0.4711538461538463
0 0.5889423076923077 0.4615384615384617 0.5649038461538461 0.4615384615384617 0.5649038461538461 0.49759615384615397 0.5889423076923077 0.49759615384615397
0 0.3894230769230769 0.4735576923076923 0.3581730769230769 0.4735576923076923 0.3581730769230769 0.5216346153846154 0.3894230769230769 0.5216346153846154
0 0.6995192307692307 0.45913461538461553 0.6730769230769231 0.45913461538461553 0.6730769230769231 0.5216346153846155 0.6995192307692307 0.5216346153846155
0 0.4639423076923077 0.4831730769230769 0.43990384615384615 0.4831730769230769 0.43990384615384615 0.5384615384615384 0.4639423076923077 0.5384615384615384
0 0.5144230769230769 0.4807692307692308 0.4879807692307692 0.4807692307692308 0.4879807692307692 0.5384615384615384 0.5144230769230769 0.5384615384615384
0 0.6370192307692307 0.48557692307692324 0.6153846153846154 0.48557692307692324 0.6153846153846154 0.5216346153846155 0.6370192307692307 0.5216346153846155
0 0.6346153846153846 0.5168269230769232 0.6105769230769231 0.5168269230769232 0.6105769230769231 0.5576923076923078 0.6346153846153846 0.5576923076923078
0 0.6634615384615384 0.512019230769231 0.6370192307692307 0.512019230769231 0.6370192307692307 0.5576923076923078 0.6634615384615384 0.5576923076923078
0 0.5024038461538463 0.5384615384615384 0.47596153846153844 0.5384615384615384 0.47596153846153855 0.5745192307692307 0.5024038461538463 0.5745192307692307
0 0.45432692307692313 0.5552884615384616 0.42788461538461536 0.5552884615384616 0.4278846153846155 0.6033653846153846 0.45432692307692324 0.6033653846153846
0 0.6995192307692307 0.5673076923076924 0.6802884615384616 0.5673076923076924 0.6802884615384616 0.605769230769231 0.6995192307692307 0.605769230769231
0 0.625 0.5985576923076924 0.6009615384615385 0.5985576923076924 0.6009615384615385 0.6490384615384616 0.625 0.6490384615384616
0 0.5937500000000001 0.6129807692307694 0.5721153846153848 0.6129807692307694 0.5721153846153848 0.6514423076923077 0.5937500000000001 0.6514423076923077
0 0.6418269230769231 0.6201923076923077 0.6201923076923077 0.6201923076923077 0.6201923076923077 0.6586538461538461 0.6418269230769231 0.6586538461538461
0 0.5480769230769232 0.7355769230769231 0.5240384615384617 0.7355769230769231 0.5240384615384617 0.7692307692307693 0.5480769230769232 0.7692307692307693
0 0.5264423076923078 0.7620192307692307 0.5048076923076924 0.7620192307692307 0.5048076923076924 0.8028846153846154 0.5264423076923078 0.8028846153846154
0 0.6947115384615384 0.7932692307692307 0.6754807692307693 0.7932692307692307 0.6754807692307693 0.8269230769230769 0.6947115384615384 0.8269230769230769