0 0.5576923076923077 0.2788461538461539 0.5288461538461539 0.2788461538461539 0.5288461538461539 0.3125 0.5576923076923077 0.3125
0 0.7043269230769231 0.3028846153846155 0.6730769230769231 0.3028846153846155 0.6730769230769231 0.3389423076923078 0.7043269230769231 0.3389423076923078
0 0.5721153846153846 0.3149038461538462 0.5456730769230769 0.31490384615384615 0.5456730769230769 0.35096153846153855 0.5721153846153846 0.3509615384615386
0 0.5024038461538461 0.3125 0.47836538461538464 0.3125 0.47836538461538464 0.34615384615384615 0.5024038461538461 0.34615384615384615
0 0.6418269230769231 0.3389423076923078 0.6177884615384616 0.3389423076923078 0.6177884615384616 0.37259615384615397 0.6418269230769231 0.37259615384615397
0 0.7043269230769231 0.3509615384615386 0.6826923076923077 0.3509615384615386 0.6826923076923077 0.3822115384615386 0.7043269230769231 0.3822115384615386
0 0.6274038461538461 0.3629807692307694 0.5985576923076923 0.3629807692307694 0.5985576923076923 0.39663461538461553 0.6274038461538461 0.39663461538461553
0 0.5865384615384616 0.3677884615384617 0.5600961538461539 0.3677884615384617 0.5600961538461539 0.40384615384615397 0.5865384615384616 0.40384615384615397
0 0.6682692307692307 0.38461538461538475 0.6466346153846154 0.38461538461538475 0.6466346153846154 0.41586538461538475 0.6682692307692307 0.41586538461538475
0 0.65625 0.3942307692307694 0.6274038461538461 0.3942307692307694 0.6274038461538461 0.4302884615384617 0.65625 0.4302884615384617
0 0.40625 0.37259615384615385 0.3798076923076923 0.37259615384615385 0.3798076923076923 0.40384615384615385 0.40625 0.40384615384615385
0 0.6153846153846154 0.40384615384615397 0.5913461538461539 0.40384615384615397 0.5913461538461539 0.4375000000000001 0.6153846153846154 0.4375000000000001
0 0.33653846153846156 0.3870192307692308 0.31490384615384615 0.3870192307692308 0.31490384615384615 0.4206730769230769 0.33653846153846156 0.4206730769230769
0 0.49759615384615385 0.39903846153846156 0.46634615384615385 0.39903846153846156 0.46634615384615385 0.4495192307692308 0.49759615384615385 0.4495192307692308
0 0.6658653846153846 0.4615384615384617 0.6466346153846154 0.4615384615384617 0.6466346153846154 0.4927884615384617 0.6658653846153846 0.4927884615384617
0 0.8413461538461539 0.4879807692307694 0.8197115384615384 0.4879807692307694 0.8197115384615384 0.5192307692307694 0.8413461538461539 0.5192307692307694
0 0.5745192307692307 0.4591346153846155 0.5480769230769231 0.45913461538461536 0.5480769230769231 0.48557692307692313 0.5745192307692307 0.48557692307692324
0 0.44711538461538464 0.44471153846153844 0.4206730769230769 0.44471153846153844 0.4206730769230769 0.4831730769230769 0.44711538461538464 0.4831730769230769
0 0.41586538461538464 0.44711538461538464 0.3942307692307692 0.44711538461538464 0.3942307692307692 0.4831730769230769 0.41586538461538464 0.4831730769230769
0 0.36778846153846156 0.44471153846153844 0.33653846153846156 0.44471153846153844 0.33653846153846156 0.4807692307692308 0.36778846153846156 0.4807692307692308
0 0.5697115384615384 0.4783653846153847 0.5432692307692307 0.47836538461538464 0.5432692307692307 0.5096153846153847 0.5697115384615384 0.5096153846153848
0 0.5072115384615384 0.49278846153846156 0.4807692307692308 0.49278846153846156 0.4807692307692308 0.53125 0.5072115384615384 0.53125
0 0.5240384615384616 0.5 0.4951923076923077 0.5 0.4951923076923077 0.5408653846153846 0.5240384615384616 0.5408653846153846
0 0.7019230769230769 0.5480769230769232 0.6706730769230769 0.5480769230769232 0.6706730769230769 0.5841346153846155 0.7019230769230769 0.5841346153846155
0 0.78125 0.5649038461538463 0.7572115384615384 0.5649038461538463 0.7572115384615384 0.5961538461538463 0.78125 0.5961538461538463
0 0.3293269230769231 0.5192307692307693 0.31009615384615385 0.5192307692307693 0.31009615384615385 0.5480769230769231 0.3293269230769231 0.5480769230769231
0 0.4783653846153847 0.5288461538461539 0.44711538461538464 0.5288461538461539 0.4471153846153847 0.5721153846153846 0.47836538461538475 0.5721153846153846
0 0.38701923076923084 0.5336538461538461 0.3557692307692308 0.5336538461538461 0.35576923076923084 0.5673076923076923 0.3870192307692309 0.5673076923076923
0 0.3028846153846155 0.5336538461538461 0.2836538461538462 0.5336538461538461 0.2836538461538462 0.5576923076923077 0.3028846153846155 0.5576923076923077
0 0.6177884615384616 0.5673076923076924 0.5961538461538463 0.5673076923076924 0.5961538461538463 0.6081730769230771 0.6177884615384616 0.6081730769230771
0 0.3173076923076924 0.5480769230769231 0.2860576923076924 0.5480769230769231 0.2860576923076924 0.5745192307692307 0.31730769230769246 0.5745192307692307
0 0.5673076923076924 0.5817307692307693 0.5456730769230771 0.5817307692307693 0.5456730769230771 0.6201923076923077 0.5673076923076924 0.6201923076923077
0 0.5769230769230771 0.5961538461538463 0.5625000000000001 0.5961538461538463 0.5625000000000001 0.6153846153846154 0.5769230769230771 0.6153846153846154
0 0.8293269230769231 0.6298076923076923 0.8100961538461539 0.6298076923076923 0.8100961538461539 0.6586538461538461 0.8293269230769231 0.6586538461538461
0 0.3750000000000001 0.5697115384615384 0.34855769230769246 0.5697115384615384 0.34855769230769246 0.6081730769230769 0.3750000000000001 0.6081730769230769
0 0.3942307692307694 0.5817307692307693 0.37259615384615397 0.5817307692307693 0.37259615384615397 0.6129807692307693 0.3942307692307694 0.6129807692307693
0 0.48317307692307704 0.5961538461538461 0.4567307692307694 0.5961538461538461 0.4567307692307694 0.6274038461538461 0.48317307692307704 0.6274038461538461
0 0.5456730769230771 0.6490384615384616 0.5216346153846155 0.6490384615384616 0.5216346153846155 0.6754807692307693 0.5456730769230771 0.6754807692307693
0 0.35817307692307704 0.6826923076923077 0.3317307692307694 0.6826923076923077 0.3317307692307694 0.7211538461538461 0.35817307692307704 0.7211538461538461
0 0.23557692307692316 0.6802884615384616 0.20913461538461545 0.6802884615384616 0.20913461538461545 0.7139423076923077 0.23557692307692316 0.7139423076923077
0 0.29807692307692313 0.7235576923076923 0.27644230769230776 0.7235576923076923 0.27644230769230776 0.7596153846153846 0.29807692307692313 0.7596153846153846
0 0.3197115384615386 0.7524038461538461 0.29326923076923084 0.7524038461538461 0.29326923076923084 0.7788461538461539 0.3197115384615386 0.7788461538461539
0 0.5312500000000001 0.8942307692307693 0.5144230769230771 0.8942307692307693 0.5144230769230771 0.9206730769230769 0.5312500000000001 0.9206730769230769