0 0.6706730769230769 0.543269230769231 0.6442307692307693 0.543269230769231 0.6442307692307693 0.5673076923076924 0.6706730769230769 0.5673076923076924
0 0.6298076923076923 0.42307692307692324 0.5961538461538461 0.42307692307692324 0.5961538461538461 0.4615384615384617 0.6298076923076923 0.4615384615384617
0 0.6682692307692307 0.5793269230769232 0.6442307692307693 0.5793269230769232 0.6442307692307693 0.605769230769231 0.6682692307692307 0.605769230769231
0 0.6129807692307693 0.45192307692307704 0.5817307692307693 0.45192307692307704 0.5817307692307693 0.48317307692307704 0.6129807692307693 0.48317307692307704
0 0.6274038461538461 0.5096153846153848 0.5961538461538461 0.5096153846153848 0.5961538461538461 0.5384615384615385 0.6274038461538461 0.5384615384615385
0 0.6274038461538461 0.591346153846154 0.6009615384615385 0.591346153846154 0.6009615384615385 0.6129807692307694 0.6274038461538461 0.6129807692307694
0 0.5625 0.47596153846153855 0.5456730769230769 0.47596153846153844 0.5456730769230769 0.4975961538461539 0.5625 0.49759615384615397
0 0.6177884615384616 0.6009615384615385 0.5961538461538463 0.6009615384615385 0.5961538461538463 0.625 0.6177884615384616 0.625
0 0.576923076923077 0.5384615384615385 0.5504807692307693 0.5384615384615384 0.5504807692307693 0.5649038461538463 0.5769230769230771 0.5649038461538463
0 0.6153846153846154 0.605769230769231 0.5841346153846155 0.605769230769231 0.5841346153846155 0.6346153846153846 0.6153846153846154 0.6346153846153846
0 0.591346153846154 0.560096153846154 0.5552884615384617 0.5600961538461539 0.5552884615384617 0.591346153846154 0.591346153846154 0.591346153846154
0 0.5432692307692307 0.4831730769230769 0.5216346153846154 0.4831730769230769 0.5216346153846154 0.5048076923076923 0.5432692307692307 0.5048076923076923
0 0.47836538461538464 0.34134615384615385 0.44471153846153844 0.34134615384615385 0.44471153846153844 0.3701923076923077 0.47836538461538464 0.3701923076923077
0 0.5288461538461539 0.4879807692307692 0.49278846153846156 0.4879807692307692 0.49278846153846156 0.5168269230769231 0.5288461538461539 0.5168269230769231
0 0.5024038461538461 0.4254807692307692 0.4735576923076923 0.4254807692307692 0.4735576923076923 0.44711538461538464 0.5024038461538461 0.44711538461538464
0 0.5048076923076923 0.44471153846153844 0.4735576923076923 0.44471153846153844 0.4735576923076923 0.4735576923076923 0.5048076923076923 0.4735576923076923
0 0.5360576923076924 0.5721153846153846 0.5048076923076924 0.5721153846153846 0.5048076923076924 0.6009615384615384 0.5360576923076924 0.6009615384615384
0 0.5048076923076923 0.5072115384615384 0.47836538461538464 0.5072115384615384 0.47836538461538464 0.5288461538461539 0.5048076923076923 0.5288461538461539
0 0.5096153846153846 0.5264423076923077 0.4831730769230769 0.5264423076923077 0.4831730769230769 0.5528846153846154 0.5096153846153846 0.5528846153846154
0 0.5552884615384617 0.6370192307692307 0.5240384615384617 0.6370192307692307 0.5240384615384617 0.6658653846153846 0.5552884615384617 0.6658653846153846
0 0.5144230769230771 0.5865384615384616 0.4879807692307694 0.5865384615384616 0.4879807692307694 0.6105769230769231 0.5144230769230771 0.6105769230769231
0 0.4879807692307694 0.5745192307692307 0.46634615384615397 0.5745192307692307 0.46634615384615397 0.59375 0.4879807692307694 0.59375
0 0.5144230769230771 0.6442307692307693 0.49038461538461553 0.6442307692307693 0.49038461538461553 0.6634615384615384 0.5144230769230771 0.6634615384615384
0 0.4567307692307692 0.49038461538461536 0.42788461538461536 0.49038461538461536 0.42788461538461536 0.5120192307692307 0.4567307692307692 0.5120192307692307
0 0.49038461538461553 0.5985576923076923 0.46634615384615397 0.5985576923076923 0.46634615384615397 0.6225961538461539 0.49038461538461553 0.6225961538461539
0 0.39903846153846156 0.34615384615384615 0.3629807692307692 0.34615384615384615 0.3629807692307692 0.375 0.39903846153846156 0.375
0 0.43990384615384615 0.4807692307692308 0.4110576923076923 0.4807692307692308 0.4110576923076923 0.5024038461538461 0.43990384615384615 0.5024038461538461
0 0.43990384615384615 0.5024038461538461 0.41346153846153844 0.5024038461538461 0.41346153846153844 0.5240384615384616 0.43990384615384615 0.5240384615384616
0 0.451923076923077 0.5456730769230769 0.4254807692307692 0.5456730769230769 0.4254807692307693 0.5673076923076923 0.45192307692307704 0.5673076923076923
0 0.40384615384615385 0.4855769230769231 0.37740384615384615 0.4855769230769231 0.37740384615384615 0.5096153846153846 0.40384615384615385 0.5096153846153846
0 0.4447115384615386 0.6009615384615384 0.4134615384615386 0.6009615384615384 0.4134615384615386 0.6298076923076923 0.4447115384615386 0.6298076923076923
0 0.4399038461538463 0.6225961538461539 0.40384615384615397 0.6225961538461539 0.40384615384615397 0.6490384615384616 0.4399038461538463 0.6490384615384616
0 0.37740384615384615 0.4735576923076923 0.34615384615384615 0.4735576923076923 0.34615384615384615 0.5024038461538461 0.37740384615384615 0.5024038461538461
0 0.4567307692307694 0.7067307692307693 0.4302884615384617 0.7067307692307693 0.4302884615384617 0.7331730769230769 0.4567307692307694 0.7331730769230769
0 0.41586538461538475 0.5817307692307693 0.3774038461538463 0.5817307692307693 0.3774038461538463 0.6153846153846154 0.41586538461538475 0.6153846153846154
0 0.4182692307692309 0.6177884615384616 0.39663461538461553 0.6177884615384616 0.39663461538461553 0.6394230769230769 0.4182692307692309 0.6394230769230769
0 0.37019230769230776 0.5480769230769231 0.35336538461538464 0.5480769230769231 0.3533653846153847 0.5697115384615384 0.3701923076923078 0.5697115384615384
0 0.3269230769230769 0.4951923076923077 0.3052884615384616 0.4951923076923077 0.3052884615384616 0.5192307692307693 0.3269230769230769 0.5192307692307693
0 0.3509615384615386 0.5769230769230769 0.3245192307692309 0.5769230769230769 0.3245192307692309 0.6009615384615384 0.3509615384615386 0.6009615384615384
0 0.32932692307692324 0.5793269230769231 0.3076923076923078 0.5793269230769231 0.3076923076923078 0.6009615384615384 0.32932692307692324 0.6009615384615384
0 0.32211538461538475 0.5673076923076923 0.3052884615384616 0.5673076923076923 0.3052884615384616 0.5841346153846154 0.32211538461538475 0.5841346153846154
0 0.3052884615384616 0.5552884615384616 0.2836538461538462 0.5552884615384616 0.2836538461538462 0.5769230769230769 0.3052884615384616 0.5769230769230769