0 0.14903846153846165 0.8245192307692307 0.045673076923077024 0.8245192307692307 0.045673076923077024 0.8918269230769231 0.14903846153846165 0.8918269230769231
0 0.08894230769230778 0.6802884615384616 0.024038461538461623 0.6802884615384616 0.024038461538461623 0.7259615384615384 0.08894230769230779 0.7259615384615384
0 0.8798076923076923 0.38942307692307704 0.7860576923076923 0.38942307692307704 0.7860576923076923 0.45913461538461553 0.8798076923076923 0.45913461538461553
0 0.9447115384615384 0.6802884615384616 0.7956730769230769 0.6802884615384616 0.7956730769230769 0.7596153846153846 0.9447115384615384 0.7596153846153846
0 0.8918269230769231 0.4495192307692309 0.7644230769230769 0.4495192307692309 0.7644230769230769 0.5360576923076924 0.8918269230769231 0.5360576923076924
0 0.8052884615384616 0.10336538461538472 0.7163461538461539 0.10336538461538472 0.7163461538461539 0.1658653846153847 0.8052884615384616 0.1658653846153847
0 0.8269230769230769 0.3317307692307694 0.7283653846153846 0.3317307692307694 0.7283653846153846 0.3990384615384617 0.8269230769230769 0.3990384615384617
0 0.7716346153846154 0.295673076923077 0.6706730769230769 0.295673076923077 0.6706730769230769 0.36538461538461553 0.7716346153846154 0.36538461538461553
0 0.7764423076923077 0.4639423076923078 0.6754807692307693 0.4639423076923078 0.6754807692307693 0.5312500000000001 0.7764423076923077 0.5312500000000001
0 0.7355769230769231 0.34134615384615397 0.6514423076923077 0.34134615384615397 0.6514423076923077 0.3990384615384617 0.7355769230769231 0.3990384615384617
0 0.6826923076923077 0.5000000000000001 0.5889423076923077 0.5000000000000001 0.5889423076923077 0.5697115384615385 0.6826923076923077 0.5697115384615385
0 0.7379807692307693 0.7211538461538461 0.5865384615384617 0.7211538461538461 0.5865384615384617 0.8028846153846154 0.7379807692307693 0.8028846153846154
0 0.6442307692307693 0.512019230769231 0.5600961538461539 0.512019230769231 0.560096153846154 0.5649038461538463 0.6442307692307693 0.5649038461538463
0 0.9639423076923077 0.13701923076923087 0.8485576923076923 0.13701923076923087 0.8485576923076923 0.22115384615384628 0.9639423076923077 0.22115384615384628
0 0.5769230769230769 0.40625000000000006 0.40865384615384615 0.40625 0.40865384615384615 0.4975961538461539 0.5769230769230769 0.49759615384615397
0 0.5264423076923077 0.24038461538461545 0.40865384615384615 0.24038461538461545 0.40865384615384615 0.32211538461538464 0.5264423076923077 0.32211538461538464
0 0.4831730769230769 0.39663461538461536 0.34375 0.39663461538461536 0.34375 0.4807692307692308 0.4831730769230769 0.4807692307692308
0 0.4735576923076924 0.5360576923076923 0.3317307692307692 0.5360576923076923 0.3317307692307693 0.6225961538461539 0.47355769230769246 0.6225961538461539
0 0.4302884615384617 0.6129807692307693 0.3245192307692309 0.6129807692307693 0.3245192307692309 0.6754807692307693 0.4302884615384617 0.6754807692307693
0 0.31490384615384615 0.37740384615384615 0.22596153846153852 0.37740384615384615 0.22596153846153852 0.4375 0.31490384615384615 0.4375
0 0.3052884615384616 0.41586538461538464 0.2067307692307693 0.41586538461538464 0.2067307692307693 0.4879807692307692 0.3052884615384616 0.4879807692307692
0 0.3197115384615386 0.6177884615384616 0.2379807692307693 0.6177884615384616 0.2379807692307693 0.6754807692307693 0.3197115384615386 0.6754807692307693
0 0.29326923076923084 0.4639423076923077 0.14663461538461545 0.4639423076923077 0.14663461538461545 0.5432692307692307 0.29326923076923084 0.5432692307692307
0 0.9591346153846154 0.28365384615384626 0.8317307692307693 0.2836538461538462 0.8317307692307693 0.3629807692307694 0.9591346153846154 0.3629807692307694
0 0.2283653846153847 0.5336538461538461 0.09134615384615391 0.5336538461538461 0.09134615384615391 0.6177884615384616 0.2283653846153847 0.6177884615384616
0 0.25961538461538475 0.9110576923076923 0.153846153846154 0.9110576923076923 0.153846153846154 0.9879807692307693 0.25961538461538475 0.9879807692307693
0 0.14903846153846165 0.8149038461538461 0.05528846153846164 0.8149038461538461 0.05528846153846164 0.8918269230769231 0.14903846153846165 0.8918269230769231