0 0.625 0.04807692307692314 0.5721153846153846 0.04807692307692314 0.5721153846153846 0.1538461538461539 0.625 0.1538461538461539
0 0.4230769230769231 0.14182692307692313 0.35096153846153844 0.1418269230769231 0.35096153846153844 0.28846153846153855 0.4230769230769231 0.28846153846153855
0 0.9567307692307693 0.18028846153846168 0.8942307692307693 0.18028846153846168 0.8942307692307693 0.3052884615384617 0.9567307692307693 0.3052884615384617
0 0.13461538461538466 0.33413461538461536 0.06730769230769235 0.33413461538461536 0.06730769230769235 0.46634615384615385 0.1346153846153847 0.46634615384615385
0 0.5552884615384616 0.35096153846153844 0.4879807692307692 0.35096153846153844 0.4879807692307692 0.47115384615384615 0.5552884615384616 0.47115384615384615
0 0.35096153846153844 0.375 0.28846153846153855 0.375 0.28846153846153855 0.4879807692307692 0.35096153846153844 0.4879807692307692
0 0.7139423076923077 0.3942307692307694 0.6490384615384616 0.3942307692307694 0.6490384615384616 0.5024038461538463 0.7139423076923077 0.5024038461538463
0 0.9206730769230769 0.39663461538461553 0.8509615384615384 0.39663461538461553 0.8509615384615384 0.4951923076923078 0.9206730769230769 0.4951923076923078
0 0.6490384615384616 0.4567307692307694 0.5865384615384616 0.4567307692307694 0.5865384615384616 0.5456730769230771 0.6490384615384616 0.5456730769230771
0 0.5697115384615385 0.48076923076923084 0.5 0.4807692307692308 0.5000000000000001 0.6009615384615385 0.5697115384615385 0.6009615384615385
0 0.3365384615384616 0.4855769230769231 0.2716346153846155 0.4855769230769231 0.2716346153846155 0.6153846153846154 0.3365384615384617 0.6153846153846154
0 0.7115384615384616 0.46634615384615397 0.6370192307692307 0.46634615384615397 0.6370192307692307 0.6081730769230771 0.7115384615384616 0.6081730769230771
0 0.40144230769230776 0.46153846153846156 0.3293269230769231 0.46153846153846156 0.32932692307692313 0.6442307692307693 0.4014423076923078 0.6442307692307693
0 0.8533653846153846 1.0082729055480013e-16 0.7932692307692307 9.714746243236215e-17 0.7932692307692307 0.09615384615384626 0.8533653846153846 0.09615384615384626
0 1 0.5625000000000001 0.9615384615384616 0.5625000000000001 0.9615384615384616 0.6730769230769231 1 0.6730769230769231
0 0.05288461538461539 0.024038461538461543 2.9438624979503683e-18 0.02403846153846154 1.206983624159651e-17 0.17307692307692307 0.052884615384615405 0.17307692307692307
0 0.7067307692307693 8.125060494343017e-17 0.6201923076923077 7.59516524471195e-17 0.6201923076923077 0.12740384615384623 0.7067307692307693 0.12740384615384626
0 0.23798076923076922 0.014423076923076948 0.17067307692307693 0.014423076923076945 0.17067307692307693 0.11298076923076926 0.23798076923076922 0.11298076923076926
0 0.27163461538461536 0.0120192307692308 0.19951923076923078 0.012019230769230794 0.19951923076923078 0.15865384615384615 0.27163461538461536 0.15865384615384615
0 0.9927884615384616 0.7548076923076923 0.9375 0.7548076923076923 0.9375 0.8533653846153846 0.9927884615384616 0.8533653846153846
0 0.1995192307692309 0.8581730769230769 0.11538461538461549 0.8581730769230769 0.11538461538461549 0.9278846153846154 0.1995192307692309 0.9278846153846154
0 0.20432692307692307 0.0168269230769231 0.15865384615384615 0.016826923076923097 0.15865384615384615 0.10096153846153849 0.20432692307692307 0.10096153846153849