0 0.3269230769230769 0.06490384615384619 0.25721153846153844 0.06490384615384619 0.25721153846153844 0.18028846153846156 0.3269230769230769 0.18028846153846162
0 0.6923076923076923 0.19951923076923084 0.6298076923076923 0.19951923076923084 0.6298076923076923 0.2908653846153847 0.6923076923076923 0.2908653846153847
0 0.9014423076923077 0.31009615384615397 0.84375 0.31009615384615397 0.84375 0.38461538461538475 0.9014423076923077 0.38461538461538475
0 0.84375 0.26923076923076933 0.7764423076923077 0.2692307692307693 0.7764423076923077 0.3942307692307694 0.84375 0.3942307692307694
0 0.8509615384615384 0.2980769230769232 0.7932692307692307 0.29807692307692313 0.7932692307692307 0.39663461538461553 0.8509615384615384 0.39663461538461553
0 0.9447115384615384 0.40384615384615397 0.8942307692307693 0.40384615384615397 0.8942307692307693 0.48317307692307704 0.9447115384615384 0.48317307692307704
0 0.4855769230769231 0.29326923076923084 0.4230769230769231 0.29326923076923084 0.4230769230769231 0.3894230769230769 0.4855769230769231 0.3894230769230769
0 0.9014423076923077 0.41586538461538475 0.8365384615384616 0.41586538461538475 0.8365384615384616 0.5192307692307694 0.9014423076923077 0.5192307692307694
0 0.9543269230769231 0.4447115384615386 0.8990384615384616 0.4447115384615386 0.8990384615384616 0.5480769230769232 0.9543269230769231 0.5480769230769232
0 0.7860576923076923 0.4062500000000001 0.7283653846153846 0.4062500000000001 0.7283653846153846 0.49038461538461553 0.7860576923076923 0.49038461538461553
0 0.38461538461538464 0.3125 0.33653846153846156 0.3125 0.33653846153846156 0.3918269230769231 0.38461538461538464 0.3918269230769231
0 0.9086538461538461 0.4807692307692309 0.8605769230769231 0.4807692307692309 0.8605769230769231 0.5697115384615385 0.9086538461538461 0.5697115384615385
0 0.7572115384615384 0.45192307692307704 0.7043269230769231 0.45192307692307704 0.7043269230769231 0.5312500000000001 0.7572115384615384 0.5312500000000001
0 0.7860576923076923 0.4951923076923078 0.7379807692307693 0.4951923076923078 0.7379807692307693 0.5817307692307694 0.7860576923076923 0.5817307692307694
0 0.8990384615384616 0.5384615384615385 0.84375 0.5384615384615385 0.84375 0.6274038461538461 0.8990384615384616 0.6274038461538461
0 0.8004807692307693 0.5264423076923078 0.7451923076923077 0.5264423076923078 0.7451923076923077 0.625 0.8004807692307693 0.625
0 0.6730769230769231 0.4951923076923078 0.6225961538461539 0.4951923076923078 0.6225961538461539 0.5889423076923078 0.6730769230769231 0.5889423076923078
0 0.5937500000000001 0.5000000000000001 0.5360576923076923 0.5 0.5360576923076924 0.5865384615384616 0.5937500000000001 0.5865384615384617
0 0.6995192307692307 0.5408653846153848 0.6418269230769231 0.5408653846153848 0.6418269230769231 0.6298076923076923 0.6995192307692307 0.6298076923076923
0 0.8774038461538461 0.6466346153846154 0.8293269230769231 0.6466346153846154 0.8293269230769231 0.71875 0.8774038461538461 0.71875
0 0.7451923076923077 0.5889423076923078 0.6754807692307693 0.5889423076923078 0.6754807692307693 0.6947115384615384 0.7451923076923077 0.6947115384615384
0 0.8533653846153846 0.6394230769230769 0.7932692307692307 0.6394230769230769 0.7932692307692307 0.7475961538461539 0.8533653846153846 0.7475961538461539
0 0.75 0.6322115384615384 0.7019230769230769 0.6322115384615384 0.7019230769230769 0.7115384615384616 0.75 0.7115384615384616
0 0.8317307692307693 0.6586538461538461 0.7716346153846154 0.6586538461538461 0.7716346153846154 0.7596153846153846 0.8317307692307693 0.7596153846153846
0 0.9350961538461539 0.6971153846153846 0.8870192307692307 0.6971153846153846 0.8870192307692307 0.7836538461538461 0.9350961538461539 0.7836538461538461
0 0.6610576923076923 0.6418269230769231 0.6009615384615385 0.6418269230769231 0.6009615384615385 0.7403846153846154 0.6610576923076923 0.7403846153846154
0 0.8677884615384616 0.7283653846153846 0.8100961538461539 0.7283653846153846 0.8100961538461539 0.8221153846153846 0.8677884615384616 0.8221153846153846
0 0.6177884615384616 0.6730769230769231 0.560096153846154 0.6730769230769231 0.560096153846154 0.75 0.6177884615384616 0.75
0 0.6802884615384616 0.6971153846153846 0.6274038461538461 0.6971153846153846 0.6274038461538461 0.7860576923076923 0.6802884615384616 0.7860576923076923
0 0.8100961538461539 0.8581730769230769 0.7572115384615384 0.8581730769230769 0.7572115384615384 0.9375 0.8100961538461539 0.9375
0 0.7355769230769231 0.8485576923076923 0.6875 0.8485576923076923 0.6875 0.9350961538461539 0.7355769230769231 0.9350961538461539
0 0.6995192307692307 0.8605769230769231 0.6418269230769231 0.8605769230769231 0.6418269230769231 0.9447115384615384 0.6995192307692307 0.9447115384615384
0 0.6177884615384616 0.9038461538461539 0.5625000000000001 0.9038461538461539 0.5625000000000001 0.9831730769230769 0.6177884615384616 0.9831730769230769