0 0.9591346153846154 0.5865384615384617 0.9158653846153846 0.5865384615384617 0.9158653846153846 0.6201923076923077 0.9591346153846154 0.6201923076923077
0 0.9807692307692307 0.3245192307692309 0.9447115384615384 0.3245192307692309 0.9447115384615384 0.3557692307692309 0.9807692307692307 0.3557692307692309
0 0.3389423076923078 0.7740384615384616 0.2716346153846155 0.7740384615384616 0.2716346153846155 0.8221153846153846 0.3389423076923078 0.8221153846153846
0 0.3750000000000001 0.5913461538461539 0.32211538461538475 0.5913461538461539 0.32211538461538475 0.6298076923076923 0.3750000000000001 0.6298076923076923
0 0.37740384615384615 0.4855769230769231 0.31971153846153844 0.4855769230769231 0.31971153846153844 0.53125 0.37740384615384615 0.53125
0 0.3822115384615386 0.5673076923076923 0.32692307692307704 0.5673076923076923 0.32692307692307704 0.6033653846153846 0.3822115384615386 0.6033653846153846
0 0.4254807692307693 0.5432692307692307 0.3629807692307692 0.5432692307692307 0.3629807692307693 0.5961538461538461 0.4254807692307694 0.5961538461538461
0 0.4326923076923078 0.5889423076923077 0.3750000000000001 0.5889423076923077 0.3750000000000001 0.6370192307692307 0.4326923076923078 0.6370192307692307
0 0.4399038461538463 0.6225961538461539 0.3870192307692309 0.6225961538461539 0.3870192307692309 0.6586538461538461 0.4399038461538463 0.6586538461538461
0 0.49038461538461536 0.3581730769230769 0.42788461538461536 0.3581730769230769 0.42788461538461536 0.40865384615384615 0.49038461538461536 0.40865384615384615
0 0.5312500000000001 0.6322115384615384 0.47355769230769246 0.6322115384615384 0.47355769230769246 0.6754807692307693 0.5312500000000001 0.6754807692307693
0 0.5360576923076924 0.5336538461538461 0.4807692307692308 0.5336538461538461 0.48076923076923084 0.5769230769230769 0.5360576923076924 0.5769230769230769
0 0.5408653846153848 0.6706730769230769 0.4759615384615386 0.6706730769230769 0.4759615384615386 0.7163461538461539 0.5408653846153848 0.7163461538461539
0 0.5408653846153848 0.5961538461538461 0.49038461538461553 0.5961538461538461 0.49038461538461553 0.6370192307692307 0.5408653846153848 0.6370192307692307
0 0.5576923076923077 0.5456730769230769 0.5216346153846154 0.5456730769230769 0.5216346153846154 0.5745192307692307 0.5576923076923078 0.5745192307692307
0 0.5865384615384617 0.7283653846153846 0.5192307692307694 0.7283653846153846 0.5192307692307694 0.7764423076923077 0.5865384615384617 0.7764423076923077
0 0.5937500000000001 0.6538461538461539 0.528846153846154 0.6538461538461539 0.528846153846154 0.6995192307692307 0.5937500000000001 0.6995192307692307
0 0.6442307692307693 0.47355769230769246 0.5817307692307693 0.47355769230769246 0.5817307692307693 0.5168269230769232 0.6442307692307693 0.5168269230769232
0 0.6442307692307693 0.4302884615384617 0.5961538461538461 0.4302884615384617 0.5961538461538461 0.4639423076923078 0.6442307692307693 0.4639423076923078
0 0.6538461538461539 0.4639423076923078 0.5961538461538461 0.4639423076923078 0.5961538461538461 0.5000000000000001 0.6538461538461539 0.5000000000000001
0 0.6514423076923077 0.6298076923076923 0.6033653846153848 0.6298076923076923 0.6033653846153848 0.6610576923076923 0.6514423076923077 0.6610576923076923
0 0.6826923076923077 0.42067307692307704 0.6418269230769231 0.42067307692307704 0.6418269230769231 0.4567307692307694 0.6826923076923077 0.4567307692307694
0 0.7163461538461539 0.46634615384615397 0.6586538461538461 0.46634615384615397 0.6586538461538461 0.5096153846153848 0.7163461538461539 0.5096153846153848
0 0.7355769230769231 0.528846153846154 0.6706730769230769 0.528846153846154 0.6706730769230769 0.5817307692307694 0.7355769230769231 0.5817307692307694
0 0.7331730769230769 0.8076923076923077 0.6730769230769231 0.8076923076923077 0.6730769230769231 0.8509615384615384 0.7331730769230769 0.8509615384615384
0 0.7331730769230769 0.1754807692307693 0.6754807692307693 0.1754807692307693 0.6754807692307693 0.21875000000000006 0.7331730769230769 0.21875000000000006
0 0.7427884615384616 0.6514423076923077 0.6730769230769231 0.6514423076923077 0.6730769230769231 0.7019230769230769 0.7427884615384616 0.7019230769230769
0 0.7524038461538461 0.3149038461538463 0.6947115384615384 0.3149038461538463 0.6947115384615384 0.35817307692307704 0.7524038461538461 0.35817307692307704
0 0.7668269230769231 0.3870192307692309 0.6971153846153846 0.3870192307692309 0.6971153846153846 0.43509615384615397 0.7668269230769231 0.43509615384615397
0 0.7596153846153846 0.5384615384615385 0.7163461538461539 0.5384615384615385 0.7163461538461539 0.5697115384615385 0.7596153846153846 0.5697115384615385
0 0.7668269230769231 0.3509615384615386 0.7139423076923077 0.3509615384615386 0.7139423076923077 0.3942307692307694 0.7668269230769231 0.3942307692307694
0 0.7836538461538461 0.4495192307692309 0.7259615384615384 0.4495192307692309 0.7259615384615384 0.4879807692307694 0.7836538461538461 0.4879807692307694
0 0.7836538461538461 0.44230769230769246 0.7283653846153846 0.44230769230769246 0.7283653846153846 0.47836538461538475 0.7836538461538461 0.47836538461538475
0 0.78125 0.6153846153846154 0.7379807692307693 0.6153846153846154 0.7379807692307693 0.6490384615384616 0.78125 0.6490384615384616
0 0.8317307692307693 0.6153846153846154 0.75 0.6153846153846154 0.75 0.6682692307692307 0.8317307692307693 0.6682692307692307
0 0.8341346153846154 0.43509615384615397 0.7860576923076923 0.43509615384615397 0.7860576923076923 0.47355769230769246 0.8341346153846154 0.47355769230769246
0 0.8461538461538461 0.3197115384615386 0.7932692307692307 0.3197115384615386 0.7932692307692307 0.36057692307692324 0.8461538461538461 0.36057692307692324
0 0.8701923076923077 0.5024038461538463 0.7980769230769231 0.5024038461538463 0.7980769230769231 0.5552884615384617 0.8701923076923077 0.5552884615384617
0 0.8822115384615384 0.560096153846154 0.8197115384615384 0.560096153846154 0.8197115384615384 0.6105769230769232 0.8822115384615384 0.6105769230769232
0 0.8822115384615384 0.6177884615384616 0.8245192307692307 0.6177884615384616 0.8245192307692307 0.6538461538461539 0.8822115384615384 0.6538461538461539
0 0.8942307692307693 0.04086538461538472 0.8389423076923077 0.04086538461538472 0.8389423076923077 0.09134615384615395 0.8942307692307693 0.09134615384615395
0 0.9326923076923077 0.34134615384615397 0.8701923076923077 0.34134615384615397 0.8701923076923077 0.38461538461538475 0.9326923076923077 0.38461538461538475