0 0.31971153846153844 0.09615384615384619 0.23317307692307693 0.09615384615384619 0.23317307692307693 0.21875000000000003 0.31971153846153844 0.21875000000000006
0 0.5769230769230769 0.11057692307692314 0.4567307692307692 0.11057692307692314 0.4567307692307692 0.2788461538461539 0.5769230769230769 0.2788461538461539
0 0.0649038461538462 0.31971153846153844 3.9153371222739897e-17 0.31971153846153844 4.7984958716591e-17 0.4639423076923077 0.0649038461538462 0.4639423076923077
0 0.9038461538461539 0.19951923076923087 0.7932692307692307 0.19951923076923084 0.7932692307692307 0.35336538461538475 0.9038461538461539 0.35336538461538475
0 0.5048076923076923 0.35336538461538464 0.39903846153846156 0.35336538461538464 0.39903846153846156 0.49278846153846156 0.5048076923076923 0.49278846153846156
0 0.6947115384615384 0.3125000000000001 0.6033653846153846 0.3125000000000001 0.6033653846153846 0.4399038461538463 0.6947115384615384 0.4399038461538463
0 0.358173076923077 0.44711538461538464 0.26682692307692313 0.44711538461538464 0.26682692307692313 0.5721153846153846 0.35817307692307704 0.5721153846153846
0 0.16346153846153852 0.5168269230769231 0.06971153846153853 0.5168269230769231 0.06971153846153853 0.6322115384615384 0.16346153846153852 0.6322115384615384
0 0.4302884615384616 0.4879807692307692 0.35096153846153844 0.4879807692307692 0.35096153846153855 0.59375 0.4302884615384617 0.59375
0 0.5312500000000001 0.4807692307692308 0.4326923076923077 0.4807692307692308 0.43269230769230776 0.6177884615384616 0.5312500000000001 0.6177884615384616
0 0.7548076923076923 0.4086538461538463 0.6514423076923077 0.4086538461538463 0.6514423076923077 0.5576923076923078 0.7548076923076923 0.5576923076923078
0 0.40144230769230776 0.5144230769230769 0.295673076923077 0.5144230769230769 0.295673076923077 0.6682692307692307 0.4014423076923078 0.6682692307692307
0 0.7043269230769231 0.4086538461538463 0.5913461538461539 0.4086538461538463 0.591346153846154 0.605769230769231 0.7043269230769231 0.605769230769231
0 0.08894230769230771 0.10096153846153846 1.2364222491391546e-17 0.10096153846153846 2.0459844360755062e-17 0.23317307692307693 0.08894230769230772 0.23317307692307693
0 0.11778846153846165 0.7115384615384616 0.0408653846153847 0.7115384615384616 0.040865384615384706 0.8341346153846154 0.11778846153846165 0.8341346153846154
0 0.8822115384615384 1.0171044930418524e-16 0.7788461538461539 9.538114493359194e-17 0.7788461538461539 0.045673076923077024 0.8822115384615384 0.045673076923077024
0 0.2668269230769231 0.055288461538461564 0.13701923076923078 0.05528846153846156 0.13701923076923078 0.22355769230769232 0.2668269230769231 0.22355769230769232
0 0.6826923076923077 7.845393557037733e-17 0.5985576923076923 7.330217619896417e-17 0.5985576923076923 0.045673076923077 0.6826923076923077 0.04567307692307701
0 0.6730769230769231 7.565726619732446e-17 0.5625 6.888638245203861e-17 0.5625 0.10096153846153853 0.6730769230769231 0.10096153846153853
0 0.1995192307692309 0.8846153846153846 0.11778846153846165 0.8846153846153846 0.11778846153846166 0.9951923076923077 0.1995192307692309 0.9951923076923077
0 1 0.7115384615384616 0.9014423076923077 0.7115384615384616 0.9014423076923077 0.8052884615384616 1 0.8052884615384616
0 0.6923076923076923 8.095621869363514e-17 0.6298076923076923 7.712919744629964e-17 0.6298076923076923 0.02403846153846162 0.6923076923076923 0.024038461538461623