0 0.6225961538461539 0.1754807692307693 0.5961538461538461 0.1754807692307693 0.5961538461538461 0.21394230769230776 0.6225961538461539 0.21394230769230776
0 0.6370192307692307 0.2379807692307693 0.6105769230769231 0.2379807692307693 0.6105769230769231 0.2740384615384616 0.6370192307692307 0.2740384615384616
0 0.5745192307692307 0.24519230769230776 0.5504807692307693 0.24519230769230776 0.5504807692307693 0.2836538461538462 0.5745192307692307 0.2836538461538462
0 0.7788461538461539 0.2524038461538462 0.7524038461538461 0.2524038461538462 0.7524038461538461 0.29326923076923084 0.7788461538461539 0.29326923076923084
0 0.5528846153846154 0.3004807692307693 0.5336538461538461 0.3004807692307693 0.5336538461538461 0.34134615384615385 0.5528846153846154 0.34134615384615385
0 0.6730769230769231 0.29326923076923084 0.6418269230769231 0.29326923076923084 0.6418269230769231 0.33413461538461553 0.6730769230769231 0.33413461538461553
0 0.5480769230769231 0.3485576923076923 0.5168269230769231 0.3485576923076923 0.5168269230769231 0.3894230769230769 0.5480769230769231 0.3894230769230769
0 0.4423076923076923 0.3701923076923077 0.41586538461538464 0.3701923076923077 0.41586538461538464 0.41346153846153844 0.4423076923076923 0.41346153846153844
0 0.5913461538461539 0.3942307692307694 0.5721153846153846 0.3942307692307694 0.5721153846153846 0.4302884615384617 0.5913461538461539 0.4302884615384617
0 0.5793269230769231 0.40144230769230776 0.5576923076923077 0.4014423076923077 0.5576923076923077 0.43269230769230776 0.5793269230769231 0.4326923076923078
0 0.4855769230769231 0.40625 0.45913461538461536 0.40625 0.45913461538461536 0.4543269230769231 0.4855769230769231 0.4543269230769231
0 0.7235576923076923 0.41586538461538475 0.6947115384615384 0.41586538461538475 0.6947115384615384 0.44711538461538475 0.7235576923076923 0.44711538461538475
0 0.4326923076923077 0.45913461538461536 0.4014423076923077 0.45913461538461536 0.4014423076923077 0.49759615384615385 0.4326923076923077 0.49759615384615385
0 0.37740384615384615 0.4831730769230769 0.35096153846153844 0.4831730769230769 0.35096153846153844 0.5264423076923077 0.37740384615384615 0.5264423076923077
0 0.4807692307692308 0.47115384615384615 0.4543269230769231 0.47115384615384615 0.4543269230769231 0.5240384615384616 0.4807692307692308 0.5240384615384616
0 0.49038461538461536 0.4807692307692308 0.4735576923076923 0.4807692307692308 0.4735576923076923 0.5120192307692307 0.49038461538461536 0.5120192307692307
0 0.40384615384615385 0.5120192307692307 0.38221153846153844 0.5120192307692307 0.38221153846153844 0.5504807692307693 0.40384615384615385 0.5504807692307693
0 0.389423076923077 0.5432692307692307 0.3629807692307692 0.5432692307692307 0.3629807692307693 0.5841346153846154 0.38942307692307704 0.5841346153846154
0 0.6466346153846154 0.5240384615384617 0.6201923076923077 0.5240384615384617 0.6201923076923077 0.5625000000000001 0.6466346153846154 0.5625000000000001
0 0.4663461538461539 0.5528846153846154 0.43990384615384615 0.5528846153846154 0.4399038461538462 0.5985576923076923 0.46634615384615397 0.5985576923076923
0 0.6850961538461539 0.5312500000000001 0.6586538461538461 0.5312500000000001 0.6586538461538461 0.5817307692307694 0.6850961538461539 0.5817307692307694
0 0.4086538461538463 0.5913461538461539 0.39182692307692324 0.5913461538461539 0.39182692307692324 0.6177884615384616 0.4086538461538463 0.6177884615384616
0 0.5264423076923078 0.5721153846153846 0.5024038461538463 0.5721153846153846 0.5024038461538463 0.6225961538461539 0.5264423076923078 0.6225961538461539
0 0.6706730769230769 0.5841346153846155 0.6394230769230769 0.5841346153846155 0.6394230769230769 0.6274038461538461 0.6706730769230769 0.6274038461538461
0 0.6394230769230769 0.6153846153846154 0.6177884615384616 0.6153846153846154 0.6177884615384616 0.6490384615384616 0.6394230769230769 0.6490384615384616
0 0.6706730769230769 0.6129807692307694 0.6394230769230769 0.6129807692307694 0.6394230769230769 0.6682692307692307 0.6706730769230769 0.6682692307692307
0 0.42788461538461553 0.6682692307692307 0.40384615384615397 0.6682692307692307 0.40384615384615397 0.6995192307692307 0.42788461538461553 0.6995192307692307
0 0.3990384615384617 0.6802884615384616 0.37259615384615397 0.6802884615384616 0.37259615384615397 0.7115384615384616 0.3990384615384617 0.7115384615384616
0 0.5144230769230771 0.6850961538461539 0.4807692307692309 0.6850961538461539 0.4807692307692309 0.7427884615384616 0.5144230769230771 0.7427884615384616
0 0.8245192307692307 0.6778846153846154 0.7980769230769231 0.6778846153846154 0.7980769230769231 0.7091346153846154 0.8245192307692307 0.7091346153846154
0 0.4375000000000001 0.7043269230769231 0.40384615384615397 0.7043269230769231 0.40384615384615397 0.7548076923076923 0.4375000000000001 0.7548076923076923
0 0.5384615384615385 0.71875 0.512019230769231 0.71875 0.512019230769231 0.7596153846153846 0.5384615384615385 0.7596153846153846
0 0.5889423076923078 0.71875 0.5673076923076924 0.71875 0.5673076923076924 0.7524038461538461 0.5889423076923078 0.7524038461538461
0 0.5625000000000001 0.7259615384615384 0.543269230769231 0.7259615384615384 0.543269230769231 0.7572115384615384 0.5625000000000001 0.7572115384615384
0 0.41105769230769246 0.7716346153846154 0.3822115384615386 0.7716346153846154 0.3822115384615386 0.8173076923076923 0.41105769230769246 0.8173076923076923
0 0.8509615384615384 0.7596153846153846 0.8125 0.7596153846153846 0.8125 0.8173076923076923 0.8509615384615384 0.8173076923076923
0 0.512019230769231 0.7980769230769231 0.4807692307692309 0.7980769230769231 0.4807692307692309 0.8461538461538461 0.512019230769231 0.8461538461538461
0 0.4326923076923078 0.84375 0.4086538461538463 0.84375 0.4086538461538463 0.875 0.4326923076923078 0.875
0 0.5216346153846155 0.8581730769230769 0.48317307692307704 0.8581730769230769 0.48317307692307704 0.9014423076923077 0.5216346153846155 0.9014423076923077
0 0.8245192307692307 0.8389423076923077 0.7908653846153846 0.8389423076923077 0.7908653846153846 0.8822115384615384 0.8245192307692307 0.8822115384615384