0 0.4807692307692309 0.9278846153846154 0.45192307692307704 0.9278846153846154 0.45192307692307704 0.96875 0.4807692307692309 0.96875
0 0.7475961538461539 0.9158653846153846 0.7163461538461539 0.9158653846153846 0.7163461538461539 0.9567307692307693 0.7475961538461539 0.9567307692307693
0 0.9206730769230769 0.8990384615384616 0.8942307692307693 0.8990384615384616 0.8942307692307693 0.9158653846153846 0.9206730769230769 0.9158653846153846
0 0.1971153846153847 0.32211538461538464 0.15625000000000006 0.32211538461538464 0.15625000000000006 0.38461538461538464 0.1971153846153847 0.38461538461538464
0 0.3870192307692308 0.3389423076923077 0.3485576923076923 0.3389423076923077 0.3485576923076923 0.3918269230769231 0.3870192307692308 0.3918269230769231
0 0.49038461538461536 0.32211538461538464 0.4495192307692308 0.32211538461538464 0.4495192307692308 0.3798076923076923 0.49038461538461536 0.3798076923076923
0 0.4110576923076923 0.34134615384615385 0.37740384615384615 0.34134615384615385 0.37740384615384615 0.39663461538461536 0.4110576923076923 0.39663461538461536
0 0.43990384615384615 0.37740384615384615 0.3942307692307692 0.37740384615384615 0.3942307692307692 0.43509615384615385 0.43990384615384615 0.43509615384615385
0 0.3942307692307692 0.39663461538461536 0.3557692307692308 0.39663461538461536 0.3557692307692308 0.4495192307692308 0.3942307692307692 0.4495192307692308
0 0.36778846153846156 0.40865384615384615 0.3317307692307692 0.40865384615384615 0.3317307692307692 0.46153846153846156 0.36778846153846156 0.46153846153846156
0 0.6322115384615384 0.4086538461538463 0.5865384615384616 0.4086538461538463 0.5865384615384616 0.4687500000000001 0.6322115384615384 0.4687500000000001
0 0.3701923076923077 0.49759615384615385 0.3293269230769231 0.49759615384615385 0.3293269230769231 0.5552884615384616 0.3701923076923077 0.5552884615384616
0 0.46634615384615385 0.49038461538461536 0.42788461538461536 0.49038461538461536 0.42788461538461536 0.5456730769230769 0.46634615384615385 0.5456730769230769
0 0.32932692307692313 0.5072115384615384 0.2908653846153847 0.5072115384615384 0.2908653846153847 0.5697115384615384 0.32932692307692324 0.5697115384615384
0 0.40865384615384615 0.5072115384615384 0.3701923076923077 0.5072115384615384 0.3701923076923077 0.5552884615384616 0.40865384615384615 0.5552884615384616
0 0.4615384615384616 0.53125 0.4326923076923077 0.53125 0.43269230769230776 0.5649038461538461 0.4615384615384617 0.5649038461538461
0 0.28125000000000006 0.5600961538461539 0.23557692307692316 0.5600961538461539 0.23557692307692316 0.625 0.28125000000000006 0.625
0 0.358173076923077 0.5576923076923077 0.31490384615384615 0.5576923076923077 0.3149038461538462 0.6201923076923077 0.35817307692307704 0.6201923076923077
0 0.5384615384615385 0.5793269230769231 0.5024038461538463 0.5793269230769231 0.5024038461538463 0.6370192307692307 0.5384615384615385 0.6370192307692307
0 0.5865384615384617 0.5889423076923077 0.5528846153846155 0.5889423076923077 0.5528846153846155 0.6346153846153846 0.5865384615384617 0.6346153846153846
0 0.5552884615384617 0.5889423076923077 0.5192307692307694 0.5889423076923077 0.5192307692307694 0.6466346153846154 0.5552884615384617 0.6466346153846154
0 0.39663461538461553 0.6225961538461539 0.36057692307692324 0.6225961538461539 0.36057692307692324 0.6706730769230769 0.39663461538461553 0.6706730769230769
0 0.6033653846153848 0.6298076923076923 0.5721153846153848 0.6298076923076923 0.5721153846153848 0.6682692307692307 0.6033653846153848 0.6682692307692307
0 0.5625000000000001 0.65625 0.5240384615384617 0.65625 0.5240384615384617 0.7091346153846154 0.5625000000000001 0.7091346153846154
0 0.5000000000000001 0.6778846153846154 0.45192307692307704 0.6778846153846154 0.45192307692307704 0.7379807692307693 0.5000000000000001 0.7379807692307693
0 0.2283653846153847 0.7235576923076923 0.18750000000000006 0.7235576923076923 0.18750000000000006 0.7788461538461539 0.2283653846153847 0.7788461538461539
0 0.8533653846153846 0.6274038461538461 0.8125 0.6274038461538461 0.8125 0.6826923076923077 0.8533653846153846 0.6826923076923077
0 0.38461538461538475 0.6971153846153846 0.33413461538461553 0.6971153846153846 0.33413461538461553 0.7668269230769231 0.38461538461538475 0.7668269230769231
0 0.71875 0.6682692307692307 0.6778846153846154 0.6682692307692307 0.6778846153846154 0.7259615384615384 0.71875 0.7259615384615384
0 0.6490384615384616 0.6826923076923077 0.605769230769231 0.6826923076923077 0.605769230769231 0.75 0.6490384615384616 0.75
0 0.5000000000000001 0.7235576923076923 0.47355769230769246 0.7235576923076923 0.47355769230769246 0.7620192307692307 0.5000000000000001 0.7620192307692307
0 0.6850961538461539 0.6899038461538461 0.6418269230769231 0.6899038461538461 0.6418269230769231 0.7403846153846154 0.6850961538461539 0.7403846153846154
0 0.5889423076923078 0.71875 0.5552884615384617 0.71875 0.5552884615384617 0.7740384615384616 0.5889423076923078 0.7740384615384616
0 0.6009615384615385 0.7211538461538461 0.5649038461538463 0.7211538461538461 0.5649038461538463 0.7764423076923077 0.6009615384615385 0.7764423076923077
0 0.42788461538461553 0.7548076923076923 0.39182692307692324 0.7548076923076923 0.39182692307692324 0.7980769230769231 0.42788461538461553 0.7980769230769231
0 0.4302884615384617 0.7692307692307693 0.3822115384615386 0.7692307692307693 0.3822115384615386 0.8485576923076923 0.4302884615384617 0.8485576923076923
0 0.6153846153846154 0.7740384615384616 0.574519230769231 0.7740384615384616 0.574519230769231 0.8245192307692307 0.6153846153846154 0.8245192307692307
0 0.7283653846153846 0.7620192307692307 0.6899038461538461 0.7620192307692307 0.6899038461538461 0.8149038461538461 0.7283653846153846 0.8149038461538461
0 0.5456730769230771 0.8028846153846154 0.5024038461538463 0.8028846153846154 0.5024038461538463 0.8677884615384616 0.5456730769230771 0.8677884615384616
0 0.4951923076923078 0.8317307692307693 0.4495192307692309 0.8317307692307693 0.4495192307692309 0.8918269230769231 0.4951923076923078 0.8918269230769231
0 0.44230769230769246 0.8413461538461539 0.40384615384615397 0.8413461538461539 0.40384615384615397 0.8990384615384616 0.44230769230769246 0.8990384615384616
0 1 0.7668269230769231 0.9615384615384616 0.7668269230769231 0.9615384615384616 0.8173076923076923 1 0.8173076923076923
0 0.7163461538461539 0.8461538461538461 0.6802884615384616 0.8461538461538461 0.6802884615384616 0.90625 0.7163461538461539 0.90625