0 0.7956730769230769 0.04567307692307702 0.7283653846153846 0.04567307692307701 0.7283653846153846 0.11298076923076933 0.7956730769230769 0.11298076923076933
0 0.06490384615384617 0.16105769230769232 0.02884615384615386 0.16105769230769232 0.02884615384615387 0.19951923076923078 0.06490384615384617 0.19951923076923078
0 0.1971153846153846 0.1418269230769231 0.15144230769230774 0.1418269230769231 0.15144230769230774 0.2091346153846154 0.1971153846153846 0.2091346153846154
0 0.0745192307692308 0.18990384615384615 0.03846153846153848 0.18990384615384615 0.038461538461538484 0.23076923076923078 0.07451923076923081 0.23076923076923078
0 0.28846153846153844 0.17788461538461542 0.25240384615384615 0.1778846153846154 0.25240384615384615 0.2259615384615385 0.28846153846153844 0.22596153846153852
0 0.13461538461538464 0.20432692307692307 0.10336538461538465 0.20432692307692307 0.10336538461538465 0.25240384615384615 0.13461538461538464 0.25240384615384615
0 0.33413461538461536 0.0072115384615385 0.30288461538461536 0.0072115384615384975 0.30288461538461536 0.05288461538461542 0.33413461538461536 0.05288461538461542
0 0.4326923076923077 0.22115384615384623 0.4014423076923077 0.22115384615384623 0.4014423076923077 0.2524038461538462 0.4326923076923077 0.2524038461538462
0 0.6057692307692307 0.2908653846153847 0.5480769230769231 0.2908653846153847 0.5480769230769231 0.3629807692307693 0.6057692307692307 0.3629807692307694
0 0.5288461538461539 0.32211538461538464 0.4951923076923077 0.32211538461538464 0.4951923076923077 0.3629807692307692 0.5288461538461539 0.3629807692307692
0 0.3004807692307693 0.3557692307692308 0.2475961538461539 0.3557692307692308 0.2475961538461539 0.4182692307692308 0.3004807692307693 0.4182692307692308
0 0.15865384615384623 0.3798076923076923 0.09134615384615388 0.3798076923076923 0.0913461538461539 0.44471153846153844 0.15865384615384623 0.44471153846153844
0 0.375 0.40625 0.3245192307692308 0.40625 0.3245192307692308 0.46875 0.375 0.46875
0 0.20432692307692316 0.4495192307692308 0.16105769230769237 0.4495192307692308 0.16105769230769237 0.5120192307692307 0.20432692307692316 0.5120192307692307
0 0.20192307692307698 0.4807692307692308 0.16105769230769237 0.4807692307692308 0.16105769230769237 0.5216346153846154 0.20192307692307698 0.5216346153846154
0 0.41346153846153844 0.47836538461538464 0.37740384615384615 0.47836538461538464 0.37740384615384615 0.5360576923076923 0.41346153846153844 0.5360576923076923
0 0.4326923076923077 0.4831730769230769 0.3942307692307692 0.4831730769230769 0.3942307692307692 0.5408653846153846 0.4326923076923077 0.5408653846153846
0 0.7067307692307693 0.4711538461538463 0.6466346153846154 0.4711538461538463 0.6466346153846154 0.5384615384615385 0.7067307692307693 0.5384615384615385
0 0.27644230769230776 0.5264423076923077 0.24519230769230776 0.5264423076923077 0.24519230769230776 0.5673076923076923 0.27644230769230776 0.5673076923076923
0 0.30769230769230776 0.5192307692307693 0.2692307692307693 0.5192307692307693 0.2692307692307693 0.5721153846153846 0.3076923076923078 0.5721153846153846
0 0.4086538461538462 0.5288461538461539 0.375 0.5288461538461539 0.37500000000000006 0.5841346153846154 0.4086538461538463 0.5841346153846154
0 0.4471153846153847 0.5432692307692307 0.41586538461538464 0.5432692307692307 0.4158653846153847 0.5841346153846154 0.44711538461538475 0.5841346153846154
0 0.3197115384615386 0.5673076923076923 0.2860576923076924 0.5673076923076923 0.2860576923076924 0.6153846153846154 0.3197115384615386 0.6153846153846154
0 0.5865384615384617 0.5889423076923077 0.5576923076923078 0.5889423076923077 0.5576923076923078 0.6346153846153846 0.5865384615384617 0.6346153846153846
0 0.39663461538461553 0.6057692307692307 0.3629807692307694 0.6057692307692307 0.3629807692307694 0.6586538461538461 0.39663461538461553 0.6586538461538461
0 0.4062500000000001 0.6153846153846154 0.36538461538461553 0.6153846153846154 0.36538461538461553 0.6826923076923077 0.4062500000000001 0.6826923076923077
0 0.6490384615384616 0.6225961538461539 0.6129807692307694 0.6225961538461539 0.6129807692307694 0.6706730769230769 0.6490384615384616 0.6706730769230769
0 0.5240384615384617 0.6730769230769231 0.46634615384615397 0.6730769230769231 0.46634615384615397 0.7307692307692307 0.5240384615384617 0.7307692307692307
0 0.8245192307692307 0.6538461538461539 0.7788461538461539 0.6538461538461539 0.7788461538461539 0.7211538461538461 0.8245192307692307 0.7211538461538461
0 0.4254807692307694 0.6899038461538461 0.3870192307692309 0.6899038461538461 0.3870192307692309 0.7475961538461539 0.4254807692307694 0.7475961538461539
0 0.6778846153846154 0.71875 0.6466346153846154 0.71875 0.6466346153846154 0.7764423076923077 0.6778846153846154 0.7764423076923077
0 0.5168269230769232 0.7307692307692307 0.4687500000000001 0.7307692307692307 0.4687500000000001 0.7980769230769231 0.5168269230769232 0.7980769230769231
0 0.5721153846153848 0.7331730769230769 0.5168269230769232 0.7331730769230769 0.5168269230769232 0.7956730769230769 0.5721153846153848 0.7956730769230769
0 0.7451923076923077 0.7884615384615384 0.6947115384615384 0.7884615384615384 0.6947115384615384 0.8509615384615384 0.7451923076923077 0.8509615384615384
0 0.9783653846153846 0.7908653846153846 0.9495192307692307 0.7908653846153846 0.9495192307692307 0.8269230769230769 0.9783653846153846 0.8269230769230769
0 0.6201923076923077 0.8076923076923077 0.591346153846154 0.8076923076923077 0.591346153846154 0.8629807692307693 0.6201923076923077 0.8629807692307693
0 0.6995192307692307 0.8028846153846154 0.6490384615384616 0.8028846153846154 0.6490384615384616 0.8653846153846154 0.6995192307692307 0.8653846153846154
0 0.5096153846153848 0.8509615384615384 0.4687500000000001 0.8509615384615384 0.4687500000000001 0.9086538461538461 0.5096153846153848 0.9086538461538461
0 0.7908653846153846 0.8653846153846154 0.7548076923076923 0.8653846153846154 0.7548076923076923 0.9182692307692307 0.7908653846153846 0.9182692307692307