0 0.8461538461538461 0.5096153846153848 0.8028846153846154 0.5096153846153848 0.8028846153846154 0.543269230769231 0.8461538461538461 0.543269230769231
0 0.7908653846153846 0.5384615384615385 0.7475961538461539 0.5384615384615385 0.7475961538461539 0.574519230769231 0.7908653846153846 0.574519230769231
0 0.7668269230769231 0.4807692307692309 0.7235576923076923 0.4807692307692309 0.7235576923076923 0.5168269230769232 0.7668269230769231 0.5168269230769232
0 0.8125 0.6802884615384616 0.7668269230769231 0.6802884615384616 0.7668269230769231 0.7163461538461539 0.8125 0.7163461538461539
0 0.7091346153846154 0.47836538461538475 0.6610576923076923 0.47836538461538475 0.6610576923076923 0.512019230769231 0.7091346153846154 0.512019230769231
0 0.7451923076923077 0.5817307692307694 0.6947115384615384 0.5817307692307694 0.6947115384615384 0.625 0.7451923076923077 0.625
0 0.6610576923076923 0.4759615384615386 0.6105769230769231 0.4759615384615386 0.6105769230769231 0.5192307692307694 0.6610576923076923 0.5192307692307694
0 0.6105769230769231 0.38461538461538475 0.5625 0.38461538461538475 0.5625 0.42307692307692324 0.6105769230769231 0.42307692307692324
0 0.6274038461538461 0.5408653846153848 0.5841346153846154 0.5408653846153848 0.5841346153846154 0.5721153846153848 0.6274038461538461 0.5721153846153848
0 0.6177884615384616 0.5312500000000001 0.5793269230769231 0.5312500000000001 0.5793269230769231 0.5576923076923078 0.6177884615384616 0.5576923076923078
0 0.5889423076923077 0.4350961538461539 0.5336538461538461 0.43509615384615385 0.5336538461538461 0.4783653846153847 0.5889423076923077 0.47836538461538475
0 0.6394230769230769 0.6658653846153846 0.6009615384615385 0.6658653846153846 0.6009615384615385 0.7019230769230769 0.6394230769230769 0.7019230769230769
0 0.5216346153846154 0.3918269230769231 0.47596153846153844 0.3918269230769231 0.47596153846153844 0.43509615384615385 0.5216346153846154 0.43509615384615385
0 0.4855769230769231 0.35096153846153844 0.4375 0.35096153846153844 0.4375 0.3894230769230769 0.4855769230769231 0.3894230769230769
0 0.5240384615384616 0.44711538461538464 0.46634615384615385 0.44711538461538464 0.46634615384615385 0.4879807692307692 0.5240384615384616 0.4879807692307692
0 0.5192307692307693 0.46875 0.4807692307692308 0.46875 0.4807692307692308 0.4951923076923077 0.5192307692307693 0.4951923076923077
0 0.46634615384615385 0.3870192307692308 0.4230769230769231 0.3870192307692308 0.4230769230769231 0.4206730769230769 0.46634615384615385 0.4206730769230769
0 0.4326923076923077 0.37740384615384615 0.38461538461538464 0.37740384615384615 0.38461538461538464 0.41586538461538464 0.4326923076923077 0.41586538461538464
0 0.5168269230769232 0.6225961538461539 0.4711538461538463 0.6225961538461539 0.4711538461538463 0.6610576923076923 0.5168269230769232 0.6610576923076923
0 0.4423076923076923 0.4543269230769231 0.3918269230769231 0.4543269230769231 0.3918269230769231 0.4951923076923077 0.4423076923076923 0.4951923076923077
0 0.5216346153846155 0.6610576923076923 0.4639423076923078 0.6610576923076923 0.4639423076923078 0.6995192307692307 0.5216346153846155 0.6995192307692307
0 0.3894230769230769 0.4182692307692308 0.3581730769230769 0.4182692307692308 0.3581730769230769 0.44471153846153844 0.3894230769230769 0.44471153846153844
0 0.43990384615384615 0.5192307692307693 0.38221153846153844 0.5192307692307693 0.38221153846153844 0.5576923076923077 0.43990384615384615 0.5576923076923077
0 0.4639423076923078 0.65625 0.4134615384615386 0.65625 0.4134615384615386 0.6971153846153846 0.4639423076923078 0.6971153846153846
0 0.4254807692307694 0.6442307692307693 0.3870192307692309 0.6442307692307693 0.3870192307692309 0.6730769230769231 0.4254807692307694 0.6730769230769231
0 0.4375000000000001 0.6634615384615384 0.37259615384615397 0.6634615384615384 0.37259615384615397 0.7091346153846154 0.4375000000000001 0.7091346153846154
0 0.31971153846153844 0.4495192307692308 0.2836538461538462 0.4495192307692308 0.2836538461538462 0.4831730769230769 0.31971153846153844 0.4831730769230769
0 0.3004807692307693 0.4206730769230769 0.26201923076923084 0.4206730769230769 0.26201923076923084 0.4567307692307692 0.3004807692307693 0.4567307692307692
0 0.326923076923077 0.5288461538461539 0.26201923076923084 0.5288461538461539 0.26201923076923084 0.5793269230769231 0.32692307692307704 0.5793269230769231
0 0.4134615384615386 0.8317307692307693 0.37259615384615397 0.8317307692307693 0.37259615384615397 0.8677884615384616 0.4134615384615386 0.8677884615384616
0 0.28846153846153855 0.45913461538461536 0.2283653846153847 0.45913461538461536 0.2283653846153847 0.5072115384615384 0.28846153846153855 0.5072115384615384
0 0.3004807692307693 0.5673076923076923 0.2524038461538462 0.5673076923076923 0.2524038461538462 0.6057692307692307 0.3004807692307693 0.6057692307692307
0 0.3125000000000001 0.6201923076923077 0.2716346153846155 0.6201923076923077 0.2716346153846155 0.6538461538461539 0.3125000000000001 0.6538461538461539
0 0.29807692307692313 0.6009615384615384 0.26201923076923084 0.6009615384615384 0.26201923076923084 0.6274038461538461 0.29807692307692313 0.6274038461538461
0 0.2163461538461539 0.4567307692307692 0.16346153846153852 0.4567307692307692 0.16346153846153852 0.49759615384615385 0.2163461538461539 0.49759615384615385
0 0.34134615384615397 0.8653846153846154 0.2740384615384617 0.8653846153846154 0.2740384615384617 0.9230769230769231 0.34134615384615397 0.9230769230769231
0 0.21875000000000006 0.5552884615384616 0.16105769230769237 0.5552884615384616 0.16105769230769237 0.6033653846153846 0.21875000000000006 0.6033653846153846
0 0.1538461538461539 0.49759615384615385 0.11538461538461545 0.49759615384615385 0.11538461538461545 0.53125 0.1538461538461539 0.53125
0 0.16105769230769237 0.5769230769230769 0.10576923076923084 0.5769230769230769 0.10576923076923084 0.6274038461538461 0.16105769230769237 0.6274038461538461
0 0.2572115384615386 0.8677884615384616 0.20673076923076936 0.8677884615384616 0.20673076923076936 0.9134615384615384 0.2572115384615386 0.9134615384615384