0 0.8822115384615384 0.5192307692307694 0.8125 0.5192307692307694 0.8125 0.5625000000000001 0.8822115384615384 0.5625000000000001
0 0.8052884615384616 0.5697115384615385 0.7644230769230769 0.5697115384615385 0.7644230769230769 0.6009615384615385 0.8052884615384616 0.6009615384615385
0 0.8317307692307693 0.4495192307692309 0.78125 0.4495192307692309 0.78125 0.4807692307692309 0.8317307692307693 0.4807692307692309
0 0.7644230769230769 0.625 0.7091346153846154 0.625 0.7091346153846154 0.6610576923076923 0.7644230769230769 0.6610576923076923
0 0.7403846153846154 0.6682692307692307 0.6947115384615384 0.6682692307692307 0.6947115384615384 0.6995192307692307 0.7403846153846154 0.6995192307692307
0 0.7860576923076923 0.5072115384615385 0.7307692307692307 0.5072115384615385 0.7307692307692307 0.5456730769230771 0.7860576923076923 0.5456730769230771
0 0.7235576923076923 0.6009615384615385 0.6826923076923077 0.6009615384615385 0.6826923076923077 0.6322115384615384 0.7235576923076923 0.6322115384615384
0 0.71875 0.5793269230769232 0.6730769230769231 0.5793269230769232 0.6730769230769231 0.6105769230769232 0.71875 0.6105769230769232
0 0.6995192307692307 0.6201923076923077 0.6610576923076923 0.6201923076923077 0.6610576923076923 0.6490384615384616 0.6995192307692307 0.6490384615384616
0 0.7668269230769231 0.4014423076923078 0.7043269230769231 0.4014423076923078 0.7043269230769231 0.4375000000000001 0.7668269230769231 0.4375000000000001
0 0.6610576923076923 0.7163461538461539 0.6153846153846154 0.7163461538461539 0.6153846153846154 0.7475961538461539 0.6610576923076923 0.7475961538461539
0 0.6826923076923077 0.6322115384615384 0.6418269230769231 0.6322115384615384 0.6418269230769231 0.6610576923076923 0.6826923076923077 0.6610576923076923
0 0.7403846153846154 0.45192307692307704 0.6971153846153846 0.45192307692307704 0.6971153846153846 0.48317307692307704 0.7403846153846154 0.48317307692307704
0 0.6514423076923077 0.6899038461538461 0.6081730769230771 0.6899038461538461 0.6081730769230771 0.7163461538461539 0.6514423076923077 0.7163461538461539
0 0.6658653846153846 0.5721153846153848 0.625 0.5721153846153848 0.625 0.605769230769231 0.6658653846153846 0.605769230769231
0 0.6514423076923077 0.6394230769230769 0.591346153846154 0.6394230769230769 0.591346153846154 0.6730769230769231 0.6514423076923077 0.6730769230769231
0 0.7211538461538461 0.34134615384615397 0.6706730769230769 0.34134615384615397 0.6706730769230769 0.3750000000000001 0.7211538461538461 0.3750000000000001
0 0.5961538461538463 0.6754807692307693 0.5360576923076924 0.6754807692307693 0.5360576923076924 0.7091346153846154 0.5961538461538463 0.7091346153846154
0 0.5793269230769232 0.6610576923076923 0.5312500000000001 0.6610576923076923 0.5312500000000001 0.6923076923076923 0.5793269230769232 0.6923076923076923
0 0.5889423076923078 0.5745192307692308 0.5384615384615385 0.5745192307692307 0.5384615384615385 0.6105769230769231 0.5889423076923078 0.6105769230769232
0 0.5528846153846155 0.6586538461538461 0.4951923076923078 0.6586538461538461 0.4951923076923078 0.6971153846153846 0.5528846153846155 0.6971153846153846
0 0.543269230769231 0.59375 0.48557692307692324 0.59375 0.48557692307692324 0.6298076923076923 0.543269230769231 0.6298076923076923
0 0.512019230769231 0.5625 0.4711538461538463 0.5625 0.4711538461538463 0.59375 0.512019230769231 0.59375
0 0.5769230769230769 0.3653846153846155 0.5216346153846154 0.36538461538461536 0.5216346153846154 0.40625000000000006 0.5769230769230769 0.4062500000000001
0 0.47355769230769246 0.65625 0.4086538461538463 0.65625 0.4086538461538463 0.6971153846153846 0.47355769230769246 0.6971153846153846
0 0.5384615384615384 0.4326923076923077 0.4807692307692308 0.4326923076923077 0.4807692307692308 0.46875 0.5384615384615384 0.46875
0 0.5216346153846154 0.47836538461538464 0.45913461538461536 0.47836538461538464 0.45913461538461536 0.5192307692307693 0.5216346153846154 0.5192307692307693
0 0.4711538461538463 0.5985576923076923 0.4302884615384617 0.5985576923076923 0.4302884615384617 0.6298076923076923 0.4711538461538463 0.6298076923076923
0 0.4447115384615386 0.5841346153846154 0.3990384615384617 0.5841346153846154 0.3990384615384617 0.6153846153846154 0.4447115384615386 0.6153846153846154
0 0.4375000000000001 0.6081730769230769 0.3870192307692309 0.6081730769230769 0.3870192307692309 0.6418269230769231 0.4375000000000001 0.6418269230769231
0 0.4735576923076923 0.4519230769230769 0.43028846153846156 0.4519230769230769 0.43028846153846156 0.4879807692307692 0.4735576923076923 0.4879807692307692
0 0.47836538461538464 0.39903846153846156 0.4230769230769231 0.39903846153846156 0.4230769230769231 0.43509615384615385 0.47836538461538464 0.43509615384615385
0 0.3701923076923078 0.6298076923076923 0.32692307692307704 0.6298076923076923 0.32692307692307704 0.6586538461538461 0.3701923076923078 0.6586538461538461
0 0.3725961538461539 0.5408653846153846 0.3173076923076923 0.5408653846153846 0.3173076923076924 0.5769230769230769 0.37259615384615397 0.5769230769230769
0 0.36778846153846156 0.5120192307692307 0.3245192307692308 0.5120192307692307 0.3245192307692308 0.5432692307692307 0.36778846153846156 0.5432692307692307
0 0.3461538461538462 0.5504807692307693 0.3004807692307693 0.5504807692307693 0.3004807692307693 0.5841346153846154 0.3461538461538463 0.5841346153846154
0 0.2740384615384616 0.4230769230769231 0.23317307692307698 0.4230769230769231 0.23317307692307698 0.4543269230769231 0.2740384615384616 0.4543269230769231
0 0.25721153846153855 0.3918269230769231 0.21153846153846162 0.3918269230769231 0.21153846153846162 0.4230769230769231 0.25721153846153855 0.4230769230769231
0 0.16105769230769237 0.5432692307692307 0.12500000000000006 0.5432692307692307 0.12500000000000006 0.5697115384615384 0.16105769230769237 0.5697115384615384