0 1 0.43509615384615397 0.8822115384615384 0.43509615384615397 0.8822115384615384 0.528846153846154 1 0.528846153846154
0 0.19951923076923084 0.40865384615384615 0.021634615384615436 0.40865384615384615 0.02163461538461544 0.5216346153846154 0.19951923076923084 0.5216346153846154
0 0.20432692307692316 0.4519230769230769 0.076923076923077 0.4519230769230769 0.076923076923077 0.5384615384615384 0.20432692307692316 0.5384615384615384
0 0.2163461538461539 0.35096153846153844 0.07692307692307696 0.35096153846153844 0.07692307692307697 0.4519230769230769 0.2163461538461539 0.4519230769230769
0 0.26201923076923084 0.5168269230769231 0.11538461538461545 0.5168269230769231 0.11538461538461545 0.6225961538461539 0.26201923076923084 0.6225961538461539
0 0.3028846153846155 0.8245192307692307 0.13942307692307704 0.8245192307692307 0.13942307692307704 0.9302884615384616 0.30288461538461553 0.9302884615384616
0 0.3269230769230769 0.17548076923076927 0.14903846153846156 0.17548076923076922 0.14903846153846156 0.2836538461538462 0.3269230769230769 0.2836538461538462
0 0.37740384615384615 0.016826923076923114 0.21153846153846154 0.016826923076923104 0.21153846153846154 0.12980769230769235 0.37740384615384615 0.12980769230769235
0 0.3774038461538463 0.6009615384615384 0.23317307692307698 0.6009615384615384 0.23317307692307698 0.6995192307692307 0.3774038461538463 0.6995192307692307
0 0.3894230769230769 0.32211538461538464 0.28125000000000006 0.32211538461538464 0.28125000000000006 0.40865384615384615 0.3894230769230769 0.40865384615384615
0 0.08653846153846165 0.7259615384615384 0.02644230769230778 0.7259615384615384 0.026442307692307782 0.7956730769230769 0.08653846153846165 0.7956730769230769
0 0.0889423076923078 0.9182692307692307 0.0480769230769232 0.9182692307692307 0.0480769230769232 0.9927884615384616 0.08894230769230783 0.9927884615384616
0 0.08413461538461542 0.2668269230769231 3.267687372724909e-17 0.2668269230769231 3.7387053723969676e-17 0.34375 0.08413461538461542 0.34375
0 0.47115384615384615 0.15625000000000006 0.3605769230769231 0.15625000000000006 0.3605769230769231 0.2524038461538462 0.47115384615384615 0.2524038461538462
0 0.46875 0.37740384615384615 0.3605769230769231 0.37740384615384615 0.3605769230769231 0.45913461538461536 0.46875 0.45913461538461536
0 0.12740384615384626 0.8100961538461539 0.03605769230769241 0.8100961538461539 0.036057692307692416 0.8990384615384616 0.12740384615384626 0.8990384615384616
0 0.65625 0.6995192307692307 0.5264423076923078 0.6995192307692307 0.5264423076923078 0.7932692307692307 0.65625 0.7932692307692307
0 0.12740384615384623 0.6610576923076923 0.01682692307692316 0.6610576923076923 0.016826923076923163 0.7524038461538461 0.12740384615384626 0.7524038461538461
0 0.12259615384615384 0.043269230769230775 5.298952496310663e-18 0.04326923076923077 1.0009132493031253e-17 0.1201923076923077 0.12259615384615384 0.1201923076923077
0 0.7235576923076923 0.3701923076923078 0.5600961538461539 0.3701923076923078 0.5600961538461539 0.4711538461538463 0.7235576923076923 0.4711538461538463
0 0.7524038461538461 0.31730769230769246 0.59375 0.31730769230769246 0.59375 0.42788461538461553 0.7524038461538461 0.42788461538461553
0 0.1346153846153847 0.5336538461538461 0.028846153846153914 0.5336538461538461 0.028846153846153917 0.6129807692307693 0.1346153846153847 0.6129807692307693
0 0.875 0.4134615384615386 0.7572115384615384 0.4134615384615386 0.7572115384615384 0.5096153846153848 0.875 0.5096153846153848
0 0.8798076923076923 0.31009615384615397 0.7596153846153846 0.31009615384615397 0.7596153846153846 0.3990384615384617 0.8798076923076923 0.3990384615384617
0 0.9206730769230769 0.15384615384615394 0.7692307692307693 0.1538461538461539 0.7692307692307693 0.25240384615384626 0.9206730769230769 0.2524038461538463
0 0.9783653846153846 0.3701923076923078 0.8389423076923077 0.3701923076923078 0.8389423076923077 0.4711538461538463 0.9783653846153846 0.4711538461538463
0 0.9615384615384616 0.06490384615384627 0.8293269230769231 0.06490384615384626 0.8293269230769231 0.16586538461538472 0.9615384615384616 0.16586538461538475