0 0.6009615384615385 0.6298076923076923 0.574519230769231 0.6298076923076923 0.574519230769231 0.65625 0.6009615384615385 0.65625
0 0.6394230769230769 0.5096153846153848 0.6081730769230769 0.5096153846153848 0.6081730769230769 0.5456730769230771 0.6394230769230769 0.5456730769230771
0 0.5769230769230771 0.6538461538461539 0.5480769230769232 0.6538461538461539 0.5480769230769232 0.6826923076923077 0.5769230769230771 0.6826923076923077
0 0.6105769230769231 0.5168269230769232 0.5817307692307693 0.5168269230769232 0.5817307692307693 0.5504807692307694 0.6105769230769231 0.5504807692307694
0 0.5889423076923078 0.5745192307692308 0.5528846153846155 0.5745192307692307 0.5528846153846155 0.6033653846153847 0.5889423076923078 0.6033653846153848
0 0.5384615384615385 0.6370192307692307 0.5144230769230771 0.6370192307692307 0.5144230769230771 0.6610576923076923 0.5384615384615385 0.6610576923076923
0 0.5625 0.514423076923077 0.5408653846153846 0.5144230769230769 0.5408653846153846 0.5360576923076924 0.5625 0.5360576923076924
0 0.5240384615384617 0.6418269230769231 0.5000000000000001 0.6418269230769231 0.5000000000000001 0.6658653846153846 0.5240384615384617 0.6658653846153846
0 0.5336538461538463 0.5673076923076923 0.5072115384615385 0.5673076923076923 0.5072115384615385 0.5913461538461539 0.5336538461538463 0.5913461538461539
0 0.5168269230769232 0.6418269230769231 0.48557692307692324 0.6418269230769231 0.48557692307692324 0.6682692307692307 0.5168269230769232 0.6682692307692307
0 0.528846153846154 0.59375 0.4951923076923078 0.59375 0.4951923076923078 0.6177884615384616 0.528846153846154 0.6177884615384616
0 0.5384615384615384 0.5048076923076923 0.5168269230769231 0.5048076923076923 0.5168269230769231 0.5264423076923077 0.5384615384615384 0.5264423076923077
0 0.5793269230769231 0.3485576923076924 0.5480769230769231 0.3485576923076923 0.5480769230769231 0.3774038461538462 0.5793269230769231 0.3774038461538463
0 0.5264423076923077 0.4951923076923077 0.49278846153846156 0.4951923076923077 0.49278846153846156 0.5216346153846154 0.5264423076923077 0.5216346153846154
0 0.5432692307692307 0.4326923076923077 0.5168269230769231 0.4326923076923077 0.5168269230769231 0.4567307692307692 0.5432692307692307 0.4567307692307692
0 0.5360576923076923 0.44711538461538464 0.5048076923076923 0.44711538461538464 0.5048076923076923 0.4735576923076923 0.5360576923076923 0.4735576923076923
0 0.4807692307692309 0.5673076923076923 0.4495192307692309 0.5673076923076923 0.4495192307692309 0.59375 0.4807692307692309 0.59375
0 0.4951923076923077 0.49759615384615385 0.46875 0.49759615384615385 0.46875 0.5192307692307693 0.4951923076923077 0.5192307692307693
0 0.4879807692307692 0.5144230769230769 0.46153846153846156 0.5144230769230769 0.46153846153846156 0.5408653846153846 0.4879807692307692 0.5408653846153846
0 0.45192307692307704 0.6274038461538461 0.42067307692307704 0.6274038461538461 0.42067307692307704 0.65625 0.45192307692307704 0.65625
0 0.45432692307692324 0.5649038461538461 0.4254807692307694 0.5649038461538461 0.4254807692307694 0.5913461538461539 0.45432692307692324 0.5913461538461539
0 0.4423076923076924 0.5384615384615384 0.4206730769230769 0.5384615384615384 0.420673076923077 0.5600961538461539 0.44230769230769246 0.5600961538461539
0 0.4182692307692309 0.6105769230769231 0.3942307692307694 0.6105769230769231 0.3942307692307694 0.6322115384615384 0.4182692307692309 0.6322115384615384
0 0.46875 0.4495192307692308 0.4375 0.4495192307692308 0.4375 0.47596153846153844 0.46875 0.47596153846153844
0 0.4254807692307694 0.5600961538461539 0.4014423076923078 0.5600961538461539 0.4014423076923078 0.5841346153846154 0.4254807692307694 0.5841346153846154
0 0.5144230769230769 0.3004807692307693 0.47836538461538464 0.3004807692307693 0.47836538461538464 0.3293269230769231 0.5144230769230769 0.3293269230769231
0 0.4639423076923077 0.4326923076923077 0.4326923076923077 0.4326923076923077 0.4326923076923077 0.4567307692307692 0.4639423076923077 0.4567307692307692
0 0.4495192307692308 0.4519230769230769 0.4230769230769231 0.4519230769230769 0.4230769230769231 0.47596153846153844 0.4495192307692308 0.47596153846153844
0 0.42788461538461536 0.4951923076923077 0.40384615384615385 0.4951923076923077 0.40384615384615385 0.5168269230769231 0.42788461538461536 0.5168269230769231
0 0.42788461538461536 0.4182692307692308 0.40384615384615385 0.4182692307692308 0.40384615384615385 0.4423076923076923 0.42788461538461536 0.4423076923076923
0 0.389423076923077 0.5336538461538461 0.3581730769230769 0.5336538461538461 0.358173076923077 0.5600961538461539 0.38942307692307704 0.5600961538461539
0 0.3725961538461539 0.5432692307692307 0.33653846153846156 0.5432692307692307 0.3365384615384616 0.5721153846153846 0.37259615384615397 0.5721153846153846
0 0.4182692307692308 0.3894230769230769 0.38461538461538464 0.3894230769230769 0.38461538461538464 0.4182692307692308 0.4182692307692308 0.4182692307692308
0 0.3317307692307694 0.6225961538461539 0.3028846153846155 0.6225961538461539 0.3028846153846155 0.6490384615384616 0.3317307692307694 0.6490384615384616
0 0.37259615384615385 0.4951923076923077 0.3389423076923077 0.4951923076923077 0.3389423076923077 0.5288461538461539 0.37259615384615385 0.5288461538461539
0 0.3605769230769231 0.5264423076923077 0.33413461538461536 0.5264423076923077 0.33413461538461536 0.5528846153846154 0.3605769230769231 0.5528846153846154
0 0.36538461538461536 0.44711538461538464 0.34615384615384615 0.44711538461538464 0.34615384615384615 0.46875 0.36538461538461536 0.46875
0 0.3605769230769231 0.3798076923076923 0.34375 0.3798076923076923 0.34375 0.4014423076923077 0.3605769230769231 0.4014423076923077
0 0.3317307692307692 0.4543269230769231 0.3052884615384616 0.4543269230769231 0.3052884615384616 0.47836538461538464 0.3317307692307692 0.47836538461538464
0 0.3125 0.44711538461538464 0.2908653846153847 0.44711538461538464 0.2908653846153847 0.4639423076923077 0.3125 0.4639423076923077
0 0.31490384615384615 0.43509615384615385 0.29807692307692313 0.43509615384615385 0.29807692307692313 0.4519230769230769 0.31490384615384615 0.4519230769230769
0 0.3076923076923077 0.41346153846153844 0.28846153846153855 0.41346153846153844 0.28846153846153855 0.43509615384615385 0.3076923076923077 0.43509615384615385