0 0.16346153846153852 0.5841346153846154 0.0504807692307693 0.5841346153846154 0.05048076923076931 0.6538461538461539 0.16346153846153852 0.6538461538461539
0 0.2860576923076924 0.3605769230769231 0.1322115384615385 0.3605769230769231 0.13221153846153852 0.44471153846153844 0.2860576923076924 0.44471153846153844
0 0.33413461538461553 0.8990384615384616 0.1995192307692309 0.8990384615384616 0.1995192307692309 0.9807692307692307 0.33413461538461553 0.9807692307692307
0 0.44711538461538464 0.0697115384615385 0.3125 0.06971153846153849 0.3125 0.14423076923076927 0.44711538461538464 0.1442307692307693
0 0.47596153846153855 0.4855769230769231 0.3485576923076923 0.4855769230769231 0.3485576923076924 0.5673076923076923 0.4759615384615386 0.5673076923076923
0 0.4831730769230769 0.2836538461538462 0.3605769230769231 0.2836538461538462 0.3605769230769231 0.36538461538461536 0.4831730769230769 0.36538461538461536
0 0.5144230769230771 0.6442307692307693 0.3990384615384617 0.6442307692307693 0.3990384615384617 0.7235576923076923 0.5144230769230771 0.7235576923076923
0 0.5192307692307694 0.8485576923076923 0.4134615384615386 0.8485576923076923 0.4134615384615386 0.9254807692307693 0.5192307692307694 0.9254807692307693
0 0.5552884615384617 0.5817307692307693 0.4615384615384617 0.5817307692307693 0.4615384615384617 0.6538461538461539 0.5552884615384617 0.6538461538461539
0 0.6033653846153847 0.49519230769230776 0.4807692307692308 0.4951923076923077 0.48076923076923084 0.5697115384615385 0.6033653846153848 0.5697115384615385
0 0.6081730769230769 0.26201923076923084 0.4735576923076923 0.26201923076923084 0.4735576923076923 0.3413461538461539 0.6081730769230769 0.34134615384615397
0 0.6225961538461539 0.6274038461538461 0.47355769230769246 0.6274038461538461 0.47355769230769246 0.7163461538461539 0.6225961538461539 0.7163461538461539
0 0.6418269230769231 0.3149038461538462 0.4519230769230769 0.31490384615384615 0.4519230769230769 0.4086538461538462 0.6418269230769231 0.4086538461538463
0 0.11538461538461549 0.8149038461538461 0.016826923076923177 0.8149038461538461 0.01682692307692318 0.8798076923076923 0.11538461538461549 0.8798076923076923
0 0.6995192307692307 0.9447115384615384 0.5841346153846155 0.9447115384615384 0.5841346153846155 0.9951923076923077 0.6995192307692307 0.9951923076923077
0 0.1466346153846154 0.016826923076923087 2.060703748565258e-18 0.016826923076923076 5.740531871003219e-18 0.07692307692307694 0.1466346153846154 0.07692307692307696
0 0.14182692307692316 0.6346153846153846 0.007211538461538538 0.6346153846153846 0.007211538461538545 0.7355769230769231 0.14182692307692318 0.7355769230769231
0 0.09855769230769235 0.18990384615384615 2.3256513733807912e-17 0.18990384615384615 2.767230748073346e-17 0.2620192307692308 0.09855769230769235 0.2620192307692308
0 0.14903846153846156 0.21394230769230768 2.6200376231758278e-17 0.21394230769230768 3.1499328728068944e-17 0.3004807692307692 0.14903846153846156 0.3004807692307692
0 0.8798076923076923 0.9182692307692307 0.7764423076923077 0.9182692307692307 0.7764423076923077 0.9807692307692307 0.8798076923076923 0.9807692307692307
0 0.9134615384615384 0.09134615384615395 0.8365384615384616 0.09134615384615395 0.8365384615384616 0.1826923076923078 0.9134615384615384 0.18269230769230782
0 0.08653846153846158 0.1778846153846154 2.1784582484832726e-17 0.1778846153846154 2.5170024357475652e-17 0.23317307692307693 0.08653846153846158 0.23317307692307693