0 0.7211538461538461 0.26682692307692313 0.7019230769230769 0.26682692307692313 0.7019230769230769 0.29807692307692313 0.7211538461538461 0.29807692307692313
0 0.6634615384615384 0.295673076923077 0.6418269230769231 0.295673076923077 0.6418269230769231 0.3197115384615386 0.6634615384615384 0.3197115384615386
0 0.5865384615384616 0.3149038461538463 0.5673076923076923 0.3149038461538463 0.5673076923076923 0.3437500000000001 0.5865384615384616 0.3437500000000001
0 0.24519230769230768 0.25240384615384615 0.2283653846153846 0.25240384615384615 0.2283653846153846 0.2764423076923077 0.24519230769230768 0.2764423076923077
0 0.5144230769230769 0.3317307692307692 0.49278846153846156 0.3317307692307692 0.49278846153846156 0.3629807692307692 0.5144230769230769 0.3629807692307692
0 0.31971153846153844 0.29807692307692313 0.29807692307692313 0.29807692307692313 0.29807692307692313 0.3245192307692308 0.31971153846153844 0.3245192307692308
0 0.5144230769230769 0.3605769230769231 0.5 0.3605769230769231 0.5 0.3798076923076923 0.5144230769230769 0.3798076923076923
0 0.6466346153846154 0.38461538461538475 0.6201923076923077 0.38461538461538475 0.6201923076923077 0.41586538461538475 0.6466346153846154 0.41586538461538475
0 0.35096153846153844 0.33653846153846156 0.3317307692307692 0.33653846153846156 0.3317307692307692 0.3605769230769231 0.35096153846153844 0.3605769230769231
0 0.6298076923076923 0.3990384615384617 0.6081730769230769 0.3990384615384617 0.6081730769230769 0.4182692307692309 0.6298076923076923 0.4182692307692309
0 0.49278846153846156 0.37259615384615385 0.4735576923076923 0.37259615384615385 0.4735576923076923 0.4014423076923077 0.49278846153846156 0.4014423076923077
0 0.37740384615384615 0.35336538461538464 0.35096153846153844 0.35336538461538464 0.35096153846153844 0.3870192307692308 0.37740384615384615 0.3870192307692308
0 0.6009615384615384 0.4062500000000001 0.5817307692307693 0.4062500000000001 0.5817307692307693 0.42788461538461553 0.6009615384615384 0.42788461538461553
0 0.5817307692307693 0.3990384615384617 0.5600961538461539 0.3990384615384617 0.5600961538461539 0.4254807692307694 0.5817307692307693 0.4254807692307694
0 0.5072115384615384 0.40384615384615385 0.4855769230769231 0.40384615384615385 0.4855769230769231 0.4326923076923077 0.5072115384615384 0.4326923076923077
0 0.6394230769230769 0.4399038461538463 0.6177884615384616 0.4399038461538463 0.6177884615384616 0.4639423076923078 0.6394230769230769 0.4639423076923078
0 0.6129807692307693 0.43509615384615397 0.59375 0.43509615384615397 0.59375 0.4639423076923078 0.6129807692307693 0.4639423076923078
0 0.59375 0.4326923076923078 0.5697115384615384 0.4326923076923078 0.5697115384615384 0.4567307692307694 0.59375 0.4567307692307694
0 0.5817307692307693 0.4615384615384617 0.5600961538461539 0.4615384615384617 0.5600961538461539 0.4927884615384617 0.5817307692307693 0.4927884615384617
0 0.19230769230769237 0.3942307692307692 0.17067307692307698 0.3942307692307692 0.17067307692307698 0.41586538461538464 0.19230769230769237 0.41586538461538464
0 0.6105769230769231 0.47836538461538475 0.5865384615384616 0.47836538461538475 0.5865384615384616 0.5048076923076924 0.6105769230769231 0.5048076923076924
0 0.5625 0.4711538461538462 0.5408653846153846 0.47115384615384615 0.5408653846153846 0.4927884615384616 0.5625 0.4927884615384617
0 0.39663461538461536 0.43509615384615385 0.37740384615384615 0.43509615384615385 0.37740384615384615 0.4639423076923077 0.39663461538461536 0.4639423076923077
0 0.5432692307692307 0.47115384615384615 0.5264423076923077 0.47115384615384615 0.5264423076923077 0.49038461538461536 0.5432692307692307 0.49038461538461536
0 0.38461538461538464 0.43990384615384615 0.36778846153846156 0.43990384615384615 0.36778846153846156 0.46634615384615385 0.38461538461538464 0.46634615384615385
0 0.4807692307692308 0.47596153846153844 0.45913461538461536 0.47596153846153844 0.45913461538461536 0.5072115384615384 0.4807692307692308 0.5072115384615384
0 0.2908653846153847 0.4855769230769231 0.2716346153846155 0.4855769230769231 0.2716346153846155 0.5072115384615384 0.2908653846153847 0.5072115384615384
0 0.5336538461538463 0.5456730769230769 0.5168269230769231 0.5456730769230769 0.5168269230769231 0.5649038461538461 0.5336538461538463 0.5649038461538461
0 0.5264423076923077 0.5576923076923077 0.5072115384615384 0.5576923076923077 0.5072115384615385 0.5817307692307693 0.5264423076923078 0.5817307692307693
0 0.5000000000000001 0.5504807692307693 0.46875 0.5504807692307693 0.46875000000000006 0.5745192307692307 0.5000000000000001 0.5745192307692307
0 0.4399038461538462 0.5480769230769231 0.41346153846153844 0.5480769230769231 0.41346153846153855 0.5745192307692307 0.4399038461538463 0.5745192307692307
0 0.26682692307692313 0.5264423076923077 0.2475961538461539 0.5264423076923077 0.2475961538461539 0.5480769230769231 0.26682692307692313 0.5480769230769231
0 0.47836538461538475 0.5649038461538461 0.45432692307692324 0.5649038461538461 0.45432692307692324 0.59375 0.47836538461538475 0.59375
0 0.1850961538461539 0.5288461538461539 0.16105769230769237 0.5288461538461539 0.16105769230769237 0.5552884615384616 0.1850961538461539 0.5552884615384616
0 0.4062500000000001 0.5817307692307693 0.38461538461538475 0.5817307692307693 0.38461538461538475 0.6081730769230769 0.4062500000000001 0.6081730769230769
0 0.31009615384615397 0.5673076923076923 0.2908653846153847 0.5673076923076923 0.2908653846153847 0.5913461538461539 0.31009615384615397 0.5913461538461539
0 0.2692307692307693 0.5625 0.2475961538461539 0.5625 0.2475961538461539 0.5985576923076923 0.2692307692307693 0.5985576923076923
0 0.44711538461538475 0.6009615384615384 0.42067307692307704 0.6009615384615384 0.42067307692307704 0.6370192307692307 0.44711538461538475 0.6370192307692307
0 0.2908653846153847 0.6346153846153846 0.2716346153846155 0.6346153846153846 0.2716346153846155 0.6538461538461539 0.2908653846153847 0.6538461538461539
0 0.37980769230769246 0.6466346153846154 0.35817307692307704 0.6466346153846154 0.35817307692307704 0.6850961538461539 0.37980769230769246 0.6850961538461539