0 0.5096153846153848 0.9302884615384616 0.48317307692307704 0.9302884615384616 0.48317307692307704 0.96875 0.5096153846153848 0.96875
0 0.24519230769230782 0.8942307692307693 0.216346153846154 0.8942307692307693 0.216346153846154 0.9350961538461539 0.24519230769230782 0.9350961538461539
0 0.07451923076923087 0.8653846153846154 0.04086538461538472 0.8653846153846154 0.04086538461538472 0.90625 0.07451923076923087 0.90625
0 0.8509615384615384 0.3509615384615386 0.8197115384615384 0.3509615384615386 0.8197115384615384 0.41105769230769246 0.8509615384615384 0.41105769230769246
0 0.6586538461538461 0.35336538461538475 0.6298076923076923 0.35336538461538475 0.6298076923076923 0.40384615384615397 0.6586538461538461 0.40384615384615397
0 0.5649038461538461 0.326923076923077 0.5264423076923077 0.3269230769230769 0.5264423076923077 0.38221153846153855 0.5649038461538461 0.3822115384615386
0 0.6346153846153846 0.35336538461538475 0.6033653846153846 0.35336538461538475 0.6033653846153846 0.4062500000000001 0.6346153846153846 0.4062500000000001
0 0.6153846153846154 0.3870192307692309 0.5745192307692307 0.3870192307692309 0.5745192307692307 0.4399038461538463 0.6153846153846154 0.4399038461538463
0 0.6514423076923077 0.41105769230769246 0.6129807692307693 0.41105769230769246 0.6129807692307693 0.4615384615384617 0.6514423076923077 0.4615384615384617
0 0.6754807692307693 0.42307692307692324 0.6418269230769231 0.42307692307692324 0.6418269230769231 0.47355769230769246 0.6754807692307693 0.47355769230769246
0 0.41586538461538464 0.40384615384615385 0.37740384615384615 0.40384615384615385 0.37740384615384615 0.45913461538461536 0.41586538461538464 0.45913461538461536
0 0.6658653846153846 0.512019230769231 0.6322115384615384 0.512019230769231 0.6322115384615384 0.5673076923076924 0.6658653846153846 0.5673076923076924
0 0.5769230769230769 0.4927884615384616 0.5336538461538461 0.49278846153846156 0.5336538461538461 0.5504807692307693 0.5769230769230769 0.5504807692307694
0 0.7043269230769231 0.5240384615384617 0.6682692307692307 0.5240384615384617 0.6682692307692307 0.5865384615384617 0.7043269230769231 0.5865384615384617
0 0.625 0.5192307692307694 0.5889423076923077 0.5192307692307694 0.5889423076923077 0.5673076923076924 0.625 0.5673076923076924
0 0.5625000000000001 0.5360576923076924 0.5336538461538461 0.5360576923076923 0.5336538461538463 0.5721153846153847 0.5625000000000001 0.5721153846153848
0 0.7548076923076923 0.5793269230769232 0.7139423076923077 0.5793269230769232 0.7139423076923077 0.6418269230769231 0.7548076923076923 0.6418269230769231
0 0.6754807692307693 0.5721153846153848 0.6370192307692307 0.5721153846153848 0.6370192307692307 0.6346153846153846 0.6754807692307693 0.6346153846153846
0 0.48557692307692324 0.5793269230769231 0.45192307692307704 0.5793269230769231 0.45192307692307704 0.6346153846153846 0.48557692307692324 0.6346153846153846
0 0.4375000000000001 0.5793269230769231 0.40384615384615397 0.5793269230769231 0.40384615384615397 0.6274038461538461 0.4375000000000001 0.6274038461538461
0 0.46634615384615397 0.5889423076923077 0.4375000000000001 0.5889423076923077 0.4375000000000001 0.6442307692307693 0.46634615384615397 0.6442307692307693
0 0.625 0.6370192307692307 0.5937500000000001 0.6370192307692307 0.5937500000000001 0.6826923076923077 0.625 0.6826923076923077
0 0.41586538461538475 0.6225961538461539 0.38461538461538475 0.6225961538461539 0.38461538461538475 0.6610576923076923 0.41586538461538475 0.6610576923076923
0 0.4639423076923078 0.6514423076923077 0.4254807692307694 0.6514423076923077 0.4254807692307694 0.7067307692307693 0.4639423076923078 0.7067307692307693
0 0.5264423076923078 0.6826923076923077 0.48557692307692324 0.6826923076923077 0.48557692307692324 0.7379807692307693 0.5264423076923078 0.7379807692307693
0 0.7860576923076923 0.7475961538461539 0.7524038461538461 0.7475961538461539 0.7524038461538461 0.8004807692307693 0.7860576923076923 0.8004807692307693
0 0.1754807692307693 0.5985576923076923 0.13701923076923084 0.5985576923076923 0.13701923076923084 0.6538461538461539 0.1754807692307693 0.6538461538461539
0 0.6418269230769231 0.7139423076923077 0.6009615384615385 0.7139423076923077 0.6009615384615385 0.7788461538461539 0.6418269230769231 0.7788461538461539
0 0.3052884615384616 0.6490384615384616 0.2692307692307693 0.6490384615384616 0.2692307692307693 0.7043269230769231 0.3052884615384616 0.7043269230769231
0 0.3774038461538463 0.6706730769230769 0.34134615384615397 0.6706730769230769 0.34134615384615397 0.7355769230769231 0.3774038461538463 0.7355769230769231
0 0.5072115384615385 0.7235576923076923 0.48317307692307704 0.7235576923076923 0.48317307692307704 0.7620192307692307 0.5072115384615385 0.7620192307692307
0 0.3389423076923078 0.6778846153846154 0.3004807692307693 0.6778846153846154 0.3004807692307693 0.7235576923076923 0.3389423076923078 0.7235576923076923
0 0.42067307692307704 0.7115384615384616 0.39182692307692324 0.7115384615384616 0.39182692307692324 0.7644230769230769 0.42067307692307704 0.7644230769230769
0 0.41105769230769246 0.7115384615384616 0.3822115384615386 0.7115384615384616 0.3822115384615386 0.7668269230769231 0.41105769230769246 0.7668269230769231
0 0.5817307692307694 0.7620192307692307 0.5504807692307694 0.7620192307692307 0.5504807692307694 0.8028846153846154 0.5817307692307694 0.8028846153846154
0 0.5865384615384617 0.7740384615384616 0.5480769230769232 0.7740384615384616 0.5480769230769232 0.8533653846153846 0.5865384615384617 0.8533653846153846
0 0.3990384615384617 0.7692307692307693 0.36538461538461553 0.7692307692307693 0.36538461538461553 0.8149038461538461 0.3990384615384617 0.8149038461538461
0 0.2860576923076924 0.7451923076923077 0.2524038461538462 0.7451923076923077 0.2524038461538462 0.7956730769230769 0.2860576923076924 0.7956730769230769
0 0.4687500000000001 0.7980769230769231 0.4254807692307694 0.7980769230769231 0.4254807692307694 0.8629807692307693 0.4687500000000001 0.8629807692307693
0 0.5168269230769232 0.8317307692307693 0.4759615384615386 0.8317307692307693 0.4759615384615386 0.8870192307692307 0.5168269230769232 0.8870192307692307
0 0.5625000000000001 0.8485576923076923 0.528846153846154 0.8485576923076923 0.528846153846154 0.9014423076923077 0.5625000000000001 0.9014423076923077
0 0.012019230769230862 0.7211538461538461 8.831587493851104e-17 0.7211538461538461 9.125973743646141e-17 0.7692307692307693 0.012019230769230864 0.7692307692307693
0 0.28846153846153855 0.8269230769230769 0.2548076923076924 0.8269230769230769 0.2548076923076924 0.8846153846153846 0.2884615384615386 0.8846153846153846