0 0.3125 0.44471153846153844 0.2788461538461539 0.44471153846153844 0.2788461538461539 0.4735576923076923 0.3125 0.4735576923076923
0 0.33653846153846156 0.3004807692307693 0.29807692307692313 0.3004807692307693 0.29807692307692313 0.3317307692307692 0.33653846153846156 0.3317307692307692
0 0.3485576923076923 0.43028846153846156 0.31490384615384615 0.43028846153846156 0.31490384615384615 0.4567307692307692 0.3485576923076923 0.4567307692307692
0 0.34615384615384615 0.5 0.3125 0.5 0.3125 0.5264423076923077 0.34615384615384615 0.5264423076923077
0 0.37259615384615385 0.3629807692307692 0.33653846153846156 0.3629807692307692 0.33653846153846156 0.3870192307692308 0.37259615384615385 0.3870192307692308
0 0.3798076923076923 0.295673076923077 0.34615384615384615 0.295673076923077 0.34615384615384615 0.31971153846153844 0.3798076923076923 0.31971153846153844
0 0.39903846153846156 0.375 0.3605769230769231 0.375 0.3605769230769231 0.40625 0.39903846153846156 0.40625
0 0.4014423076923077 0.41586538461538464 0.36778846153846156 0.41586538461538464 0.36778846153846156 0.4423076923076923 0.4014423076923077 0.4423076923076923
0 0.41346153846153844 0.33413461538461536 0.38221153846153844 0.33413461538461536 0.38221153846153844 0.3581730769230769 0.41346153846153844 0.3581730769230769
0 0.43028846153846156 0.34615384615384615 0.3918269230769231 0.34615384615384615 0.3918269230769231 0.375 0.43028846153846156 0.375
0 0.4062500000000001 0.5961538461538461 0.3750000000000001 0.5961538461538461 0.3750000000000001 0.6201923076923077 0.4062500000000001 0.6201923076923077
0 0.43509615384615385 0.3870192307692308 0.4014423076923077 0.3870192307692308 0.4014423076923077 0.4110576923076923 0.43509615384615385 0.4110576923076923
0 0.4254807692307694 0.6658653846153846 0.39182692307692324 0.6658653846153846 0.39182692307692324 0.6899038461538461 0.4254807692307694 0.6899038461538461
0 0.4519230769230769 0.5048076923076923 0.39903846153846156 0.5048076923076923 0.39903846153846156 0.5360576923076923 0.4519230769230769 0.5360576923076923
0 0.49278846153846156 0.33413461538461536 0.45913461538461536 0.33413461538461536 0.45913461538461536 0.3581730769230769 0.49278846153846156 0.3581730769230769
0 0.5144230769230769 0.15865384615384623 0.4831730769230769 0.15865384615384623 0.4831730769230769 0.17788461538461545 0.5144230769230769 0.17788461538461545
0 0.4855769230769231 0.4254807692307692 0.4567307692307692 0.4254807692307692 0.4567307692307692 0.4543269230769231 0.4855769230769231 0.4543269230769231
0 0.48557692307692313 0.5552884615384616 0.44711538461538464 0.5552884615384616 0.4471153846153847 0.5841346153846154 0.48557692307692324 0.5841346153846154
0 0.48557692307692324 0.5841346153846154 0.4495192307692309 0.5841346153846154 0.4495192307692309 0.6057692307692307 0.48557692307692324 0.6057692307692307
0 0.48317307692307704 0.6346153846153846 0.44711538461538475 0.6346153846153846 0.44711538461538475 0.6634615384615384 0.48317307692307704 0.6634615384615384
0 0.5120192307692307 0.43028846153846156 0.47836538461538464 0.43028846153846156 0.47836538461538464 0.4567307692307692 0.5120192307692307 0.4567307692307692
0 0.53125 0.49278846153846156 0.49278846153846156 0.49278846153846156 0.49278846153846156 0.5216346153846154 0.53125 0.5216346153846154
0 0.5432692307692307 0.47596153846153844 0.5 0.47596153846153844 0.5 0.5072115384615384 0.5432692307692307 0.5072115384615384
0 0.5793269230769231 0.29807692307692313 0.5432692307692307 0.29807692307692313 0.5432692307692307 0.326923076923077 0.5793269230769231 0.32692307692307704
0 0.59375 0.2163461538461539 0.5600961538461539 0.2163461538461539 0.5600961538461539 0.24278846153846162 0.59375 0.24278846153846162
0 0.5528846153846155 0.6730769230769231 0.5216346153846155 0.6730769230769231 0.5216346153846155 0.6899038461538461 0.5528846153846155 0.6899038461538461
0 0.5721153846153846 0.5216346153846154 0.5288461538461539 0.5216346153846154 0.5288461538461539 0.5552884615384616 0.5721153846153846 0.5552884615384617
0 0.5697115384615385 0.6129807692307693 0.5384615384615385 0.6129807692307693 0.5384615384615385 0.6442307692307693 0.5697115384615385 0.6442307692307693
0 0.5625000000000001 0.6971153846153846 0.5384615384615385 0.6971153846153846 0.5384615384615385 0.71875 0.5625000000000001 0.71875
0 0.6057692307692307 0.3822115384615386 0.5673076923076923 0.3822115384615386 0.5673076923076923 0.40384615384615397 0.6057692307692307 0.40384615384615397
0 0.5793269230769232 0.6850961538461539 0.5504807692307694 0.6850961538461539 0.5504807692307694 0.7163461538461539 0.5793269230769232 0.7163461538461539
0 0.6177884615384616 0.4326923076923078 0.5817307692307693 0.4326923076923078 0.5817307692307693 0.45192307692307704 0.6177884615384616 0.45192307692307704
0 0.6129807692307693 0.42067307692307704 0.59375 0.42067307692307704 0.59375 0.43509615384615397 0.6129807692307693 0.43509615384615397
0 0.65625 0.16826923076923084 0.625 0.16826923076923084 0.625 0.18750000000000006 0.65625 0.18750000000000006
0 0.6105769230769232 0.6225961538461539 0.5721153846153848 0.6225961538461539 0.5721153846153848 0.6514423076923077 0.6105769230769232 0.6514423076923077
0 0.6153846153846154 0.605769230769231 0.5841346153846155 0.605769230769231 0.5841346153846155 0.625 0.6153846153846154 0.625
0 0.6298076923076923 0.5144230769230771 0.5961538461538461 0.5144230769230771 0.5961538461538461 0.543269230769231 0.6298076923076923 0.543269230769231
0 0.6754807692307693 0.45432692307692324 0.6490384615384616 0.45432692307692324 0.6490384615384616 0.47836538461538475 0.6754807692307693 0.47836538461538475
0 0.7235576923076923 0.6394230769230769 0.6850961538461539 0.6394230769230769 0.6850961538461539 0.6682692307692307 0.7235576923076923 0.6682692307692307
0 0.7211538461538461 0.7620192307692307 0.6875 0.7620192307692307 0.6875 0.7884615384615384 0.7211538461538461 0.7884615384615384
0 0.7644230769230769 0.6971153846153846 0.7283653846153846 0.6971153846153846 0.7283653846153846 0.71875 0.7644230769230769 0.71875
0 0.78125 0.6778846153846154 0.7548076923076923 0.6778846153846154 0.7548076923076923 0.7019230769230769 0.78125 0.7019230769230769
0 0.9182692307692307 0.4639423076923078 0.8942307692307693 0.4639423076923078 0.8942307692307693 0.48317307692307704 0.9182692307692307 0.48317307692307704