0 0.19471153846153846 0.06971153846153846 0.057692307692307696 0.06971153846153846 0.0576923076923077 0.18028846153846154 0.19471153846153846 0.18028846153846154
0 0.2283653846153846 2.207896873462776e-17 0.13221153846153846 1.6191243738727026e-17 0.13221153846153846 0.038461538461538484 0.2283653846153846 0.0384615384615385
0 0.2403846153846154 0.18509615384615385 0.12259615384615388 0.18509615384615385 0.12259615384615388 0.2764423076923077 0.2403846153846154 0.2764423076923077
0 0.23557692307692316 0.41586538461538464 0.10576923076923081 0.41586538461538464 0.10576923076923082 0.5096153846153846 0.23557692307692316 0.5096153846153846
0 0.25961538461538464 0.03125000000000003 0.1658653846153846 0.031250000000000014 0.1658653846153846 0.10576923076923081 0.25961538461538464 0.10576923076923081
0 0.2836538461538462 0.7067307692307693 0.15865384615384623 0.7067307692307693 0.15865384615384623 0.8052884615384616 0.2836538461538462 0.8052884615384616
0 0.34375 0.06490384615384619 0.23317307692307693 0.06490384615384619 0.23317307692307693 0.14903846153846156 0.34375 0.14903846153846156
0 0.3221153846153847 0.46153846153846156 0.18269230769230776 0.46153846153846156 0.18269230769230776 0.5649038461538461 0.32211538461538475 0.5649038461538461
0 0.35096153846153844 0.14423076923076927 0.23557692307692307 0.14423076923076927 0.23557692307692307 0.24038461538461542 0.35096153846153844 0.24038461538461545
0 0.32692307692307704 0.8581730769230769 0.185096153846154 0.8581730769230769 0.185096153846154 0.9663461538461539 0.32692307692307704 0.9663461538461539
0 0.39663461538461536 4.31275855949729e-17 0.3076923076923077 3.7681439973764714e-17 0.3076923076923077 0.04326923076923081 0.39663461538461536 0.043269230769230824
0 0.10336538461538465 0.1875 0.03846153846153848 0.1875 0.038461538461538484 0.2668269230769231 0.10336538461538465 0.2668269230769231
0 0.4567307692307692 0.19471153846153852 0.2956730769230769 0.19471153846153852 0.295673076923077 0.29807692307692313 0.4567307692307692 0.29807692307692313
0 0.11057692307692307 0.05288461538461539 0.0673076923076923 0.052884615384615384 0.06730769230769232 0.11298076923076923 0.11057692307692307 0.11298076923076923
0 0.4831730769230769 0.4110576923076923 0.35336538461538464 0.4110576923076923 0.35336538461538464 0.5096153846153846 0.4831730769230769 0.5096153846153846
0 0.7620192307692307 0.24519230769230776 0.6466346153846154 0.24519230769230776 0.6466346153846154 0.32932692307692324 0.7620192307692307 0.32932692307692324
0 0.8485576923076923 0.040865384615384706 0.7548076923076923 0.0408653846153847 0.7548076923076923 0.08653846153846165 0.8485576923076923 0.08653846153846165
0 0.16826923076923078 1.501369873954688e-17 0.07692307692307693 9.420359993441178e-18 0.07692307692307693 0.07211538461538464 0.16826923076923078 0.07211538461538464
0 0.1298076923076924 0.7331730769230769 0.012019230769230858 0.7331730769230769 0.012019230769230865 0.8269230769230769 0.1298076923076924 0.8269230769230769