0 0.6418269230769231 0.8966346153846154 0.591346153846154 0.8966346153846154 0.591346153846154 0.96875 0.6418269230769231 0.96875
0 0.7692307692307693 0.9302884615384616 0.7331730769230769 0.9302884615384616 0.7331730769230769 0.9759615384615384 0.7692307692307693 0.9759615384615384
0 0.7331730769230769 0.23557692307692316 0.6850961538461539 0.23557692307692316 0.6850961538461539 0.3317307692307694 0.7331730769230769 0.3317307692307694
0 0.5865384615384616 0.295673076923077 0.5408653846153846 0.295673076923077 0.5408653846153846 0.3725961538461539 0.5865384615384616 0.37259615384615397
0 0.8798076923076923 0.29807692307692324 0.8509615384615384 0.29807692307692324 0.8509615384615384 0.3629807692307694 0.8798076923076923 0.3629807692307694
0 0.5264423076923077 0.31971153846153844 0.47836538461538464 0.31971153846153844 0.47836538461538464 0.3918269230769231 0.5264423076923077 0.3918269230769231
0 0.2716346153846155 0.36778846153846156 0.21875000000000006 0.36778846153846156 0.21875000000000006 0.43990384615384615 0.2716346153846155 0.43990384615384615
0 0.9134615384615384 0.3245192307692309 0.875 0.3245192307692309 0.875 0.39182692307692324 0.9134615384615384 0.39182692307692324
0 0.49038461538461536 0.3870192307692308 0.44711538461538464 0.3870192307692308 0.44711538461538464 0.4423076923076923 0.49038461538461536 0.4423076923076923
0 0.8846153846153846 0.34855769230769246 0.8269230769230769 0.34855769230769246 0.8269230769230769 0.4375000000000001 0.8846153846153846 0.4375000000000001
0 0.78125 0.3701923076923078 0.7403846153846154 0.3701923076923078 0.7403846153846154 0.4399038461538463 0.78125 0.4399038461538463
0 0.7043269230769231 0.38942307692307704 0.6634615384615384 0.38942307692307704 0.6634615384615384 0.4399038461538463 0.7043269230769231 0.4399038461538463
0 0.3389423076923077 0.44711538461538464 0.2860576923076924 0.44711538461538464 0.2860576923076924 0.5336538461538461 0.3389423076923077 0.5336538461538461
0 0.8725961538461539 0.4134615384615386 0.8317307692307693 0.4134615384615386 0.8317307692307693 0.4927884615384617 0.8725961538461539 0.4927884615384617
0 0.7836538461538461 0.4326923076923078 0.7379807692307693 0.4326923076923078 0.7379807692307693 0.5048076923076924 0.7836538461538461 0.5048076923076924
0 0.5625 0.4711538461538462 0.5216346153846154 0.47115384615384615 0.5216346153846154 0.5240384615384616 0.5625 0.5240384615384617
0 0.7019230769230769 0.47836538461538475 0.6730769230769231 0.47836538461538475 0.6730769230769231 0.5384615384615385 0.7019230769230769 0.5384615384615385
0 0.18750000000000006 0.4951923076923077 0.12259615384615391 0.4951923076923077 0.12259615384615391 0.5961538461538461 0.18750000000000006 0.5961538461538461
0 0.05769230769230776 0.5240384615384616 0.021634615384615453 0.5240384615384616 0.021634615384615457 0.5961538461538461 0.05769230769230776 0.5961538461538461
0 0.7259615384615384 0.47836538461538475 0.6923076923076923 0.47836538461538475 0.6923076923076923 0.5576923076923078 0.7259615384615384 0.5576923076923078
0 0.591346153846154 0.5000000000000001 0.5504807692307693 0.5 0.5504807692307693 0.5649038461538463 0.591346153846154 0.5649038461538463
0 0.6394230769230769 0.528846153846154 0.59375 0.528846153846154 0.5937500000000001 0.6225961538461539 0.6394230769230769 0.6225961538461539
0 0.6658653846153846 0.6105769230769232 0.6346153846153846 0.6105769230769232 0.6346153846153846 0.6706730769230769 0.6658653846153846 0.6706730769230769
0 0.10096153846153855 0.6802884615384616 0.06009615384615393 0.6802884615384616 0.06009615384615393 0.7572115384615384 0.10096153846153856 0.7572115384615384
0 0.41586538461538475 0.6586538461538461 0.3701923076923078 0.6586538461538461 0.3701923076923078 0.7379807692307693 0.41586538461538475 0.7379807692307693
0 0.2788461538461539 0.6778846153846154 0.22596153846153852 0.6778846153846154 0.22596153846153852 0.7692307692307693 0.2788461538461539 0.7692307692307693
0 0.625 0.6682692307692307 0.5817307692307694 0.6682692307692307 0.5817307692307694 0.7355769230769231 0.625 0.7355769230769231
0 0.4615384615384617 0.6995192307692307 0.42307692307692324 0.6995192307692307 0.42307692307692324 0.7572115384615384 0.4615384615384617 0.7572115384615384
0 1 0.6706730769230769 0.96875 0.6706730769230769 0.96875 0.7596153846153846 1 0.7596153846153846
0 0.90625 0.7548076923076923 0.8653846153846154 0.7548076923076923 0.8653846153846154 0.8197115384615384 0.90625 0.8197115384615384
0 0.9663461538461539 0.7596153846153846 0.9230769230769231 0.7596153846153846 0.9230769230769231 0.8245192307692307 0.9663461538461539 0.8245192307692307
0 1 0.7740384615384616 0.9903846153846154 0.7740384615384616 0.9903846153846154 0.8149038461538461 1 0.8149038461538461
0 0.45913461538461553 0.8197115384615384 0.42067307692307704 0.8197115384615384 0.42067307692307704 0.8870192307692307 0.45913461538461553 0.8870192307692307
0 0.9519230769230769 0.8485576923076923 0.9038461538461539 0.8485576923076923 0.9038461538461539 0.9182692307692307 0.9519230769230769 0.9182692307692307