0 0.71875 0.5000000000000001 0.6826923076923077 0.5000000000000001 0.6826923076923077 0.5240384615384617 0.71875 0.5240384615384617
0 0.6923076923076923 0.44230769230769246 0.6658653846153846 0.44230769230769246 0.6658653846153846 0.4639423076923078 0.6923076923076923 0.4639423076923078
0 0.6802884615384616 0.4014423076923078 0.6394230769230769 0.4014423076923078 0.6394230769230769 0.42788461538461553 0.6802884615384616 0.42788461538461553
0 0.6370192307692307 0.39182692307692324 0.6274038461538461 0.39182692307692324 0.6274038461538461 0.4014423076923078 0.6370192307692307 0.4014423076923078
0 0.6754807692307693 0.49759615384615397 0.6538461538461539 0.49759615384615397 0.6538461538461539 0.5144230769230771 0.6754807692307693 0.5144230769230771
0 0.6802884615384616 0.5216346153846155 0.6490384615384616 0.5216346153846155 0.6490384615384616 0.5456730769230771 0.6802884615384616 0.5456730769230771
0 0.6225961538461539 0.36057692307692324 0.5985576923076923 0.36057692307692324 0.5985576923076923 0.37980769230769246 0.6225961538461539 0.37980769230769246
0 0.6658653846153846 0.512019230769231 0.6418269230769231 0.512019230769231 0.6418269230769231 0.5312500000000001 0.6658653846153846 0.5312500000000001
0 0.6394230769230769 0.49038461538461553 0.6153846153846154 0.49038461538461553 0.6153846153846154 0.5072115384615385 0.6394230769230769 0.5072115384615385
0 0.6153846153846154 0.47355769230769246 0.5889423076923077 0.47355769230769246 0.5889423076923077 0.49759615384615397 0.6153846153846154 0.49759615384615397
0 0.6346153846153846 0.5504807692307694 0.6057692307692307 0.5504807692307694 0.6057692307692308 0.5721153846153848 0.6346153846153846 0.5721153846153848
0 0.6129807692307693 0.5000000000000001 0.5841346153846154 0.5000000000000001 0.5841346153846154 0.5192307692307694 0.6129807692307693 0.5192307692307694
0 0.5841346153846154 0.4615384615384617 0.5600961538461539 0.4615384615384617 0.5600961538461539 0.4807692307692309 0.5841346153846154 0.4807692307692309
0 0.5697115384615384 0.42307692307692313 0.5360576923076923 0.4230769230769231 0.5360576923076923 0.4471153846153847 0.5697115384615384 0.44711538461538475
0 0.6105769230769231 0.5384615384615385 0.5745192307692307 0.5384615384615385 0.5745192307692308 0.5625000000000001 0.6105769230769232 0.5625000000000001
0 0.5889423076923077 0.483173076923077 0.5576923076923077 0.4831730769230769 0.5576923076923077 0.5048076923076924 0.5889423076923077 0.5048076923076924
0 0.5985576923076924 0.5528846153846155 0.5697115384615384 0.5528846153846155 0.5697115384615385 0.5793269230769232 0.5985576923076924 0.5793269230769232
0 0.5745192307692307 0.5384615384615385 0.5480769230769231 0.5384615384615384 0.5480769230769231 0.5576923076923077 0.5745192307692307 0.5576923076923078
0 0.5769230769230771 0.5721153846153847 0.5480769230769232 0.5721153846153846 0.5480769230769232 0.5937500000000001 0.5769230769230771 0.5937500000000001
0 0.5649038461538463 0.545673076923077 0.5336538461538461 0.5456730769230769 0.5336538461538463 0.5649038461538463 0.5649038461538463 0.5649038461538463
0 0.5456730769230769 0.5264423076923077 0.5192307692307693 0.5264423076923077 0.5192307692307693 0.5432692307692307 0.5456730769230769 0.5432692307692307
0 0.5168269230769231 0.44471153846153844 0.4879807692307692 0.44471153846153844 0.4879807692307692 0.4639423076923077 0.5168269230769231 0.4639423076923077
0 0.5480769230769231 0.5144230769230769 0.5072115384615384 0.5144230769230769 0.5072115384615384 0.5408653846153846 0.5480769230769231 0.5408653846153846
0 0.5120192307692307 0.4807692307692308 0.4879807692307692 0.4807692307692308 0.4879807692307692 0.5 0.5120192307692307 0.5
0 0.528846153846154 0.5649038461538461 0.4951923076923078 0.5649038461538461 0.4951923076923078 0.5889423076923077 0.528846153846154 0.5889423076923077
0 0.5024038461538461 0.49278846153846156 0.46634615384615385 0.49278846153846156 0.46634615384615385 0.5216346153846154 0.5024038461538461 0.5216346153846154
0 0.4831730769230769 0.4567307692307692 0.4495192307692308 0.4567307692307692 0.4495192307692308 0.47836538461538464 0.4831730769230769 0.47836538461538464
0 0.4951923076923077 0.5264423076923077 0.4639423076923077 0.5264423076923077 0.4639423076923077 0.5480769230769231 0.4951923076923077 0.5480769230769231
0 0.47596153846153844 0.5120192307692307 0.44711538461538464 0.5120192307692307 0.44711538461538464 0.5336538461538461 0.47596153846153844 0.5336538461538461
0 0.48076923076923084 0.5456730769230769 0.4495192307692308 0.5456730769230769 0.44951923076923084 0.5673076923076923 0.4807692307692309 0.5673076923076923
0 0.4639423076923078 0.5745192307692307 0.42307692307692324 0.5745192307692307 0.42307692307692324 0.5985576923076923 0.4639423076923078 0.5985576923076923
0 0.4567307692307694 0.59375 0.42067307692307704 0.59375 0.42067307692307704 0.6177884615384616 0.4567307692307694 0.6177884615384616
0 0.40384615384615385 0.5 0.37740384615384615 0.5 0.37740384615384615 0.5192307692307693 0.40384615384615385 0.5192307692307693
0 0.40865384615384615 0.5096153846153846 0.375 0.5096153846153846 0.375 0.53125 0.40865384615384615 0.53125
0 0.42067307692307704 0.5649038461538461 0.3750000000000001 0.5649038461538461 0.3750000000000001 0.5913461538461539 0.42067307692307704 0.5913461538461539
0 0.4182692307692309 0.5817307692307693 0.37259615384615397 0.5817307692307693 0.37259615384615397 0.6081730769230769 0.4182692307692309 0.6081730769230769
0 0.3870192307692309 0.6153846153846154 0.3557692307692309 0.6153846153846154 0.3557692307692309 0.6370192307692307 0.3870192307692309 0.6370192307692307
0 0.33894230769230776 0.5528846153846154 0.3052884615384616 0.5528846153846154 0.3052884615384616 0.5745192307692307 0.3389423076923078 0.5745192307692307