0 0.9831730769230769 0.605769230769231 0.9519230769230769 0.605769230769231 0.9519230769230769 0.6418269230769231 0.9831730769230769 0.6418269230769231
0 0.6370192307692307 0.6514423076923077 0.6129807692307694 0.6514423076923077 0.6129807692307694 0.6778846153846154 0.6370192307692307 0.6778846153846154
0 0.6201923076923077 0.6177884615384616 0.5961538461538463 0.6177884615384616 0.5961538461538463 0.6466346153846154 0.6201923076923077 0.6466346153846154
0 0.5552884615384617 0.5769230769230769 0.5072115384615385 0.5769230769230769 0.5072115384615385 0.6201923076923077 0.5552884615384617 0.6201923076923077
0 0.4254807692307692 0.40865384615384615 0.39663461538461536 0.40865384615384615 0.39663461538461536 0.4423076923076923 0.4254807692307692 0.4423076923076923
0 0.4326923076923077 0.39903846153846156 0.41346153846153844 0.39903846153846156 0.41346153846153844 0.4254807692307692 0.4326923076923077 0.4254807692307692
0 0.39903846153846156 0.28125000000000006 0.37259615384615385 0.28125000000000006 0.37259615384615385 0.31490384615384615 0.39903846153846156 0.31490384615384615
0 0.4230769230769231 0.26201923076923084 0.4014423076923077 0.26201923076923084 0.4014423076923077 0.29326923076923084 0.4230769230769231 0.29326923076923084
0 0.46153846153846156 0.27644230769230776 0.43509615384615385 0.27644230769230776 0.43509615384615385 0.31009615384615385 0.46153846153846156 0.31009615384615385
0 0.4519230769230769 0.32211538461538464 0.42788461538461536 0.32211538461538464 0.42788461538461536 0.35336538461538464 0.4519230769230769 0.35336538461538464
0 0.5048076923076923 0.2475961538461539 0.47836538461538464 0.2475961538461539 0.47836538461538464 0.2836538461538462 0.5048076923076923 0.2836538461538462
0 0.5168269230769231 0.3052884615384616 0.49759615384615385 0.3052884615384616 0.49759615384615385 0.3317307692307692 0.5168269230769231 0.3317307692307692
0 0.5240384615384616 0.3918269230769231 0.4951923076923077 0.3918269230769231 0.4951923076923077 0.43028846153846156 0.5240384615384616 0.43028846153846156
0 0.5336538461538461 0.4567307692307692 0.5072115384615384 0.4567307692307692 0.5072115384615384 0.49038461538461536 0.5336538461538461 0.49038461538461536
0 0.5120192307692307 0.4567307692307692 0.4879807692307692 0.4567307692307692 0.4879807692307692 0.49278846153846156 0.5120192307692307 0.49278846153846156
0 0.5865384615384616 0.47355769230769246 0.5600961538461539 0.47355769230769246 0.5600961538461539 0.5048076923076924 0.5865384615384616 0.5048076923076924
0 0.6129807692307693 0.44711538461538475 0.59375 0.44711538461538475 0.59375 0.4759615384615386 0.6129807692307693 0.4759615384615386
0 0.6274038461538461 0.5240384615384617 0.6081730769230769 0.5240384615384617 0.6081730769230769 0.5528846153846155 0.6274038461538461 0.5528846153846155
0 0.6778846153846154 0.5576923076923078 0.6538461538461539 0.5576923076923078 0.6538461538461539 0.5937500000000001 0.6778846153846154 0.5937500000000001
0 0.7475961538461539 0.45432692307692324 0.7211538461538461 0.45432692307692324 0.7211538461538461 0.48557692307692324 0.7475961538461539 0.48557692307692324
0 0.7451923076923077 0.49759615384615397 0.7235576923076923 0.49759615384615397 0.7235576923076923 0.5312500000000001 0.7451923076923077 0.5312500000000001
0 0.7139423076923077 0.47355769230769246 0.6826923076923077 0.47355769230769246 0.6826923076923077 0.512019230769231 0.7139423076923077 0.512019230769231
0 0.6923076923076923 0.49759615384615397 0.6634615384615384 0.49759615384615397 0.6634615384615384 0.5336538461538463 0.6923076923076923 0.5336538461538463
0 0.6538461538461539 0.48557692307692324 0.6298076923076923 0.48557692307692324 0.6298076923076923 0.5216346153846155 0.6538461538461539 0.5216346153846155
0 0.6370192307692307 0.4759615384615386 0.6153846153846154 0.4759615384615386 0.6153846153846154 0.5000000000000001 0.6370192307692307 0.5000000000000001
0 0.6971153846153846 0.3822115384615386 0.6730769230769231 0.3822115384615386 0.6730769230769231 0.41105769230769246 0.6971153846153846 0.41105769230769246
0 0.7091346153846154 0.42788461538461553 0.6778846153846154 0.42788461538461553 0.6778846153846154 0.4687500000000001 0.7091346153846154 0.4687500000000001
0 0.6899038461538461 0.4302884615384617 0.6610576923076923 0.4302884615384617 0.6610576923076923 0.46634615384615397 0.6899038461538461 0.46634615384615397
0 0.6802884615384616 0.32932692307692324 0.6514423076923077 0.32932692307692324 0.6514423076923077 0.3701923076923078 0.6802884615384616 0.3701923076923078
0 0.625 0.3365384615384617 0.6009615384615384 0.3365384615384617 0.6009615384615384 0.37259615384615397 0.625 0.37259615384615397
0 0.6610576923076923 0.22596153846153852 0.6370192307692307 0.22596153846153852 0.6370192307692307 0.264423076923077 0.6610576923076923 0.264423076923077
0 0.6490384615384616 0.2716346153846155 0.625 0.2716346153846155 0.625 0.3076923076923078 0.6490384615384616 0.3076923076923078
0 0.6514423076923077 0.2283653846153847 0.6201923076923077 0.2283653846153847 0.6201923076923077 0.2692307692307693 0.6514423076923077 0.2692307692307693
0 0.6129807692307693 0.2283653846153847 0.5889423076923077 0.2283653846153847 0.5889423076923077 0.2548076923076924 0.6129807692307693 0.2548076923076924
0 0.5793269230769231 0.23076923076923084 0.5528846153846154 0.23076923076923084 0.5528846153846154 0.26201923076923084 0.5793269230769231 0.26201923076923084
0 0.5673076923076923 0.2163461538461539 0.5456730769230769 0.2163461538461539 0.5456730769230769 0.24519230769230776 0.5673076923076923 0.24519230769230776
0 0.5456730769230769 0.2379807692307693 0.5192307692307693 0.2379807692307693 0.5192307692307693 0.27644230769230776 0.5456730769230769 0.27644230769230776
0 0.5817307692307693 0.2788461538461539 0.5504807692307693 0.2788461538461539 0.5504807692307693 0.3149038461538462 0.5817307692307693 0.3149038461538463
0 0.6153846153846154 0.2692307692307693 0.5913461538461539 0.2692307692307693 0.5913461538461539 0.3076923076923078 0.6153846153846154 0.3076923076923078
0 0.5841346153846154 0.264423076923077 0.5552884615384616 0.264423076923077 0.5552884615384616 0.3052884615384616 0.5841346153846154 0.3052884615384616
0 0.6538461538461539 0.27644230769230776 0.6322115384615384 0.27644230769230776 0.6322115384615384 0.3076923076923078 0.6538461538461539 0.3076923076923078
0 0.5264423076923077 0.29326923076923084 0.5024038461538461 0.29326923076923084 0.5024038461538461 0.33413461538461536 0.5264423076923077 0.33413461538461536