0 0.22355769230769237 0.4543269230769231 0.19951923076923084 0.4543269230769231 0.19951923076923084 0.47836538461538464 0.22355769230769237 0.47836538461538464
0 0.2860576923076924 0.5552884615384616 0.26201923076923084 0.5552884615384616 0.26201923076923084 0.5841346153846154 0.2860576923076924 0.5841346153846154
0 0.3293269230769231 0.38221153846153844 0.3028846153846155 0.38221153846153844 0.3028846153846155 0.4110576923076923 0.3293269230769231 0.4110576923076923
0 0.4326923076923077 0.40625 0.4110576923076923 0.40625 0.4110576923076923 0.43028846153846156 0.4326923076923077 0.43028846153846156
0 0.36538461538461536 0.3629807692307692 0.34375 0.3629807692307692 0.34375 0.38461538461538464 0.36538461538461536 0.38461538461538464
0 0.358173076923077 0.5480769230769231 0.3389423076923077 0.5480769230769231 0.33894230769230776 0.5697115384615384 0.35817307692307704 0.5697115384615384
0 0.3774038461538462 0.5456730769230769 0.3557692307692308 0.5456730769230769 0.35576923076923084 0.5697115384615384 0.3774038461538463 0.5697115384615384
0 0.46634615384615385 0.4375 0.44711538461538464 0.4375 0.44711538461538464 0.45913461538461536 0.46634615384615385 0.45913461538461536
0 0.47596153846153844 0.45913461538461536 0.4519230769230769 0.45913461538461536 0.4519230769230769 0.4831730769230769 0.47596153846153844 0.4831730769230769
0 0.45913461538461536 0.4543269230769231 0.43509615384615385 0.4543269230769231 0.43509615384615385 0.47596153846153844 0.45913461538461536 0.47596153846153844
0 0.4254807692307694 0.6081730769230769 0.40384615384615397 0.6081730769230769 0.40384615384615397 0.6370192307692307 0.4254807692307694 0.6370192307692307
0 0.3750000000000001 0.6538461538461539 0.3509615384615386 0.6538461538461539 0.3509615384615386 0.6875 0.3750000000000001 0.6875
0 0.3870192307692309 0.71875 0.36057692307692324 0.71875 0.36057692307692324 0.75 0.3870192307692309 0.75
0 0.42067307692307704 0.7331730769230769 0.39663461538461553 0.7331730769230769 0.39663461538461553 0.7572115384615384 0.42067307692307704 0.7572115384615384
0 0.47355769230769246 0.6971153846153846 0.4567307692307694 0.6971153846153846 0.4567307692307694 0.7163461538461539 0.47355769230769246 0.7163461538461539
0 0.5528846153846154 0.5480769230769231 0.5264423076923077 0.5480769230769231 0.5264423076923077 0.5817307692307693 0.5528846153846155 0.5817307692307693
0 0.5528846153846155 0.5769230769230769 0.5336538461538463 0.5769230769230769 0.5336538461538463 0.5961538461538461 0.5528846153846155 0.5961538461538461
0 0.543269230769231 0.5841346153846154 0.5144230769230771 0.5841346153846154 0.5144230769230771 0.625 0.543269230769231 0.625
0 0.5336538461538463 0.6418269230769231 0.512019230769231 0.6418269230769231 0.512019230769231 0.6658653846153846 0.5336538461538463 0.6658653846153846
0 0.5480769230769232 0.6538461538461539 0.5216346153846155 0.6538461538461539 0.5216346153846155 0.6826923076923077 0.5480769230769232 0.6826923076923077
0 0.5649038461538463 0.6346153846153846 0.5408653846153848 0.6346153846153846 0.5408653846153848 0.6586538461538461 0.5649038461538463 0.6586538461538461
0 0.5697115384615385 0.6153846153846154 0.5504807692307694 0.6153846153846154 0.5504807692307694 0.6370192307692307 0.5697115384615385 0.6370192307692307
0 0.5649038461538463 0.5937500000000001 0.5480769230769232 0.59375 0.5480769230769232 0.6153846153846154 0.5649038461538463 0.6153846153846154
0 0.5889423076923078 0.6081730769230771 0.5697115384615385 0.6081730769230771 0.5697115384615385 0.625 0.5889423076923078 0.625
0 0.6274038461538461 0.5841346153846155 0.6009615384615385 0.5841346153846155 0.6009615384615385 0.6105769230769232 0.6274038461538461 0.6105769230769232
0 0.6129807692307693 0.528846153846154 0.5769230769230769 0.528846153846154 0.576923076923077 0.560096153846154 0.6129807692307694 0.560096153846154
0 0.5985576923076923 0.45192307692307704 0.5721153846153846 0.45192307692307704 0.5721153846153846 0.48317307692307704 0.5985576923076923 0.48317307692307704
0 0.5697115384615384 0.39182692307692313 0.5480769230769231 0.3918269230769231 0.5480769230769231 0.4158653846153847 0.5697115384615384 0.41586538461538475
0 0.5865384615384616 0.3197115384615386 0.5625 0.3197115384615386 0.5625 0.3437500000000001 0.5865384615384616 0.3437500000000001
0 0.6057692307692307 0.3870192307692309 0.5865384615384616 0.3870192307692309 0.5865384615384616 0.4062500000000001 0.6057692307692307 0.4062500000000001
0 0.6298076923076923 0.36057692307692324 0.6081730769230769 0.36057692307692324 0.6081730769230769 0.3870192307692309 0.6298076923076923 0.3870192307692309
0 0.65625 0.3701923076923078 0.6370192307692307 0.3701923076923078 0.6370192307692307 0.38942307692307704 0.65625 0.38942307692307704
0 0.6490384615384616 0.40384615384615397 0.625 0.40384615384615397 0.625 0.42788461538461553 0.6490384615384616 0.42788461538461553