0 0.7644230769230769 0.3076923076923078 0.7283653846153846 0.3076923076923078 0.7283653846153846 0.3365384615384617 0.7644230769230769 0.3365384615384617
0 0.7259615384615384 0.36057692307692324 0.6971153846153846 0.36057692307692324 0.6971153846153846 0.38942307692307704 0.7259615384615384 0.38942307692307704
0 0.6995192307692307 0.4326923076923078 0.6610576923076923 0.4326923076923078 0.6610576923076923 0.4639423076923078 0.6995192307692307 0.4639423076923078
0 0.7115384615384616 0.78125 0.6826923076923077 0.78125 0.6826923076923077 0.8076923076923077 0.7115384615384616 0.8076923076923077
0 0.6682692307692307 0.5024038461538463 0.6322115384615384 0.5024038461538463 0.6322115384615384 0.5312500000000001 0.6682692307692307 0.5312500000000001
0 0.6778846153846154 0.7019230769230769 0.6442307692307693 0.7019230769230769 0.6442307692307693 0.7331730769230769 0.6778846153846154 0.7331730769230769
0 0.6418269230769231 0.5000000000000001 0.6201923076923077 0.5000000000000001 0.6201923076923077 0.5216346153846155 0.6418269230769231 0.5216346153846155
0 0.6370192307692307 0.3629807692307694 0.5985576923076923 0.3629807692307694 0.5985576923076923 0.4014423076923078 0.6370192307692307 0.4014423076923078
0 0.6418269230769231 0.6682692307692307 0.6129807692307694 0.6682692307692307 0.6129807692307694 0.6923076923076923 0.6418269230769231 0.6923076923076923
0 0.6225961538461539 0.38461538461538475 0.5961538461538461 0.38461538461538475 0.5961538461538461 0.41105769230769246 0.6225961538461539 0.41105769230769246
0 0.6274038461538461 0.5192307692307694 0.59375 0.5192307692307694 0.59375 0.5480769230769232 0.6274038461538461 0.5480769230769232
0 0.6322115384615384 0.6346153846153846 0.5889423076923078 0.6346153846153846 0.5889423076923078 0.6706730769230769 0.6322115384615384 0.6706730769230769
0 0.6105769230769231 0.4062500000000001 0.5817307692307693 0.4062500000000001 0.5817307692307693 0.43509615384615397 0.6105769230769231 0.43509615384615397
0 0.6129807692307693 0.42788461538461553 0.5817307692307693 0.42788461538461553 0.5817307692307693 0.45432692307692324 0.6129807692307693 0.45432692307692324
0 0.5985576923076923 0.5000000000000001 0.5649038461538461 0.5000000000000001 0.5649038461538461 0.528846153846154 0.5985576923076923 0.528846153846154
0 0.5817307692307693 0.3653846153846155 0.5504807692307693 0.36538461538461536 0.5504807692307693 0.3942307692307693 0.5817307692307693 0.3942307692307694
0 0.5817307692307693 0.39182692307692313 0.5480769230769231 0.3918269230769231 0.5480769230769231 0.41826923076923084 0.5817307692307693 0.4182692307692309
0 0.5841346153846154 0.4110576923076924 0.5504807692307693 0.4110576923076923 0.5504807692307693 0.4423076923076924 0.5841346153846154 0.44230769230769246
0 0.5528846153846154 0.4206730769230769 0.5168269230769231 0.4206730769230769 0.5168269230769231 0.4495192307692308 0.5528846153846154 0.4495192307692308
0 0.5649038461538463 0.8149038461538461 0.5360576923076924 0.8149038461538461 0.5360576923076924 0.84375 0.5649038461538463 0.84375
0 0.5408653846153846 0.3870192307692308 0.5072115384615384 0.3870192307692308 0.5072115384615384 0.4206730769230769 0.5408653846153846 0.4206730769230769
0 0.5408653846153846 0.43990384615384615 0.5120192307692307 0.43990384615384615 0.5120192307692307 0.46875 0.5408653846153846 0.46875
0 0.5504807692307694 0.6057692307692307 0.5168269230769232 0.6057692307692307 0.5168269230769232 0.6322115384615384 0.5504807692307694 0.6322115384615384
0 0.5360576923076923 0.45913461538461536 0.5144230769230769 0.45913461538461536 0.5144230769230769 0.4807692307692308 0.5360576923076923 0.4807692307692308
0 0.543269230769231 0.6177884615384616 0.5168269230769232 0.6177884615384616 0.5168269230769232 0.6418269230769231 0.543269230769231 0.6418269230769231
0 0.5216346153846154 0.5168269230769231 0.4879807692307692 0.5168269230769231 0.4879807692307692 0.5456730769230769 0.5216346153846154 0.5456730769230769
0 0.48557692307692324 0.7043269230769231 0.4615384615384617 0.7043269230769231 0.4615384615384617 0.7283653846153846 0.48557692307692324 0.7283653846153846
0 0.46153846153846156 0.45913461538461536 0.43990384615384615 0.45913461538461536 0.43990384615384615 0.4807692307692308 0.46153846153846156 0.4807692307692308
0 0.4495192307692308 0.46153846153846156 0.4206730769230769 0.46153846153846156 0.4206730769230769 0.4879807692307692 0.4495192307692308 0.4879807692307692
0 0.4543269230769231 0.4879807692307692 0.4182692307692308 0.4879807692307692 0.4182692307692308 0.5264423076923077 0.4543269230769231 0.5264423076923077
0 0.4471153846153847 0.5456730769230769 0.41346153846153844 0.5456730769230769 0.41346153846153855 0.5817307692307693 0.44711538461538475 0.5817307692307693
0 0.44230769230769246 0.7211538461538461 0.41586538461538475 0.7211538461538461 0.41586538461538475 0.7475961538461539 0.44230769230769246 0.7475961538461539
0 0.4375 0.5072115384615384 0.4014423076923077 0.5072115384615384 0.4014423076923077 0.5384615384615384 0.4375 0.5384615384615384
0 0.4302884615384617 0.8028846153846154 0.3942307692307694 0.8028846153846154 0.3942307692307694 0.8341346153846154 0.4302884615384617 0.8341346153846154
0 0.4062500000000001 0.5769230769230769 0.3750000000000001 0.5769230769230769 0.3750000000000001 0.6057692307692307 0.4062500000000001 0.6057692307692307
0 0.4086538461538463 0.6730769230769231 0.37980769230769246 0.6730769230769231 0.37980769230769246 0.6995192307692307 0.4086538461538463 0.6995192307692307
0 0.4086538461538463 0.7139423076923077 0.3677884615384617 0.7139423076923077 0.3677884615384617 0.7451923076923077 0.4086538461538463 0.7451923076923077
0 0.3966346153846155 0.53125 0.35336538461538464 0.53125 0.3533653846153847 0.5673076923076923 0.39663461538461553 0.5673076923076923
0 0.34134615384615397 0.6850961538461539 0.3125000000000001 0.6850961538461539 0.3125000000000001 0.7115384615384616 0.34134615384615397 0.7115384615384616
0 0.34134615384615397 0.5913461538461539 0.29807692307692313 0.5913461538461539 0.29807692307692313 0.625 0.34134615384615397 0.625