0 0.5889423076923077 0.19471153846153852 0.5673076923076923 0.19471153846153852 0.5673076923076923 0.22596153846153852 0.5889423076923077 0.22596153846153852
0 0.6370192307692307 0.2163461538461539 0.6201923076923077 0.2163461538461539 0.6201923076923077 0.2475961538461539 0.6370192307692307 0.2475961538461539
0 0.5216346153846154 0.2379807692307693 0.5072115384615384 0.2379807692307693 0.5072115384615384 0.26201923076923084 0.5216346153846154 0.26201923076923084
0 0.5048076923076923 0.2475961538461539 0.49278846153846156 0.2475961538461539 0.49278846153846156 0.26682692307692313 0.5048076923076923 0.26682692307692313
0 0.5336538461538461 0.2524038461538462 0.5216346153846154 0.2524038461538462 0.5216346153846154 0.2692307692307693 0.5336538461538461 0.2692307692307693
0 0.46875 0.264423076923077 0.4519230769230769 0.264423076923077 0.4519230769230769 0.2908653846153847 0.46875 0.2908653846153847
0 0.4567307692307692 0.2788461538461539 0.44471153846153844 0.2788461538461539 0.44471153846153844 0.3004807692307693 0.4567307692307692 0.3004807692307693
0 0.5649038461538461 0.2740384615384616 0.5528846153846154 0.2740384615384616 0.5528846153846154 0.29807692307692313 0.5649038461538461 0.29807692307692313
0 0.41346153846153844 0.29807692307692313 0.4014423076923077 0.29807692307692313 0.4014423076923077 0.31490384615384615 0.41346153846153844 0.31490384615384615
0 0.4639423076923077 0.3028846153846155 0.4423076923076923 0.3028846153846155 0.4423076923076923 0.3245192307692308 0.4639423076923077 0.3245192307692308
0 0.6105769230769231 0.2860576923076924 0.5889423076923077 0.2860576923076924 0.5889423076923077 0.3245192307692309 0.6105769230769231 0.3245192307692309
0 0.5793269230769231 0.29807692307692313 0.5600961538461539 0.29807692307692313 0.5600961538461539 0.3317307692307694 0.5793269230769231 0.3317307692307694
0 0.5913461538461539 0.3076923076923078 0.5793269230769231 0.3076923076923078 0.5793269230769231 0.32932692307692324 0.5913461538461539 0.32932692307692324
0 0.4639423076923077 0.3269230769230769 0.4495192307692308 0.3269230769230769 0.4495192307692308 0.3485576923076923 0.4639423076923077 0.3485576923076923
0 0.4230769230769231 0.3557692307692308 0.4014423076923077 0.3557692307692308 0.4014423076923077 0.37740384615384615 0.4230769230769231 0.37740384615384615
0 0.6274038461538461 0.3389423076923078 0.6153846153846154 0.3389423076923078 0.6153846153846154 0.36057692307692324 0.6274038461538461 0.36057692307692324
0 0.5889423076923077 0.3750000000000001 0.5769230769230769 0.3750000000000001 0.5769230769230769 0.38942307692307704 0.5889423076923077 0.38942307692307704
0 0.5432692307692307 0.3798076923076923 0.5288461538461539 0.3798076923076923 0.5288461538461539 0.40384615384615385 0.5432692307692307 0.40384615384615385
0 0.4831730769230769 0.39663461538461536 0.46875 0.39663461538461536 0.46875 0.41346153846153844 0.4831730769230769 0.41346153846153844
0 0.5 0.40384615384615385 0.49038461538461536 0.40384615384615385 0.49038461538461536 0.4206730769230769 0.5 0.4206730769230769
0 0.47115384615384615 0.40865384615384615 0.4543269230769231 0.40865384615384615 0.4543269230769231 0.42788461538461536 0.47115384615384615 0.42788461538461536
0 0.5913461538461539 0.4086538461538463 0.5745192307692307 0.4086538461538463 0.5745192307692307 0.4399038461538463 0.5913461538461539 0.4399038461538463
0 0.5288461538461539 0.4230769230769231 0.5024038461538461 0.4230769230769231 0.5024038461538461 0.4495192307692308 0.5288461538461539 0.4495192307692308
0 0.6466346153846154 0.4182692307692309 0.6322115384615384 0.4182692307692309 0.6322115384615384 0.4447115384615386 0.6466346153846154 0.4447115384615386
0 0.6153846153846154 0.4302884615384617 0.6009615384615384 0.4302884615384617 0.6009615384615384 0.45432692307692324 0.6153846153846154 0.45432692307692324
0 0.5793269230769231 0.4350961538461539 0.5528846153846154 0.43509615384615385 0.5528846153846154 0.47596153846153855 0.5793269230769231 0.4759615384615386
0 0.6201923076923077 0.4447115384615386 0.6009615384615384 0.4447115384615386 0.6009615384615384 0.4759615384615386 0.6201923076923077 0.4759615384615386
0 0.43028846153846156 0.46634615384615385 0.40865384615384615 0.46634615384615385 0.40865384615384615 0.49278846153846156 0.43028846153846156 0.49278846153846156
0 0.6298076923076923 0.4639423076923078 0.6153846153846154 0.4639423076923078 0.6153846153846154 0.49759615384615397 0.6298076923076923 0.49759615384615397
0 0.43990384615384615 0.4879807692307692 0.4230769230769231 0.4879807692307692 0.4230769230769231 0.5096153846153846 0.43990384615384615 0.5096153846153846
0 0.4951923076923077 0.5072115384615384 0.47596153846153844 0.5072115384615384 0.47596153846153844 0.5288461538461539 0.4951923076923077 0.5288461538461539
0 0.6081730769230769 0.5144230769230771 0.5961538461538461 0.5144230769230771 0.5961538461538461 0.5336538461538463 0.6081730769230769 0.5336538461538463
0 0.6466346153846154 0.5168269230769232 0.625 0.5168269230769232 0.625 0.5480769230769232 0.6466346153846154 0.5480769230769232
0 0.5625000000000001 0.5360576923076924 0.5504807692307693 0.5360576923076923 0.5504807692307693 0.560096153846154 0.5625000000000001 0.560096153846154
0 0.5552884615384617 0.5865384615384616 0.5384615384615385 0.5865384615384616 0.5384615384615385 0.6129807692307693 0.5552884615384617 0.6129807692307693
0 0.6995192307692307 0.5817307692307694 0.6802884615384616 0.5817307692307694 0.6802884615384616 0.6129807692307694 0.6995192307692307 0.6129807692307694
0 0.5625000000000001 0.6322115384615384 0.5504807692307694 0.6322115384615384 0.5504807692307694 0.6466346153846154 0.5625000000000001 0.6466346153846154
0 0.8509615384615384 0.4495192307692309 0.8341346153846154 0.4495192307692309 0.8341346153846154 0.4759615384615386 0.8509615384615384 0.4759615384615386
0 0.5649038461538463 0.5480769230769231 0.5552884615384616 0.5480769230769231 0.5552884615384616 0.5649038461538463 0.5649038461538463 0.5649038461538463