0 0.6129807692307694 0.8798076923076923 0.5240384615384617 0.8798076923076923 0.5240384615384617 1 0.6129807692307694 1
0 0.43990384615384615 0.038461538461538505 0.34375 0.0384615384615385 0.34375 0.20913461538461545 0.43990384615384615 0.20913461538461545
0 0.4639423076923077 0.08894230769230774 0.3918269230769231 0.08894230769230772 0.3918269230769231 0.20913461538461545 0.4639423076923077 0.20913461538461545
0 0.3798076923076923 0.10576923076923081 0.29086538461538464 0.10576923076923081 0.29086538461538464 0.2379807692307693 0.3798076923076923 0.2379807692307693
0 0.5600961538461539 0.108173076923077 0.45913461538461536 0.108173076923077 0.45913461538461536 0.25000000000000006 0.5600961538461539 0.25000000000000006
0 0.8653846153846154 0.07451923076923087 0.7692307692307693 0.07451923076923087 0.7692307692307693 0.23317307692307704 0.8653846153846154 0.23317307692307707
0 0.24519230769230774 0.20432692307692307 0.1274038461538462 0.20432692307692307 0.1274038461538462 0.38461538461538464 0.24519230769230776 0.38461538461538464
0 0.08413461538461543 0.3004807692307692 3.6798281224379606e-17 0.3004807692307692 4.6365834342718296e-17 0.4567307692307692 0.08413461538461545 0.4567307692307692
0 0.65625 0.20913461538461545 0.5673076923076923 0.20913461538461545 0.5673076923076923 0.34855769230769246 0.65625 0.34855769230769246
0 0.375 0.3125 0.29326923076923084 0.3125 0.29326923076923084 0.4182692307692308 0.375 0.4182692307692308
0 0.7019230769230769 8.213376369281528e-17 0.6394230769230769 7.830674244547979e-17 0.6394230769230769 0.03846153846153855 0.7019230769230769 0.03846153846153855
0 0.25721153846153844 0.03605769230769234 0.18509615384615385 0.03605769230769233 0.18509615384615385 0.12980769230769235 0.25721153846153844 0.12980769230769235
0 0.23317307692307698 0.4254807692307692 0.15144230769230776 0.4254807692307692 0.15144230769230776 0.5264423076923077 0.23317307692307698 0.5264423076923077
0 0.44471153846153844 0.38221153846153844 0.36778846153846156 0.38221153846153844 0.36778846153846156 0.4855769230769231 0.44471153846153844 0.4855769230769231
0 0.8100961538461539 9.36148274348217e-17 0.71875 8.802148868871601e-17 0.71875 0.0673076923076924 0.8100961538461539 0.06730769230769242
0 0.8028846153846154 0.48317307692307704 0.7163461538461539 0.48317307692307704 0.7163461538461539 0.605769230769231 0.8028846153846154 0.605769230769231
0 0.6586538461538461 7.59516524471195e-17 0.5817307692307693 7.124147245039892e-17 0.5817307692307693 0.09375000000000007 0.6586538461538461 0.09375000000000007
0 0.036057692307692325 0.07932692307692307 9.714746243236215e-18 0.07932692307692307 1.7663174987702212e-17 0.2091346153846154 0.03605769230769233 0.2091346153846154
0 0.4951923076923078 0.5745192307692307 0.4086538461538463 0.5745192307692307 0.4086538461538463 0.7307692307692307 0.4951923076923078 0.7307692307692307
0 0.4639423076923078 0.6129807692307693 0.35336538461538475 0.6129807692307693 0.35336538461538475 0.7740384615384616 0.4639423076923078 0.7740384615384616
0 0.5264423076923077 0.026442307692307758 0.4543269230769231 0.02644230769230775 0.4543269230769231 0.12740384615384623 0.5264423076923077 0.12740384615384623
0 0.5649038461538463 0.7668269230769231 0.47836538461538475 0.7668269230769231 0.47836538461538475 0.875 0.5649038461538463 0.875
0 0.46634615384615397 0.7788461538461539 0.3677884615384617 0.7788461538461539 0.3677884615384617 0.9038461538461539 0.46634615384615397 0.9038461538461539
0 0.3197115384615386 0.8221153846153846 0.2283653846153847 0.8221153846153846 0.22836538461538472 0.96875 0.3197115384615386 0.96875
0 0.5504807692307694 0.8485576923076923 0.45192307692307704 0.8485576923076923 0.45192307692307704 0.9831730769230769 0.5504807692307694 0.9831730769230769
0 0.247596153846154 0.8942307692307693 0.14663461538461547 0.8942307692307693 0.1466346153846155 1 0.247596153846154 1