0 0.07451923076923084 0.5024038461538461 0.04326923076923084 0.5024038461538461 0.04326923076923084 0.5600961538461539 0.07451923076923084 0.5600961538461539
0 0.6442307692307693 0.048076923076923156 0.6225961538461539 0.04807692307692314 0.6225961538461539 0.09134615384615391 0.6442307692307693 0.09134615384615391
0 0.6105769230769231 0.20432692307692316 0.5841346153846154 0.20432692307692316 0.5841346153846154 0.24519230769230776 0.6105769230769231 0.24519230769230776
0 0.6177884615384616 0.2692307692307693 0.5913461538461539 0.2692307692307693 0.5913461538461539 0.31009615384615397 0.6177884615384616 0.31009615384615397
0 0.7475961538461539 0.17067307692307698 0.7259615384615384 0.17067307692307698 0.7259615384615384 0.2163461538461539 0.7475961538461539 0.2163461538461539
0 0.75 0.19230769230769237 0.7283653846153846 0.19230769230769237 0.7283653846153846 0.2379807692307693 0.75 0.2379807692307693
0 0.9134615384615384 0.22836538461538475 0.8942307692307693 0.22836538461538475 0.8942307692307693 0.26682692307692324 0.9134615384615384 0.26682692307692324
0 0.8942307692307693 0.4495192307692309 0.8725961538461539 0.4495192307692309 0.8725961538461539 0.4951923076923078 0.8942307692307693 0.4951923076923078
0 0.8677884615384616 0.35336538461538475 0.8461538461538461 0.35336538461538475 0.8461538461538461 0.38942307692307704 0.8677884615384616 0.38942307692307704
0 0.8100961538461539 0.31730769230769246 0.7908653846153846 0.31730769230769246 0.7908653846153846 0.35336538461538475 0.8100961538461539 0.35336538461538475
0 0.7668269230769231 0.32692307692307704 0.7427884615384616 0.32692307692307704 0.7427884615384616 0.3701923076923078 0.7668269230769231 0.3701923076923078
0 0.7259615384615384 0.31730769230769246 0.6995192307692307 0.31730769230769246 0.6995192307692307 0.3509615384615386 0.7259615384615384 0.3509615384615386
0 0.7283653846153846 0.3437500000000001 0.7067307692307693 0.3437500000000001 0.7067307692307693 0.3822115384615386 0.7283653846153846 0.3822115384615386
0 0.6923076923076923 0.46634615384615397 0.6658653846153846 0.46634615384615397 0.6658653846153846 0.49759615384615397 0.6923076923076923 0.49759615384615397
0 0.7139423076923077 0.44711538461538475 0.6875 0.44711538461538475 0.6875 0.4927884615384617 0.7139423076923077 0.4927884615384617
0 0.7548076923076923 0.45913461538461553 0.7331730769230769 0.45913461538461553 0.7331730769230769 0.4927884615384617 0.7548076923076923 0.4927884615384617
0 0.6298076923076923 0.4951923076923078 0.6081730769230769 0.4951923076923078 0.6081730769230769 0.5384615384615385 0.6298076923076923 0.5384615384615385
0 0.6730769230769231 0.6466346153846154 0.65625 0.6466346153846154 0.65625 0.6875 0.6730769230769231 0.6875
0 0.7427884615384616 0.6658653846153846 0.7211538461538461 0.6658653846153846 0.7211538461538461 0.7067307692307693 0.7427884615384616 0.7067307692307693
0 0.7884615384615384 0.7139423076923077 0.7668269230769231 0.7139423076923077 0.7668269230769231 0.7572115384615384 0.7884615384615384 0.7572115384615384
0 0.8076923076923077 0.6658653846153846 0.7836538461538461 0.6658653846153846 0.7836538461538461 0.6971153846153846 0.8076923076923077 0.6971153846153846
0 0.7163461538461539 0.5480769230769232 0.6971153846153846 0.5480769230769232 0.6971153846153846 0.5865384615384617 0.7163461538461539 0.5865384615384617
0 0.7403846153846154 0.528846153846154 0.71875 0.528846153846154 0.71875 0.5625000000000001 0.7403846153846154 0.5625000000000001
0 0.7932692307692307 0.4062500000000001 0.7692307692307693 0.4062500000000001 0.7692307692307693 0.44230769230769246 0.7932692307692307 0.44230769230769246
0 0.7980769230769231 0.41586538461538475 0.7764423076923077 0.41586538461538475 0.7764423076923077 0.45192307692307704 0.7980769230769231 0.45192307692307704
0 0.8341346153846154 0.42067307692307704 0.8125 0.42067307692307704 0.8125 0.4495192307692309 0.8341346153846154 0.4495192307692309
0 0.8774038461538461 0.512019230769231 0.8461538461538461 0.512019230769231 0.8461538461538461 0.574519230769231 0.8774038461538461 0.574519230769231
0 0.8173076923076923 0.4879807692307694 0.7956730769230769 0.4879807692307694 0.7956730769230769 0.512019230769231 0.8173076923076923 0.512019230769231
0 0.7716346153846154 0.5817307692307694 0.7475961538461539 0.5817307692307694 0.7475961538461539 0.6201923076923077 0.7716346153846154 0.6201923076923077
0 0.7307692307692307 0.5865384615384617 0.7091346153846154 0.5865384615384617 0.7091346153846154 0.6153846153846154 0.7307692307692307 0.6153846153846154
0 0.7764423076923077 0.625 0.7548076923076923 0.625 0.7548076923076923 0.6586538461538461 0.7764423076923077 0.6586538461538461
0 0.8173076923076923 0.5168269230769232 0.7932692307692307 0.5168269230769232 0.7932692307692307 0.560096153846154 0.8173076923076923 0.560096153846154
0 0.8317307692307693 0.4951923076923078 0.8149038461538461 0.4951923076923078 0.8149038461538461 0.5408653846153848 0.8317307692307693 0.5408653846153848
0 0.8413461538461539 0.4879807692307694 0.8221153846153846 0.4879807692307694 0.8221153846153846 0.5240384615384617 0.8413461538461539 0.5240384615384617
0 0.8221153846153846 0.5528846153846155 0.8028846153846154 0.5528846153846155 0.8028846153846154 0.591346153846154 0.8221153846153846 0.591346153846154
0 0.7403846153846154 0.5985576923076924 0.7211538461538461 0.5985576923076924 0.7211538461538461 0.6394230769230769 0.7403846153846154 0.6394230769230769
0 0.8269230769230769 0.6033653846153848 0.8004807692307693 0.6033653846153848 0.8004807692307693 0.6514423076923077 0.8269230769230769 0.6514423076923077
0 0.8413461538461539 0.5576923076923078 0.8197115384615384 0.5576923076923078 0.8197115384615384 0.5961538461538463 0.8413461538461539 0.5961538461538463
0 0.8293269230769231 0.5817307692307694 0.8149038461538461 0.5817307692307694 0.8149038461538461 0.6129807692307694 0.8293269230769231 0.6129807692307694