0 0.5721153846153846 0.295673076923077 0.5600961538461539 0.295673076923077 0.5600961538461539 0.32692307692307704 0.5721153846153846 0.32692307692307704
0 0.5120192307692307 0.3052884615384616 0.49759615384615385 0.3052884615384616 0.49759615384615385 0.3269230769230769 0.5120192307692307 0.3269230769230769
0 0.46634615384615385 0.3052884615384616 0.4543269230769231 0.3052884615384616 0.4543269230769231 0.34134615384615385 0.46634615384615385 0.34134615384615385
0 0.43990384615384615 0.3389423076923077 0.4326923076923077 0.3389423076923077 0.4326923076923077 0.3485576923076923 0.43990384615384615 0.3485576923076923
0 0.5552884615384616 0.33653846153846156 0.5456730769230769 0.33653846153846156 0.5456730769230769 0.3557692307692308 0.5552884615384616 0.3557692307692308
0 0.5817307692307693 0.3389423076923078 0.5673076923076923 0.3389423076923078 0.5673076923076923 0.3629807692307694 0.5817307692307693 0.3629807692307694
0 0.41586538461538464 0.3485576923076923 0.4014423076923077 0.3485576923076923 0.4014423076923077 0.36778846153846156 0.41586538461538464 0.36778846153846156
0 0.5697115384615384 0.3485576923076924 0.5576923076923077 0.3485576923076923 0.5576923076923077 0.37019230769230776 0.5697115384615384 0.3701923076923078
0 0.5408653846153846 0.36778846153846156 0.5288461538461539 0.36778846153846156 0.5288461538461539 0.3894230769230769 0.5408653846153846 0.3894230769230769
0 0.5216346153846154 0.3870192307692308 0.5072115384615384 0.3870192307692308 0.5072115384615384 0.40865384615384615 0.5216346153846154 0.40865384615384615
0 0.5961538461538461 0.38942307692307704 0.5841346153846154 0.38942307692307704 0.5841346153846154 0.41586538461538475 0.5961538461538461 0.41586538461538475
0 0.5432692307692307 0.39663461538461536 0.53125 0.39663461538461536 0.53125 0.4230769230769231 0.5432692307692307 0.4230769230769231
0 0.4951923076923077 0.40865384615384615 0.4831730769230769 0.40865384615384615 0.4831730769230769 0.43509615384615385 0.4951923076923077 0.43509615384615385
0 0.45913461538461536 0.41586538461538464 0.44471153846153844 0.41586538461538464 0.44471153846153844 0.44471153846153844 0.45913461538461536 0.44471153846153844
0 0.5793269230769231 0.41105769230769246 0.5673076923076923 0.41105769230769246 0.5673076923076923 0.4399038461538463 0.5793269230769231 0.4399038461538463
0 0.5216346153846154 0.41586538461538464 0.5072115384615384 0.41586538461538464 0.5072115384615384 0.43990384615384615 0.5216346153846154 0.43990384615384615
0 0.5961538461538461 0.42788461538461553 0.5793269230769231 0.42788461538461553 0.5793269230769231 0.45192307692307704 0.5961538461538461 0.45192307692307704
0 0.5649038461538461 0.44471153846153855 0.5552884615384616 0.44471153846153844 0.5552884615384616 0.46875000000000006 0.5649038461538461 0.4687500000000001
0 0.6033653846153846 0.45192307692307704 0.5913461538461539 0.45192307692307704 0.5913461538461539 0.4759615384615386 0.6033653846153846 0.4759615384615386
0 0.5745192307692307 0.45432692307692324 0.5649038461538461 0.45432692307692324 0.5649038461538461 0.48317307692307704 0.5745192307692307 0.48317307692307704
0 0.5456730769230769 0.4639423076923077 0.5360576923076923 0.4639423076923077 0.5360576923076923 0.49038461538461536 0.5456730769230769 0.49038461538461536
0 0.46153846153846156 0.4735576923076923 0.4495192307692308 0.4735576923076923 0.4495192307692308 0.5 0.46153846153846156 0.5
0 0.5384615384615384 0.46634615384615385 0.5264423076923077 0.46634615384615385 0.5264423076923077 0.5024038461538461 0.5384615384615384 0.5024038461538461
0 0.4951923076923077 0.4855769230769231 0.4855769230769231 0.4855769230769231 0.4855769230769231 0.5072115384615384 0.4951923076923077 0.5072115384615384
0 0.5841346153846154 0.4951923076923078 0.5697115384615384 0.4951923076923078 0.5697115384615384 0.5240384615384617 0.5841346153846154 0.5240384615384617
0 0.5120192307692307 0.5048076923076923 0.49278846153846156 0.5048076923076923 0.49278846153846156 0.5360576923076923 0.5120192307692307 0.5360576923076923
0 0.46634615384615385 0.5096153846153846 0.4543269230769231 0.5096153846153846 0.4543269230769231 0.5408653846153846 0.46634615384615385 0.5408653846153846
0 0.5360576923076923 0.5168269230769231 0.5240384615384616 0.5168269230769231 0.5240384615384616 0.5456730769230769 0.5360576923076923 0.5456730769230769
0 0.5168269230769231 0.5336538461538461 0.5024038461538461 0.5336538461538461 0.5024038461538461 0.5576923076923077 0.5168269230769231 0.5576923076923077
0 0.5504807692307693 0.5336538461538461 0.5384615384615384 0.5336538461538461 0.5384615384615385 0.5625 0.5504807692307694 0.5625
0 0.574519230769231 0.560096153846154 0.5625000000000001 0.560096153846154 0.5625000000000001 0.5961538461538463 0.574519230769231 0.5961538461538463
0 0.5889423076923078 0.574519230769231 0.5769230769230771 0.574519230769231 0.5769230769230771 0.605769230769231 0.5889423076923078 0.605769230769231
0 0.48557692307692324 0.5961538461538461 0.4759615384615386 0.5961538461538461 0.4759615384615386 0.6201923076923077 0.48557692307692324 0.6201923076923077
0 0.4951923076923078 0.5961538461538461 0.48317307692307704 0.5961538461538461 0.48317307692307704 0.625 0.4951923076923078 0.625
0 0.5528846153846155 0.6009615384615384 0.5408653846153848 0.6009615384615384 0.5408653846153848 0.6418269230769231 0.5528846153846155 0.6418269230769231
0 0.5721153846153848 0.6057692307692308 0.5576923076923078 0.6057692307692307 0.5576923076923078 0.6466346153846154 0.5721153846153848 0.6466346153846154
0 0.591346153846154 0.6442307692307693 0.5793269230769232 0.6442307692307693 0.5793269230769232 0.6706730769230769 0.591346153846154 0.6706730769230769
0 0.5192307692307694 0.6730769230769231 0.5048076923076924 0.6730769230769231 0.5048076923076924 0.7043269230769231 0.5192307692307694 0.7043269230769231