0 0.07451923076923081 0.2932692307692308 3.591512247499449e-17 0.2932692307692308 4.121407497130516e-17 0.3798076923076923 0.07451923076923082 0.3798076923076923
0 0.29567307692307704 0.8605769230769231 0.21875000000000014 0.8605769230769231 0.21875000000000014 0.9206730769230769 0.29567307692307704 0.9206730769230769
0 0.34134615384615397 0.9711538461538461 0.2884615384615386 0.9711538461538461 0.2884615384615386 1 0.34134615384615397 1
0 0.2908653846153847 0.7668269230769231 0.23317307692307698 0.7668269230769231 0.23317307692307698 0.8149038461538461 0.2908653846153847 0.8149038461538461
0 0.3509615384615386 0.9086538461538461 0.29086538461538475 0.9086538461538461 0.29086538461538475 0.9591346153846154 0.3509615384615386 0.9591346153846154
0 0.11057692307692318 0.7620192307692307 0.05769230769230778 0.7620192307692307 0.057692307692307786 0.8052884615384616 0.11057692307692318 0.8052884615384616
0 0.2836538461538462 0.6225961538461539 0.24278846153846162 0.6225961538461539 0.24278846153846162 0.6610576923076923 0.2836538461538462 0.6610576923076923
0 0.3581730769230769 0.42788461538461536 0.2692307692307693 0.42788461538461536 0.2692307692307693 0.5048076923076923 0.3581730769230769 0.5048076923076923
0 0.3701923076923077 0.5048076923076923 0.31971153846153844 0.5048076923076923 0.31971153846153844 0.5480769230769231 0.3701923076923077 0.5480769230769231
0 0.47836538461538475 0.7115384615384616 0.40384615384615397 0.7115384615384616 0.40384615384615397 0.7788461538461539 0.47836538461538475 0.7788461538461539
0 0.5408653846153848 0.84375 0.45913461538461553 0.84375 0.45913461538461553 0.9278846153846154 0.5408653846153848 0.9278846153846154
0 0.512019230769231 0.625 0.4326923076923078 0.625 0.4326923076923078 0.6947115384615384 0.512019230769231 0.6947115384615384
0 0.591346153846154 0.7836538461538461 0.5144230769230771 0.7836538461538461 0.5144230769230771 0.84375 0.591346153846154 0.84375
0 0.6009615384615385 0.7836538461538461 0.5456730769230771 0.7836538461538461 0.5456730769230771 0.8365384615384616 0.6009615384615385 0.8365384615384616
0 0.5625000000000001 0.5745192307692308 0.5000000000000001 0.5745192307692307 0.5000000000000001 0.6225961538461539 0.5625000000000001 0.6225961538461539
0 0.5673076923076924 0.5552884615384616 0.5 0.5552884615384616 0.5000000000000001 0.6105769230769231 0.5673076923076924 0.6105769230769232
0 0.5048076923076923 0.28846153846153855 0.4230769230769231 0.28846153846153855 0.4230769230769231 0.36778846153846156 0.5048076923076923 0.36778846153846156
0 0.6225961538461539 0.7043269230769231 0.574519230769231 0.7043269230769231 0.574519230769231 0.7475961538461539 0.6225961538461539 0.7475961538461539
0 0.6225961538461539 0.6706730769230769 0.560096153846154 0.6706730769230769 0.560096153846154 0.7211538461538461 0.6225961538461539 0.7211538461538461
0 0.6129807692307694 0.5673076923076924 0.5504807692307694 0.5673076923076923 0.5504807692307694 0.6153846153846154 0.6129807692307694 0.6153846153846154
0 0.6009615384615385 0.5312500000000001 0.5528846153846154 0.53125 0.5528846153846154 0.5745192307692308 0.6009615384615385 0.574519230769231
0 0.6610576923076923 0.6490384615384616 0.6033653846153848 0.6490384615384616 0.6033653846153848 0.6971153846153846 0.6610576923076923 0.6971153846153846
0 0.6177884615384616 0.38461538461538475 0.5649038461538461 0.38461538461538475 0.5649038461538461 0.42307692307692324 0.6177884615384616 0.42307692307692324
0 0.6875 0.5649038461538463 0.625 0.5649038461538463 0.625 0.6105769230769232 0.6875 0.6105769230769232
0 0.7091346153846154 0.5480769230769232 0.6322115384615384 0.5480769230769232 0.6322115384615384 0.6081730769230771 0.7091346153846154 0.6081730769230771
0 0.6418269230769231 0.3125000000000001 0.5841346153846154 0.3125000000000001 0.5841346153846154 0.36538461538461553 0.6418269230769231 0.36538461538461553
0 0.7355769230769231 0.4254807692307694 0.6586538461538461 0.4254807692307694 0.6586538461538461 0.49759615384615397 0.7355769230769231 0.49759615384615397
0 0.65625 0.13221153846153852 0.5769230769230769 0.13221153846153852 0.5769230769230769 0.19471153846153852 0.65625 0.19471153846153852
0 0.7716346153846154 0.512019230769231 0.6995192307692307 0.512019230769231 0.6995192307692307 0.5721153846153848 0.7716346153846154 0.5721153846153848
0 0.7379807692307693 0.26201923076923084 0.6682692307692307 0.26201923076923084 0.6682692307692307 0.3125000000000001 0.7379807692307693 0.3125000000000001
0 0.8028846153846154 0.4134615384615386 0.71875 0.4134615384615386 0.71875 0.48557692307692324 0.8028846153846154 0.48557692307692324
0 0.7884615384615384 0.3629807692307694 0.7115384615384616 0.3629807692307694 0.7115384615384616 0.43509615384615397 0.7884615384615384 0.43509615384615397
0 0.8028846153846154 0.18028846153846162 0.7235576923076923 0.18028846153846162 0.7235576923076923 0.25000000000000006 0.8028846153846154 0.25000000000000006
0 0.8341346153846154 0.3004807692307693 0.7716346153846154 0.3004807692307693 0.7716346153846154 0.3437500000000001 0.8341346153846154 0.3437500000000001
0 0.8245192307692307 0.22355769230769237 0.75 0.22355769230769237 0.75 0.28846153846153855 0.8245192307692307 0.28846153846153855
0 0.9086538461538461 0.4014423076923078 0.8413461538461539 0.4014423076923078 0.8413461538461539 0.45432692307692324 0.9086538461538461 0.45432692307692324
0 0.8533653846153846 0.12019230769230779 0.7884615384615384 0.12019230769230779 0.7884615384615384 0.17307692307692318 0.8533653846153846 0.1730769230769232