0 0.3269230769230769 0.42788461538461536 0.295673076923077 0.42788461538461536 0.295673076923077 0.4423076923076923 0.3269230769230769 0.4423076923076923
0 0.3269230769230769 0.49038461538461536 0.3052884615384616 0.49038461538461536 0.3052884615384616 0.5048076923076923 0.3269230769230769 0.5048076923076923
0 0.34134615384615385 0.5336538461538461 0.3052884615384616 0.5336538461538461 0.3052884615384616 0.5480769230769231 0.34134615384615385 0.5480769230769231
0 0.34855769230769246 0.5600961538461539 0.3389423076923078 0.5600961538461539 0.3389423076923078 0.5673076923076923 0.34855769230769246 0.5673076923076923
0 0.3557692307692308 0.44471153846153844 0.33653846153846156 0.44471153846153844 0.33653846153846156 0.4543269230769231 0.3557692307692308 0.4543269230769231
0 0.3629807692307692 0.4182692307692308 0.3389423076923077 0.4182692307692308 0.3389423076923077 0.43509615384615385 0.3629807692307692 0.43509615384615385
0 0.3677884615384617 0.5865384615384616 0.34855769230769246 0.5865384615384616 0.34855769230769246 0.6009615384615384 0.3677884615384617 0.6009615384615384
0 0.3701923076923077 0.43028846153846156 0.3485576923076923 0.43028846153846156 0.3485576923076923 0.4423076923076923 0.3701923076923077 0.4423076923076923
0 0.3894230769230769 0.45913461538461536 0.36778846153846156 0.45913461538461536 0.36778846153846156 0.4735576923076923 0.3894230769230769 0.4735576923076923
0 0.40865384615384615 0.47836538461538464 0.38461538461538464 0.47836538461538464 0.38461538461538464 0.4951923076923077 0.40865384615384615 0.4951923076923077
0 0.41586538461538464 0.40384615384615385 0.3894230769230769 0.40384615384615385 0.3894230769230769 0.4182692307692308 0.41586538461538464 0.4182692307692308
0 0.4230769230769231 0.4567307692307692 0.39663461538461536 0.4567307692307692 0.39663461538461536 0.47115384615384615 0.4230769230769231 0.47115384615384615
0 0.43509615384615385 0.5048076923076923 0.40865384615384615 0.5048076923076923 0.40865384615384615 0.5192307692307693 0.43509615384615385 0.5192307692307693
0 0.44471153846153844 0.5432692307692307 0.41586538461538464 0.5432692307692307 0.41586538461538464 0.5576923076923077 0.44471153846153844 0.5576923076923077
0 0.43990384615384615 0.4230769230769231 0.4110576923076923 0.4230769230769231 0.4110576923076923 0.4326923076923077 0.43990384615384615 0.4326923076923077
0 0.4423076923076923 0.47836538461538464 0.41586538461538464 0.47836538461538464 0.41586538461538464 0.49278846153846156 0.4423076923076923 0.49278846153846156
0 0.4519230769230769 0.40384615384615385 0.42788461538461536 0.40384615384615385 0.42788461538461536 0.4230769230769231 0.4519230769230769 0.4230769230769231
0 0.46875 0.43509615384615385 0.44471153846153844 0.43509615384615385 0.44471153846153844 0.44711538461538464 0.46875 0.44711538461538464
0 0.47596153846153844 0.39663461538461536 0.4519230769230769 0.39663461538461536 0.4519230769230769 0.4110576923076923 0.47596153846153844 0.4110576923076923
0 0.4831730769230769 0.4254807692307692 0.4543269230769231 0.4254807692307692 0.4543269230769231 0.4375 0.4831730769230769 0.4375
0 0.49038461538461536 0.4543269230769231 0.4639423076923077 0.4543269230769231 0.4639423076923077 0.46634615384615385 0.49038461538461536 0.46634615384615385
0 0.5 0.5384615384615384 0.47115384615384615 0.5384615384615384 0.47115384615384615 0.5528846153846154 0.5 0.5528846153846154
0 0.5 0.46153846153846156 0.46634615384615385 0.46153846153846156 0.46634615384615385 0.4735576923076923 0.5 0.4735576923076923
0 0.5072115384615384 0.5048076923076923 0.4855769230769231 0.5048076923076923 0.4855769230769231 0.5144230769230769 0.5072115384615384 0.5144230769230769
0 0.5240384615384616 0.41586538461538464 0.4951923076923077 0.41586538461538464 0.4951923076923077 0.43028846153846156 0.5240384615384616 0.43028846153846156
0 0.5336538461538461 0.49038461538461536 0.5048076923076923 0.49038461538461536 0.5048076923076923 0.5096153846153846 0.5336538461538461 0.5096153846153846
0 0.5408653846153846 0.5336538461538461 0.5096153846153846 0.5336538461538461 0.5096153846153846 0.5480769230769231 0.5408653846153846 0.5480769230769231
0 0.5456730769230769 0.4639423076923077 0.5168269230769231 0.4639423076923077 0.5168269230769231 0.47836538461538464 0.5456730769230769 0.47836538461538464
0 0.5576923076923077 0.4831730769230769 0.5336538461538461 0.4831730769230769 0.5336538461538461 0.49759615384615385 0.5576923076923077 0.49759615384615385
0 0.5625 0.44951923076923084 0.5336538461538461 0.4495192307692308 0.5336538461538461 0.46394230769230776 0.5625 0.4639423076923078
0 0.5961538461538461 0.42788461538461553 0.5600961538461539 0.42788461538461553 0.5600961538461539 0.4375000000000001 0.5961538461538461 0.4375000000000001
0 0.6057692307692307 0.41105769230769246 0.5745192307692307 0.41105769230769246 0.5745192307692307 0.4254807692307694 0.6057692307692307 0.4254807692307694
0 0.6201923076923077 0.5144230769230771 0.5961538461538461 0.5144230769230771 0.5961538461538461 0.5264423076923078 0.6201923076923077 0.5264423076923078
0 0.625 0.5048076923076924 0.5961538461538461 0.5048076923076924 0.5961538461538461 0.5168269230769232 0.625 0.5168269230769232
0 0.6394230769230769 0.44711538461538475 0.6009615384615384 0.44711538461538475 0.6009615384615384 0.4615384615384617 0.6394230769230769 0.4615384615384617
0 0.6466346153846154 0.42788461538461553 0.6057692307692307 0.42788461538461553 0.6057692307692307 0.4447115384615386 0.6466346153846154 0.4447115384615386
0 0.6706730769230769 0.4086538461538463 0.6442307692307693 0.4086538461538463 0.6442307692307693 0.42307692307692324 0.6706730769230769 0.42307692307692324
0 0.7043269230769231 0.4807692307692309 0.6730769230769231 0.4807692307692309 0.6730769230769231 0.4951923076923078 0.7043269230769231 0.4951923076923078