0 0.4519230769230769 0.295673076923077 0.43509615384615385 0.295673076923077 0.43509615384615385 0.32211538461538464 0.4519230769230769 0.32211538461538464
0 0.34615384615384615 0.3798076923076923 0.3317307692307692 0.3798076923076923 0.3317307692307692 0.40865384615384615 0.34615384615384615 0.40865384615384615
0 0.5288461538461539 0.39663461538461536 0.5168269230769231 0.39663461538461536 0.5168269230769231 0.4423076923076923 0.5288461538461539 0.4423076923076923
0 0.44711538461538464 0.41346153846153844 0.43509615384615385 0.41346153846153844 0.43509615384615385 0.4519230769230769 0.44711538461538464 0.4519230769230769
0 0.3894230769230769 0.4230769230769231 0.37740384615384615 0.4230769230769231 0.37740384615384615 0.4495192307692308 0.3894230769230769 0.4495192307692308
0 0.4182692307692308 0.4326923076923077 0.39663461538461536 0.4326923076923077 0.39663461538461536 0.4639423076923077 0.4182692307692308 0.4639423076923077
0 0.35096153846153844 0.44471153846153844 0.33413461538461536 0.44471153846153844 0.33413461538461536 0.4831730769230769 0.35096153846153844 0.4831730769230769
0 0.32211538461538464 0.4879807692307692 0.29807692307692313 0.4879807692307692 0.29807692307692313 0.5192307692307693 0.32211538461538464 0.5192307692307693
0 0.44471153846153844 0.4951923076923077 0.4326923076923077 0.4951923076923077 0.4326923076923077 0.5240384615384616 0.44471153846153844 0.5240384615384616
0 0.49038461538461536 0.5168269230769231 0.47596153846153844 0.5168269230769231 0.47596153846153844 0.5576923076923077 0.49038461538461536 0.5576923076923077
0 0.35096153846153844 0.5264423076923077 0.33413461538461536 0.5264423076923077 0.33413461538461536 0.5576923076923077 0.35096153846153844 0.5576923076923077
0 0.5336538461538463 0.5288461538461539 0.5168269230769231 0.5288461538461539 0.5168269230769231 0.5649038461538461 0.5336538461538463 0.5649038461538461
0 0.5000000000000001 0.5360576923076923 0.4879807692307692 0.5360576923076923 0.4879807692307693 0.5649038461538461 0.5000000000000001 0.5649038461538461
0 0.3774038461538462 0.5432692307692307 0.3629807692307692 0.5432692307692307 0.3629807692307693 0.5793269230769231 0.3774038461538463 0.5793269230769231
0 0.38701923076923084 0.5504807692307693 0.375 0.5504807692307693 0.37500000000000006 0.5889423076923077 0.3870192307692309 0.5889423076923077
0 0.3028846153846155 0.5552884615384616 0.2860576923076924 0.5552884615384616 0.2860576923076924 0.5913461538461539 0.3028846153846155 0.5913461538461539
0 0.5144230769230771 0.5721153846153846 0.4951923076923078 0.5721153846153846 0.4951923076923078 0.6105769230769231 0.5144230769230771 0.6105769230769231
0 0.49038461538461553 0.5769230769230769 0.4807692307692309 0.5769230769230769 0.4807692307692309 0.6057692307692307 0.49038461538461553 0.6057692307692307
0 0.4495192307692309 0.5769230769230769 0.4375000000000001 0.5769230769230769 0.4375000000000001 0.6033653846153846 0.4495192307692309 0.6033653846153846
0 0.5552884615384617 0.5889423076923077 0.5360576923076924 0.5889423076923077 0.5360576923076924 0.6177884615384616 0.5552884615384617 0.6177884615384616
0 0.4182692307692309 0.5865384615384616 0.4086538461538463 0.5865384615384616 0.4086538461538463 0.6129807692307693 0.4182692307692309 0.6129807692307693
0 0.4495192307692309 0.6105769230769231 0.4326923076923078 0.6105769230769231 0.4326923076923078 0.6322115384615384 0.4495192307692309 0.6322115384615384
0 0.4951923076923078 0.6081730769230769 0.4711538461538463 0.6081730769230769 0.4711538461538463 0.6514423076923077 0.4951923076923078 0.6514423076923077
0 0.3245192307692309 0.6129807692307693 0.3076923076923078 0.6129807692307693 0.3076923076923078 0.6394230769230769 0.3245192307692309 0.6394230769230769
0 0.39663461538461553 0.6346153846153846 0.38461538461538475 0.6346153846153846 0.38461538461538475 0.6658653846153846 0.39663461538461553 0.6658653846153846
0 0.4495192307692309 0.6370192307692307 0.43509615384615397 0.6370192307692307 0.43509615384615397 0.6682692307692307 0.4495192307692309 0.6682692307692307
0 0.3317307692307694 0.6394230769230769 0.3197115384615386 0.6394230769230769 0.3197115384615386 0.6658653846153846 0.3317307692307694 0.6658653846153846
0 0.48317307692307704 0.6538461538461539 0.46634615384615397 0.6538461538461539 0.46634615384615397 0.6850961538461539 0.48317307692307704 0.6850961538461539
0 0.3509615384615386 0.6538461538461539 0.3389423076923078 0.6538461538461539 0.3389423076923078 0.6778846153846154 0.3509615384615386 0.6778846153846154
0 0.49759615384615397 0.6634615384615384 0.4807692307692309 0.6634615384615384 0.4807692307692309 0.6875 0.49759615384615397 0.6875
0 0.4615384615384617 0.6538461538461539 0.44711538461538475 0.6538461538461539 0.44711538461538475 0.6971153846153846 0.4615384615384617 0.6971153846153846
0 0.37259615384615397 0.6850961538461539 0.36057692307692324 0.6850961538461539 0.36057692307692324 0.7139423076923077 0.37259615384615397 0.7139423076923077
0 0.42067307692307704 0.6826923076923077 0.4062500000000001 0.6826923076923077 0.4062500000000001 0.71875 0.42067307692307704 0.71875
0 0.41105769230769246 0.6850961538461539 0.4014423076923078 0.6850961538461539 0.4014423076923078 0.71875 0.41105769230769246 0.71875
0 0.39182692307692324 0.6899038461538461 0.3774038461538463 0.6899038461538461 0.3774038461538463 0.7355769230769231 0.39182692307692324 0.7355769230769231
0 0.4447115384615386 0.6971153846153846 0.4302884615384617 0.6971153846153846 0.4302884615384617 0.7331730769230769 0.4447115384615386 0.7331730769230769
0 0.4879807692307694 0.7115384615384616 0.4711538461538463 0.7115384615384616 0.4711538461538463 0.7475961538461539 0.4879807692307694 0.7475961538461539
0 0.3990384615384617 0.7235576923076923 0.3870192307692309 0.7235576923076923 0.3870192307692309 0.7427884615384616 0.3990384615384617 0.7427884615384616
0 0.9639423076923077 0.4254807692307694 0.9326923076923077 0.4254807692307694 0.9326923076923077 0.4879807692307694 0.9639423076923077 0.4879807692307694