0 0.49278846153846156 0.2475961538461539 0.46153846153846156 0.2475961538461539 0.46153846153846156 0.2788461538461539 0.49278846153846156 0.2788461538461539
0 0.4423076923076923 0.2788461538461539 0.4110576923076923 0.2788461538461539 0.4110576923076923 0.3173076923076923 0.4423076923076923 0.3173076923076923
0 0.5913461538461539 0.25000000000000006 0.5649038461538461 0.25000000000000006 0.5649038461538461 0.2836538461538462 0.5913461538461539 0.2836538461538462
0 0.41586538461538464 0.34134615384615385 0.3894230769230769 0.34134615384615385 0.3894230769230769 0.3701923076923077 0.41586538461538464 0.3701923076923077
0 0.5865384615384616 0.2836538461538462 0.5552884615384616 0.2836538461538462 0.5552884615384616 0.3173076923076924 0.5865384615384616 0.31730769230769246
0 0.41346153846153844 0.37740384615384615 0.3870192307692308 0.37740384615384615 0.3870192307692308 0.40384615384615385 0.41346153846153844 0.40384615384615385
0 0.3629807692307692 0.4014423076923077 0.33653846153846156 0.4014423076923077 0.33653846153846156 0.42788461538461536 0.3629807692307692 0.42788461538461536
0 0.6201923076923077 0.32211538461538475 0.59375 0.32211538461538475 0.59375 0.3509615384615386 0.6201923076923077 0.3509615384615386
0 0.5144230769230769 0.3581730769230769 0.49278846153846156 0.3581730769230769 0.49278846153846156 0.3870192307692308 0.5144230769230769 0.3870192307692308
0 0.47115384615384615 0.38461538461538464 0.44711538461538464 0.38461538461538464 0.44711538461538464 0.4110576923076923 0.47115384615384615 0.4110576923076923
0 0.6153846153846154 0.3389423076923078 0.5889423076923077 0.3389423076923078 0.5889423076923077 0.36538461538461553 0.6153846153846154 0.36538461538461553
0 0.5793269230769231 0.3653846153846155 0.5576923076923077 0.36538461538461536 0.5576923076923077 0.3942307692307693 0.5793269230769231 0.3942307692307694
0 0.6586538461538461 0.34134615384615397 0.6298076923076923 0.34134615384615397 0.6298076923076923 0.37259615384615397 0.6586538461538461 0.37259615384615397
0 0.37259615384615385 0.4423076923076923 0.35336538461538464 0.4423076923076923 0.35336538461538464 0.46153846153846156 0.37259615384615385 0.46153846153846156
0 0.37740384615384615 0.4519230769230769 0.3557692307692308 0.4519230769230769 0.3557692307692308 0.4735576923076923 0.37740384615384615 0.4735576923076923
0 0.4423076923076923 0.4375 0.4254807692307692 0.4375 0.4254807692307692 0.4543269230769231 0.4423076923076923 0.4543269230769231
0 0.5072115384615384 0.43028846153846156 0.4807692307692308 0.43028846153846156 0.4807692307692308 0.45913461538461536 0.5072115384615384 0.45913461538461536
0 0.6586538461538461 0.3942307692307694 0.6298076923076923 0.3942307692307694 0.6298076923076923 0.42788461538461553 0.6586538461538461 0.42788461538461553
0 0.5793269230769231 0.4254807692307693 0.5576923076923077 0.4254807692307692 0.5576923076923077 0.451923076923077 0.5793269230769231 0.45192307692307704
0 0.3389423076923077 0.5120192307692307 0.3052884615384616 0.5120192307692307 0.3052884615384616 0.5480769230769231 0.3389423076923077 0.5480769230769231
0 0.5336538461538461 0.4495192307692308 0.5072115384615384 0.4495192307692308 0.5072115384615384 0.4855769230769231 0.5336538461538461 0.4855769230769231
0 0.38221153846153844 0.5048076923076923 0.3581730769230769 0.5048076923076923 0.3581730769230769 0.53125 0.38221153846153844 0.53125
0 0.47115384615384615 0.4831730769230769 0.44471153846153844 0.4831730769230769 0.44471153846153844 0.5072115384615384 0.47115384615384615 0.5072115384615384
0 0.6802884615384616 0.42067307692307704 0.6514423076923077 0.42067307692307704 0.6514423076923077 0.4567307692307694 0.6802884615384616 0.4567307692307694
0 0.5649038461538461 0.48076923076923084 0.5384615384615384 0.4807692307692308 0.5384615384615384 0.5072115384615385 0.5649038461538461 0.5072115384615385
0 0.6899038461538461 0.4447115384615386 0.6658653846153846 0.4447115384615386 0.6658653846153846 0.47355769230769246 0.6899038461538461 0.47355769230769246
0 0.6875 0.4759615384615386 0.6610576923076923 0.4759615384615386 0.6610576923076923 0.5048076923076924 0.6875 0.5048076923076924
0 0.5312500000000001 0.5408653846153846 0.5024038461538461 0.5408653846153846 0.5024038461538463 0.5697115384615384 0.5312500000000001 0.5697115384615384
0 0.34855769230769246 0.5985576923076923 0.32692307692307704 0.5985576923076923 0.32692307692307704 0.6346153846153846 0.34855769230769246 0.6346153846153846
0 0.5889423076923077 0.5312500000000001 0.5625 0.5312500000000001 0.5625 0.5576923076923078 0.5889423076923077 0.5576923076923078
0 0.7115384615384616 0.4927884615384617 0.6802884615384616 0.4927884615384617 0.6802884615384616 0.5336538461538463 0.7115384615384616 0.5336538461538463
0 0.5216346153846155 0.5600961538461539 0.5000000000000001 0.5600961538461539 0.5000000000000001 0.5817307692307693 0.5216346153846155 0.5817307692307693
0 0.6634615384615384 0.5240384615384617 0.6394230769230769 0.5240384615384617 0.6394230769230769 0.5504807692307694 0.6634615384615384 0.5504807692307694
0 0.6850961538461539 0.5168269230769232 0.6634615384615384 0.5168269230769232 0.6634615384615384 0.5384615384615385 0.6850961538461539 0.5384615384615385
0 0.6394230769230769 0.5456730769230771 0.6081730769230769 0.5456730769230771 0.608173076923077 0.5769230769230771 0.6394230769230769 0.5769230769230771
0 0.6730769230769231 0.543269230769231 0.6490384615384616 0.543269230769231 0.6490384615384616 0.5697115384615385 0.6730769230769231 0.5697115384615385
0 0.4807692307692309 0.6177884615384616 0.45192307692307704 0.6177884615384616 0.45192307692307704 0.6466346153846154 0.4807692307692309 0.6466346153846154
0 0.6466346153846154 0.5697115384615385 0.6177884615384616 0.5697115384615385 0.6177884615384616 0.5985576923076924 0.6466346153846154 0.5985576923076924
0 0.6201923076923077 0.6201923076923077 0.5937500000000001 0.6201923076923077 0.5937500000000001 0.6490384615384616 0.6201923076923077 0.6490384615384616
0 0.7043269230769231 0.5937500000000001 0.6778846153846154 0.5937500000000001 0.6778846153846154 0.6201923076923077 0.7043269230769231 0.6201923076923077
0 0.6899038461538461 0.6322115384615384 0.6634615384615384 0.6322115384615384 0.6634615384615384 0.6634615384615384 0.6899038461538461 0.6634615384615384
0 0.7379807692307693 0.6370192307692307 0.7115384615384616 0.6370192307692307 0.7115384615384616 0.6682692307692307 0.7379807692307693 0.6682692307692307