0 0.5673076923076923 0.26201923076923084 0.5408653846153846 0.26201923076923084 0.5408653846153846 0.29326923076923084 0.5673076923076923 0.29326923076923084
0 0.53125 0.2524038461538462 0.5 0.2524038461538462 0.5 0.29326923076923084 0.53125 0.29326923076923084
0 0.5673076923076923 0.326923076923077 0.5384615384615384 0.3269230769230769 0.5384615384615384 0.358173076923077 0.5673076923076923 0.35817307692307704
0 0.6346153846153846 0.36057692307692324 0.6081730769230769 0.36057692307692324 0.6081730769230769 0.39663461538461553 0.6346153846153846 0.39663461538461553
0 0.37259615384615385 0.3004807692307693 0.34375 0.3004807692307693 0.34375 0.33413461538461536 0.37259615384615385 0.33413461538461536
0 0.6153846153846154 0.37980769230769246 0.5913461538461539 0.37980769230769246 0.5913461538461539 0.4062500000000001 0.6153846153846154 0.4062500000000001
0 0.5048076923076923 0.3894230769230769 0.4831730769230769 0.3894230769230769 0.4831730769230769 0.41586538461538464 0.5048076923076923 0.41586538461538464
0 0.5456730769230769 0.40384615384615385 0.5192307692307693 0.40384615384615385 0.5192307692307693 0.43509615384615385 0.5456730769230769 0.43509615384615385
0 0.6947115384615384 0.49038461538461553 0.6706730769230769 0.49038461538461553 0.6706730769230769 0.512019230769231 0.6947115384615384 0.512019230769231
0 0.7355769230769231 0.49038461538461553 0.6971153846153846 0.49038461538461553 0.6971153846153846 0.5360576923076924 0.7355769230769231 0.5360576923076924
0 0.6057692307692307 0.49759615384615397 0.5793269230769231 0.49759615384615397 0.5793269230769231 0.5240384615384617 0.6057692307692307 0.5240384615384617
0 0.5721153846153846 0.5000000000000001 0.5456730769230769 0.5 0.5456730769230769 0.5312500000000001 0.5721153846153846 0.5312500000000001
0 0.43509615384615385 0.46875 0.40625 0.46875 0.40625 0.5024038461538461 0.43509615384615385 0.5024038461538461
0 0.6947115384615384 0.560096153846154 0.6658653846153846 0.560096153846154 0.6658653846153846 0.5961538461538463 0.6947115384615384 0.5961538461538463
0 0.4807692307692308 0.49278846153846156 0.4495192307692308 0.49278846153846156 0.4495192307692308 0.5336538461538461 0.4807692307692308 0.5336538461538461
0 0.5600961538461539 0.5168269230769231 0.5288461538461539 0.5168269230769231 0.5288461538461539 0.5576923076923077 0.5600961538461539 0.5576923076923078
0 0.5745192307692308 0.5336538461538463 0.5480769230769231 0.5336538461538461 0.5480769230769231 0.5721153846153847 0.574519230769231 0.5721153846153848
0 0.7163461538461539 0.5865384615384617 0.6850961538461539 0.5865384615384617 0.6850961538461539 0.6298076923076923 0.7163461538461539 0.6298076923076923
0 0.5937500000000001 0.5552884615384617 0.5600961538461539 0.5552884615384617 0.560096153846154 0.5961538461538463 0.5937500000000001 0.5961538461538463
0 0.24038461538461545 0.46153846153846156 0.21394230769230776 0.46153846153846156 0.21394230769230776 0.4951923076923077 0.24038461538461545 0.4951923076923077
0 0.6682692307692307 0.5985576923076924 0.6298076923076923 0.5985576923076924 0.6298076923076923 0.6346153846153846 0.6682692307692307 0.6346153846153846
0 0.6706730769230769 0.6201923076923077 0.6442307692307693 0.6201923076923077 0.6442307692307693 0.6610576923076923 0.6706730769230769 0.6610576923076923
0 0.6442307692307693 0.6370192307692307 0.6177884615384616 0.6370192307692307 0.6177884615384616 0.6778846153846154 0.6442307692307693 0.6778846153846154
0 0.605769230769231 0.6298076923076923 0.5793269230769232 0.6298076923076923 0.5793269230769232 0.6586538461538461 0.605769230769231 0.6586538461538461
0 0.65625 0.6538461538461539 0.6298076923076923 0.6538461538461539 0.6298076923076923 0.6947115384615384 0.65625 0.6947115384615384
0 0.5000000000000001 0.6153846153846154 0.47355769230769246 0.6153846153846154 0.47355769230769246 0.6442307692307693 0.5000000000000001 0.6442307692307693
0 0.5072115384615385 0.6298076923076923 0.4759615384615386 0.6298076923076923 0.4759615384615386 0.6634615384615384 0.5072115384615385 0.6634615384615384
0 0.3990384615384617 0.6057692307692307 0.3774038461538463 0.6057692307692307 0.3774038461538463 0.6322115384615384 0.3990384615384617 0.6322115384615384
0 0.32932692307692324 0.5841346153846154 0.295673076923077 0.5841346153846154 0.295673076923077 0.6274038461538461 0.32932692307692324 0.6274038461538461
0 0.6201923076923077 0.6947115384615384 0.5937500000000001 0.6947115384615384 0.5937500000000001 0.7259615384615384 0.6201923076923077 0.7259615384615384
0 0.36538461538461553 0.625 0.3437500000000001 0.625 0.3437500000000001 0.6466346153846154 0.36538461538461553 0.6466346153846154
0 0.6009615384615385 0.6947115384615384 0.574519230769231 0.6947115384615384 0.574519230769231 0.7307692307692307 0.6009615384615385 0.7307692307692307
0 0.5336538461538463 0.71875 0.512019230769231 0.71875 0.512019230769231 0.75 0.5336538461538463 0.75
0 0.560096153846154 0.7259615384615384 0.5384615384615385 0.7259615384615384 0.5384615384615385 0.7596153846153846 0.560096153846154 0.7596153846153846
0 0.4951923076923078 0.7043269230769231 0.4687500000000001 0.7043269230769231 0.4687500000000001 0.7451923076923077 0.4951923076923078 0.7451923076923077
0 0.35336538461538475 0.6730769230769231 0.3317307692307694 0.6730769230769231 0.3317307692307694 0.7043269230769231 0.35336538461538475 0.7043269230769231
0 0.4567307692307694 0.7403846153846154 0.43509615384615397 0.7403846153846154 0.43509615384615397 0.7620192307692307 0.4567307692307694 0.7620192307692307
0 0.4182692307692309 0.7451923076923077 0.3942307692307694 0.7451923076923077 0.3942307692307694 0.7788461538461539 0.4182692307692309 0.7788461538461539
0 0.49038461538461553 0.7860576923076923 0.47355769230769246 0.7860576923076923 0.47355769230769246 0.8125 0.49038461538461553 0.8125
0 0.4879807692307694 0.7860576923076923 0.45913461538461553 0.7860576923076923 0.45913461538461553 0.8245192307692307 0.4879807692307694 0.8245192307692307
0 0.264423076923077 0.7644230769230769 0.2379807692307693 0.7644230769230769 0.2379807692307693 0.7956730769230769 0.264423076923077 0.7956730769230769
0 0.31009615384615397 0.8149038461538461 0.2836538461538462 0.8149038461538461 0.28365384615384626 0.8461538461538461 0.31009615384615397 0.8461538461538461
0 0.21394230769230776 0.7836538461538461 0.18750000000000006 0.7836538461538461 0.18750000000000006 0.8149038461538461 0.21394230769230776 0.8149038461538461