0 0.7475961538461539 0.5769230769230771 0.6658653846153846 0.5769230769230771 0.6658653846153846 0.6346153846153846 0.7475961538461539 0.6346153846153846
0 0.5865384615384616 0.20432692307692316 0.5288461538461539 0.20432692307692316 0.5288461538461539 0.25000000000000006 0.5865384615384616 0.25000000000000006
0 0.7355769230769231 0.6201923076923077 0.6826923076923077 0.6201923076923077 0.6826923076923077 0.6610576923076923 0.7355769230769231 0.6610576923076923
0 0.5600961538461539 0.19471153846153852 0.5120192307692307 0.19471153846153852 0.5120192307692307 0.23076923076923084 0.5600961538461539 0.23076923076923084
0 0.6177884615384616 0.3317307692307693 0.5480769230769231 0.3317307692307692 0.5480769230769231 0.3846153846153847 0.6177884615384616 0.38461538461538475
0 0.5264423076923077 0.19951923076923084 0.4735576923076923 0.19951923076923084 0.4735576923076923 0.24038461538461545 0.5264423076923077 0.24038461538461545
0 0.6009615384615384 0.3846153846153847 0.5384615384615384 0.38461538461538464 0.5384615384615384 0.4278846153846155 0.6009615384615384 0.42788461538461553
0 0.5072115384615384 0.26682692307692313 0.4543269230769231 0.26682692307692313 0.4543269230769231 0.31009615384615385 0.5072115384615384 0.31009615384615385
0 0.5552884615384616 0.36778846153846156 0.4879807692307692 0.36778846153846156 0.4879807692307692 0.4182692307692308 0.5552884615384616 0.4182692307692308
0 0.6826923076923077 0.7211538461538461 0.6298076923076923 0.7211538461538461 0.6298076923076923 0.7644230769230769 0.6826923076923077 0.7644230769230769
0 0.45913461538461536 0.13221153846153852 0.3894230769230769 0.1322115384615385 0.3894230769230769 0.18750000000000006 0.45913461538461536 0.18750000000000006
0 0.5721153846153846 0.4302884615384616 0.49278846153846156 0.43028846153846156 0.49278846153846156 0.4903846153846155 0.5721153846153846 0.49038461538461553
0 0.43990384615384615 0.10336538461538466 0.3629807692307692 0.10336538461538465 0.3629807692307692 0.15625000000000006 0.43990384615384615 0.15625000000000006
0 0.6057692307692308 0.5264423076923077 0.5336538461538461 0.5264423076923077 0.5336538461538463 0.5817307692307693 0.605769230769231 0.5817307692307694
0 0.4879807692307692 0.2836538461538462 0.43028846153846156 0.2836538461538462 0.43028846153846156 0.3293269230769231 0.4879807692307692 0.3293269230769231
0 0.5576923076923077 0.4735576923076923 0.5024038461538461 0.4735576923076923 0.5024038461538461 0.5120192307692307 0.5576923076923077 0.5120192307692307
0 0.5480769230769231 0.49278846153846156 0.47836538461538464 0.49278846153846156 0.47836538461538464 0.5480769230769231 0.5480769230769231 0.5480769230769231
0 0.6177884615384616 0.7043269230769231 0.5504807692307694 0.7043269230769231 0.5504807692307694 0.7596153846153846 0.6177884615384616 0.7596153846153846
0 0.46875 0.34375 0.39903846153846156 0.34375 0.39903846153846156 0.3942307692307692 0.46875 0.3942307692307692
0 0.37259615384615385 0.18990384615384623 0.30288461538461536 0.18990384615384623 0.30288461538461536 0.24038461538461545 0.37259615384615385 0.24038461538461545
0 0.39903846153846156 0.27644230769230776 0.3389423076923077 0.27644230769230776 0.3389423076923077 0.3245192307692308 0.39903846153846156 0.3245192307692308
0 0.4879807692307692 0.47115384615384615 0.3918269230769231 0.47115384615384615 0.3918269230769231 0.53125 0.4879807692307692 0.53125
0 0.33653846153846156 0.18269230769230774 0.27884615384615385 0.18269230769230768 0.27884615384615385 0.22355769230769235 0.33653846153846156 0.22355769230769237
0 0.30288461538461536 0.06971153846153849 0.24278846153846154 0.06971153846153849 0.24278846153846154 0.12019230769230772 0.30288461538461536 0.12019230769230772
0 0.5697115384615385 0.7379807692307693 0.512019230769231 0.7379807692307693 0.512019230769231 0.78125 0.5697115384615385 0.78125
0 0.34134615384615385 0.21875000000000006 0.28365384615384615 0.21875000000000006 0.28365384615384615 0.25721153846153855 0.34134615384615385 0.25721153846153855
0 0.4927884615384617 0.6129807692307693 0.4302884615384617 0.6129807692307693 0.4302884615384617 0.6586538461538461 0.4927884615384617 0.6586538461538461
0 0.4711538461538463 0.5600961538461539 0.38461538461538475 0.5600961538461539 0.38461538461538475 0.6225961538461539 0.4711538461538463 0.6225961538461539
0 0.30528846153846156 0.21875000000000003 0.25240384615384615 0.21875 0.25240384615384615 0.25961538461538464 0.30528846153846156 0.2596153846153847
0 0.28125000000000006 0.25480769230769235 0.21153846153846154 0.2548076923076923 0.21153846153846156 0.30528846153846156 0.28125000000000006 0.3052884615384616
0 0.21153846153846154 0.12500000000000003 0.16826923076923078 0.12500000000000003 0.16826923076923078 0.16346153846153846 0.21153846153846154 0.16346153846153846
0 0.3990384615384616 0.5432692307692307 0.3269230769230769 0.5432692307692307 0.326923076923077 0.5913461538461539 0.3990384615384617 0.5913461538461539
0 0.3389423076923077 0.43990384615384615 0.25721153846153855 0.43990384615384615 0.25721153846153855 0.5024038461538461 0.3389423076923077 0.5024038461538461
0 0.21634615384615385 0.22115384615384615 0.15384615384615385 0.22115384615384615 0.15384615384615385 0.2668269230769231 0.21634615384615385 0.2668269230769231
0 0.12980769230769235 0.17067307692307693 0.07451923076923078 0.17067307692307693 0.07451923076923078 0.2091346153846154 0.12980769230769235 0.2091346153846154
0 0.18750000000000006 0.4326923076923077 0.11538461538461545 0.4326923076923077 0.11538461538461545 0.4831730769230769 0.18750000000000006 0.4831730769230769
0 0.09615384615384619 0.23076923076923078 0.03125000000000003 0.23076923076923078 0.03125000000000003 0.28125 0.09615384615384619 0.28125
0 0.12259615384615391 0.4567307692307692 0.03846153846153851 0.4567307692307692 0.03846153846153852 0.5192307692307693 0.12259615384615391 0.5192307692307693