0 0.14423076923076927 0.30528846153846156 0.012019230769230808 0.30528846153846156 0.012019230769230813 0.40865384615384615 0.14423076923076927 0.40865384615384615
0 0.9447115384615384 0.6105769230769232 0.7620192307692307 0.6105769230769232 0.7620192307692307 0.7331730769230769 0.9447115384615384 0.7331730769230769
0 0.9014423076923077 0.5841346153846155 0.7692307692307693 0.5841346153846155 0.7692307692307693 0.6826923076923077 0.9014423076923077 0.6826923076923077
0 0.8677884615384616 0.6682692307692307 0.7259615384615384 0.6682692307692307 0.7259615384615384 0.7716346153846154 0.8677884615384616 0.7716346153846154
0 0.8966346153846154 0.48317307692307704 0.7355769230769231 0.48317307692307704 0.7355769230769231 0.6105769230769232 0.8966346153846154 0.6105769230769232
0 0.9831730769230769 0.1875000000000001 0.8100961538461539 0.18750000000000006 0.8100961538461539 0.3125000000000001 0.9831730769230769 0.3125000000000001
0 0.7451923076923077 0.7764423076923077 0.5528846153846155 0.7764423076923077 0.5528846153846155 0.9182692307692307 0.7451923076923077 0.9182692307692307
0 0.625 0.9158653846153846 0.4567307692307694 0.9158653846153846 0.4567307692307694 1 0.625 1
0 0.8125 0.3701923076923078 0.6586538461538461 0.3701923076923078 0.6586538461538461 0.4879807692307694 0.8125 0.4879807692307694
0 0.6658653846153846 0.6370192307692307 0.5480769230769232 0.6370192307692307 0.5480769230769232 0.7355769230769231 0.6658653846153846 0.7355769230769231
0 1 0.37980769230769246 0.9735576923076923 0.37980769230769246 0.9735576923076923 0.45192307692307704 1 0.45192307692307704
0 0.9110576923076923 0.8028846153846154 0.8076923076923077 0.8028846153846154 0.8076923076923077 0.8894230769230769 0.9110576923076923 0.8894230769230769
0 0.528846153846154 0.7572115384615384 0.4134615384615386 0.7572115384615384 0.4134615384615386 0.8557692307692307 0.528846153846154 0.8557692307692307
0 0.6081730769230771 0.5625000000000001 0.4927884615384617 0.5625 0.4927884615384617 0.65625 0.6081730769230771 0.65625
0 1 0.26682692307692324 0.9615384615384616 0.26682692307692324 0.9615384615384616 0.3701923076923078 1 0.3701923076923078
0 0.5673076923076923 0.18990384615384623 0.4375 0.18990384615384623 0.4375 0.2860576923076924 0.5673076923076923 0.2860576923076924
0 1 0.4086538461538463 0.9158653846153846 0.4086538461538463 0.9158653846153846 0.5048076923076924 1 0.5048076923076924
0 0.42307692307692313 0.47115384615384615 0.2596153846153847 0.47115384615384615 0.2596153846153847 0.5745192307692307 0.42307692307692324 0.5745192307692307
0 0.3774038461538462 0.49759615384615385 0.21153846153846162 0.49759615384615385 0.21153846153846162 0.6177884615384616 0.3774038461538463 0.6177884615384616
0 0.9711538461538461 0.5384615384615385 0.8605769230769231 0.5384615384615385 0.8605769230769231 0.6274038461538461 0.9711538461538461 0.6274038461538461
0 0.2524038461538462 0.3701923076923077 0.12980769230769235 0.3701923076923077 0.12980769230769235 0.47596153846153844 0.2524038461538462 0.47596153846153844
0 0.2163461538461539 0.47115384615384615 0.0865384615384616 0.47115384615384615 0.0865384615384616 0.5769230769230769 0.2163461538461539 0.5769230769230769
0 0.14903846153846162 0.59375 7.27134036993741e-17 0.59375 7.977867369445499e-17 0.7091346153846154 0.14903846153846165 0.7091346153846154
0 0.16826923076923084 0.36538461538461536 0.01682692307692312 0.36538461538461536 0.016826923076923128 0.49038461538461536 0.16826923076923084 0.49038461538461536
0 0.0673076923076924 0.6610576923076923 8.095621869363514e-17 0.6610576923076923 8.787429556381849e-17 0.7740384615384616 0.06730769230769242 0.7740384615384616