0 0.7668269230769231 0.4711538461538463 0.7307692307692307 0.4711538461538463 0.7307692307692307 0.49038461538461553 0.7668269230769231 0.49038461538461553
0 0.6778846153846154 0.3677884615384617 0.6394230769230769 0.3677884615384617 0.6394230769230769 0.38942307692307704 0.6778846153846154 0.38942307692307704
0 0.6610576923076923 0.528846153846154 0.6153846153846154 0.528846153846154 0.6153846153846154 0.5528846153846155 0.6610576923076923 0.5528846153846155
0 0.6322115384615384 0.4615384615384617 0.6009615384615384 0.4615384615384617 0.6009615384615384 0.48317307692307704 0.6322115384615384 0.48317307692307704
0 0.65625 0.5769230769230771 0.5961538461538463 0.5769230769230771 0.5961538461538463 0.605769230769231 0.65625 0.605769230769231
0 0.6081730769230769 0.5000000000000001 0.5576923076923077 0.5 0.5576923076923077 0.5264423076923077 0.6081730769230769 0.5264423076923078
0 0.5673076923076923 0.36057692307692313 0.5072115384615384 0.3605769230769231 0.5072115384615384 0.38701923076923084 0.5673076923076923 0.3870192307692309
0 0.5600961538461539 0.4038461538461539 0.5288461538461539 0.40384615384615385 0.5288461538461539 0.420673076923077 0.5600961538461539 0.42067307692307704
0 0.53125 0.53125 0.5048076923076923 0.53125 0.5048076923076923 0.5456730769230769 0.53125 0.5456730769230769
0 0.5456730769230771 0.5841346153846154 0.5096153846153848 0.5841346153846154 0.5096153846153848 0.6105769230769231 0.5456730769230771 0.6105769230769231
0 0.5120192307692307 0.37740384615384615 0.4639423076923077 0.37740384615384615 0.4639423076923077 0.4014423076923077 0.5120192307692307 0.4014423076923077
0 0.53125 0.4951923076923077 0.4831730769230769 0.4951923076923077 0.4831730769230769 0.5168269230769231 0.53125 0.5168269230769231
0 0.5072115384615384 0.44471153846153844 0.4543269230769231 0.44471153846153844 0.4543269230769231 0.46875 0.5072115384615384 0.46875
0 0.5312500000000001 0.6346153846153846 0.4807692307692309 0.6346153846153846 0.4807692307692309 0.6610576923076923 0.5312500000000001 0.6610576923076923
0 0.5096153846153848 0.6274038461538461 0.48557692307692324 0.6274038461538461 0.48557692307692324 0.6394230769230769 0.5096153846153848 0.6394230769230769
0 0.46153846153846156 0.3605769230769231 0.43509615384615385 0.3605769230769231 0.43509615384615385 0.3798076923076923 0.46153846153846156 0.3798076923076923
0 0.47836538461538464 0.4831730769230769 0.44471153846153844 0.4831730769230769 0.44471153846153844 0.5048076923076923 0.47836538461538464 0.5048076923076923
0 0.4951923076923078 0.6177884615384616 0.4447115384615386 0.6177884615384616 0.4447115384615386 0.6418269230769231 0.4951923076923078 0.6418269230769231
0 0.4927884615384617 0.65625 0.45913461538461553 0.65625 0.45913461538461553 0.6706730769230769 0.4927884615384617 0.6706730769230769
0 0.4711538461538463 0.5673076923076923 0.45192307692307704 0.5673076923076923 0.45192307692307704 0.5793269230769231 0.4711538461538463 0.5793269230769231
0 0.4711538461538463 0.6177884615384616 0.42788461538461553 0.6177884615384616 0.42788461538461553 0.6370192307692307 0.4711538461538463 0.6370192307692307
0 0.43509615384615385 0.5264423076923077 0.40625 0.5264423076923077 0.40625 0.5408653846153846 0.43509615384615385 0.5408653846153846
0 0.4375000000000001 0.6225961538461539 0.39663461538461553 0.6225961538461539 0.39663461538461553 0.6394230769230769 0.4375000000000001 0.6394230769230769
0 0.42067307692307704 0.5721153846153846 0.3942307692307694 0.5721153846153846 0.3942307692307694 0.59375 0.42067307692307704 0.59375
0 0.4326923076923078 0.5865384615384616 0.37980769230769246 0.5865384615384616 0.37980769230769246 0.6129807692307693 0.4326923076923078 0.6129807692307693
0 0.42067307692307704 0.6105769230769231 0.37259615384615397 0.6105769230769231 0.37259615384615397 0.6346153846153846 0.42067307692307704 0.6346153846153846
0 0.38221153846153844 0.5264423076923077 0.3485576923076923 0.5264423076923077 0.3485576923076923 0.5432692307692307 0.38221153846153844 0.5432692307692307
0 0.3581730769230769 0.40384615384615385 0.3245192307692308 0.40384615384615385 0.3245192307692308 0.43028846153846156 0.3581730769230769 0.43028846153846156
0 0.38701923076923084 0.5576923076923077 0.3317307692307692 0.5576923076923077 0.3317307692307693 0.5841346153846154 0.3870192307692309 0.5841346153846154
0 0.36538461538461553 0.6322115384615384 0.34134615384615397 0.6322115384615384 0.34134615384615397 0.6442307692307693 0.36538461538461553 0.6442307692307693
0 0.3509615384615386 0.5961538461538461 0.295673076923077 0.5961538461538461 0.295673076923077 0.6177884615384616 0.3509615384615386 0.6177884615384616
0 0.31490384615384615 0.42788461538461536 0.2692307692307693 0.42788461538461536 0.2692307692307693 0.4519230769230769 0.31490384615384615 0.4519230769230769
0 0.32932692307692313 0.5336538461538461 0.2740384615384616 0.5336538461538461 0.2740384615384616 0.5600961538461539 0.32932692307692324 0.5600961538461539
0 0.3028846153846155 0.49278846153846156 0.2716346153846155 0.49278846153846156 0.2716346153846155 0.5096153846153846 0.3028846153846155 0.5096153846153846
0 0.3076923076923077 0.5048076923076923 0.2524038461538462 0.5048076923076923 0.2524038461538462 0.5288461538461539 0.3076923076923077 0.5288461538461539
0 0.3076923076923078 0.5721153846153846 0.26201923076923084 0.5721153846153846 0.26201923076923084 0.6009615384615384 0.3076923076923078 0.6009615384615384
0 0.28846153846153855 0.6009615384615384 0.2475961538461539 0.6009615384615384 0.2475961538461539 0.6298076923076923 0.28846153846153855 0.6298076923076923
0 0.2379807692307693 0.5096153846153846 0.21394230769230776 0.5096153846153846 0.21394230769230776 0.5240384615384616 0.2379807692307693 0.5240384615384616
0 0.7139423076923077 0.8942307692307693 0.6634615384615384 0.8942307692307693 0.6634615384615384 0.9350961538461539 0.7139423076923077 0.9350961538461539