0 0.84375 0.6274038461538461 0.8197115384615384 0.6274038461538461 0.8197115384615384 0.6682692307692307 0.84375 0.6682692307692307
0 0.7235576923076923 0.9110576923076923 0.6995192307692307 0.9110576923076923 0.6995192307692307 0.9519230769230769 0.7235576923076923 0.9519230769230769
0 0.6802884615384616 0.8557692307692307 0.6586538461538461 0.8557692307692307 0.6586538461538461 0.8918269230769231 0.6802884615384616 0.8918269230769231
0 0.6610576923076923 0.9038461538461539 0.6370192307692307 0.9038461538461539 0.6370192307692307 0.9350961538461539 0.6610576923076923 0.9350961538461539
0 0.6995192307692307 0.7548076923076923 0.6778846153846154 0.7548076923076923 0.6778846153846154 0.7884615384615384 0.6995192307692307 0.7884615384615384
0 0.7572115384615384 0.4495192307692309 0.7307692307692307 0.4495192307692309 0.7307692307692307 0.4807692307692309 0.7572115384615384 0.4807692307692309
0 0.6610576923076923 0.7716346153846154 0.6370192307692307 0.7716346153846154 0.6370192307692307 0.8076923076923077 0.6610576923076923 0.8076923076923077
0 0.6394230769230769 0.7884615384615384 0.6153846153846154 0.7884615384615384 0.6153846153846154 0.8197115384615384 0.6394230769230769 0.8197115384615384
0 0.6418269230769231 0.6826923076923077 0.6153846153846154 0.6826923076923077 0.6153846153846154 0.7259615384615384 0.6418269230769231 0.7259615384615384
0 0.6538461538461539 0.5937500000000001 0.6274038461538461 0.5937500000000001 0.6274038461538461 0.625 0.6538461538461539 0.625
0 0.5961538461538463 0.5528846153846155 0.5721153846153846 0.5528846153846155 0.5721153846153847 0.5865384615384617 0.5961538461538463 0.5865384615384617
0 0.5961538461538461 0.4639423076923078 0.5697115384615384 0.4639423076923078 0.5697115384615384 0.5024038461538463 0.5961538461538461 0.5024038461538463
0 0.5576923076923077 0.4375 0.5336538461538461 0.4375 0.5336538461538461 0.47596153846153844 0.5576923076923077 0.47596153846153844
0 0.6274038461538461 0.3245192307692309 0.6033653846153846 0.3245192307692309 0.6033653846153846 0.3677884615384617 0.6274038461538461 0.3677884615384617
0 0.5961538461538461 0.31730769230769246 0.5721153846153846 0.31730769230769246 0.5721153846153846 0.35817307692307704 0.5961538461538461 0.35817307692307704
0 0.5120192307692307 0.3701923076923077 0.49038461538461536 0.3701923076923077 0.49038461538461536 0.3942307692307692 0.5120192307692307 0.3942307692307692
0 0.4879807692307692 0.3918269230769231 0.4639423076923077 0.3918269230769231 0.4639423076923077 0.4206730769230769 0.4879807692307692 0.4206730769230769
0 0.48557692307692313 0.53125 0.45913461538461536 0.53125 0.4591346153846155 0.5600961538461539 0.48557692307692324 0.5600961538461539
0 0.5048076923076924 0.5240384615384616 0.4831730769230769 0.5240384615384616 0.483173076923077 0.5600961538461539 0.5048076923076924 0.5600961538461539
0 0.4975961538461539 0.5528846153846154 0.47115384615384615 0.5528846153846154 0.4711538461538462 0.5793269230769231 0.49759615384615397 0.5793269230769231
0 0.4711538461538463 0.5865384615384616 0.44711538461538475 0.5865384615384616 0.44711538461538475 0.6153846153846154 0.4711538461538463 0.6153846153846154
0 0.40625 0.4206730769230769 0.38221153846153844 0.4206730769230769 0.38221153846153844 0.4567307692307692 0.40625 0.4567307692307692
0 0.3701923076923077 0.46634615384615385 0.34615384615384615 0.46634615384615385 0.34615384615384615 0.49759615384615385 0.3701923076923077 0.49759615384615385
0 0.3533653846153847 0.5384615384615384 0.33413461538461536 0.5384615384615384 0.3341346153846155 0.5745192307692307 0.35336538461538475 0.5745192307692307
0 0.3774038461538462 0.5288461538461539 0.35096153846153844 0.5288461538461539 0.35096153846153855 0.5697115384615384 0.3774038461538463 0.5697115384615384
0 0.43509615384615397 0.6466346153846154 0.41105769230769246 0.6466346153846154 0.41105769230769246 0.6875 0.43509615384615397 0.6875
0 0.3942307692307694 0.625 0.3701923076923078 0.625 0.3701923076923078 0.6538461538461539 0.3942307692307694 0.6538461538461539
0 0.3774038461538463 0.6201923076923077 0.3557692307692309 0.6201923076923077 0.3557692307692309 0.6586538461538461 0.3774038461538463 0.6586538461538461
0 0.3870192307692309 0.5793269230769231 0.3629807692307694 0.5793269230769231 0.3629807692307694 0.6033653846153846 0.3870192307692309 0.6033653846153846
0 0.4014423076923078 0.6826923076923077 0.37980769230769246 0.6826923076923077 0.37980769230769246 0.7211538461538461 0.4014423076923078 0.7211538461538461
0 0.4134615384615386 0.71875 0.3870192307692309 0.71875 0.3870192307692309 0.7572115384615384 0.4134615384615386 0.7572115384615384
0 0.43509615384615397 0.7475961538461539 0.41105769230769246 0.7475961538461539 0.41105769230769246 0.7740384615384616 0.43509615384615397 0.7740384615384616
0 0.4711538461538463 0.7331730769230769 0.44711538461538475 0.7331730769230769 0.44711538461538475 0.7596153846153846 0.4711538461538463 0.7596153846153846
0 0.5048076923076924 0.7692307692307693 0.4807692307692309 0.7692307692307693 0.4807692307692309 0.8076923076923077 0.5048076923076924 0.8076923076923077
0 0.4759615384615386 0.8389423076923077 0.4567307692307694 0.8389423076923077 0.4567307692307694 0.8774038461538461 0.4759615384615386 0.8774038461538461
0 0.4879807692307694 0.8629807692307693 0.4687500000000001 0.8629807692307693 0.4687500000000001 0.8846153846153846 0.4879807692307694 0.8846153846153846
0 0.5360576923076924 0.7932692307692307 0.512019230769231 0.7932692307692307 0.512019230769231 0.8293269230769231 0.5360576923076924 0.8293269230769231
0 0.5673076923076924 0.7884615384615384 0.5456730769230771 0.7884615384615384 0.5456730769230771 0.8197115384615384 0.5673076923076924 0.8197115384615384
0 0.5312500000000001 0.6947115384615384 0.5072115384615385 0.6947115384615384 0.5072115384615385 0.71875 0.5312500000000001 0.71875
0 0.5312500000000001 0.6706730769230769 0.5072115384615385 0.6706730769230769 0.5072115384615385 0.6923076923076923 0.5312500000000001 0.6923076923076923
0 0.39182692307692324 0.6033653846153846 0.36538461538461553 0.6033653846153846 0.36538461538461553 0.6298076923076923 0.39182692307692324 0.6298076923076923