0 0.8365384615384616 9.788342805684976e-17 0.7620192307692307 9.332044118502668e-17 0.7620192307692307 0.12019230769230779 0.8365384615384616 0.12019230769230779
0 0.9495192307692307 0.05048076923076934 0.8990384615384616 0.050480769230769336 0.8990384615384616 0.13461538461538472 0.9495192307692307 0.13461538461538472
0 0.7379807692307693 0.08413461538461547 0.6706730769230769 0.08413461538461545 0.6706730769230769 0.1850961538461539 0.7379807692307693 0.1850961538461539
0 0.5072115384615384 0.1129807692307693 0.43990384615384615 0.1129807692307693 0.43990384615384615 0.22596153846153852 0.5072115384615384 0.22596153846153852
0 0.8966346153846154 0.09615384615384626 0.8413461538461539 0.09615384615384626 0.8413461538461539 0.17788461538461553 0.8966346153846154 0.17788461538461553
0 0.2307692307692308 0.22115384615384615 0.16346153846153846 0.22115384615384615 0.1634615384615385 0.3293269230769231 0.23076923076923084 0.3293269230769231
0 0.875 0.17067307692307704 0.8173076923076923 0.17067307692307698 0.8173076923076923 0.26442307692307704 0.875 0.26442307692307704
0 0.47596153846153844 0.19951923076923084 0.40625 0.19951923076923084 0.40625 0.31971153846153844 0.47596153846153844 0.31971153846153844
0 0.7980769230769231 0.18750000000000006 0.7283653846153846 0.18750000000000006 0.7283653846153846 0.28846153846153855 0.7980769230769231 0.28846153846153855
0 0.08894230769230772 0.2764423076923077 0.009615384615384649 0.2764423076923077 0.009615384615384656 0.39903846153846156 0.08894230769230772 0.39903846153846156
0 0.9807692307692307 0.22115384615384628 0.9278846153846154 0.22115384615384628 0.9278846153846154 0.3004807692307694 0.9807692307692307 0.3004807692307694
0 0.7211538461538461 8.419446744138054e-17 0.6538461538461539 8.007305994425001e-17 0.6538461538461539 0.050480769230769315 0.7211538461538461 0.050480769230769315
0 0.7644230769230769 0.25721153846153855 0.6899038461538461 0.25721153846153855 0.6899038461538461 0.40384615384615397 0.7644230769230769 0.40384615384615397
0 0.8581730769230769 1.0171044930418524e-16 0.8028846153846154 9.83250074315423e-17 0.8028846153846154 0.033653846153846256 0.8581730769230769 0.033653846153846256
0 0.5576923076923077 0.3557692307692308 0.49038461538461536 0.3557692307692308 0.49038461538461536 0.46875 0.5576923076923077 0.46875
0 0.78125 0.6081730769230771 0.7163461538461539 0.6081730769230771 0.7163461538461539 0.7139423076923077 0.78125 0.7139423076923077
0 1 0.6682692307692307 0.9735576923076923 0.6682692307692307 0.9735576923076923 0.7572115384615384 1 0.7572115384615384
0 0.9134615384615384 1.0833413992457355e-16 0.8557692307692307 1.0480150492703311e-16 0.8557692307692307 0.08173076923076933 0.9134615384615384 0.08173076923076933
0 0.17548076923076922 0.08173076923076925 0.11057692307692307 0.08173076923076923 0.1105769230769231 0.18269230769230768 0.17548076923076922 0.18269230769230768