0 0.5721153846153846 0.26682692307692313 0.5504807692307693 0.26682692307692313 0.5504807692307693 0.29326923076923084 0.5721153846153846 0.29326923076923084
0 0.6129807692307693 0.2740384615384616 0.5841346153846154 0.2740384615384616 0.5841346153846154 0.3125000000000001 0.6129807692307693 0.3125000000000001
0 0.5456730769230769 0.32211538461538464 0.5216346153846154 0.32211538461538464 0.5216346153846154 0.35096153846153844 0.5456730769230769 0.35096153846153844
0 0.4639423076923077 0.31971153846153844 0.4423076923076923 0.31971153846153844 0.4423076923076923 0.35096153846153844 0.4639423076923077 0.35096153846153844
0 0.7259615384615384 0.39182692307692324 0.7019230769230769 0.39182692307692324 0.7019230769230769 0.42307692307692324 0.7259615384615384 0.42307692307692324
0 0.47596153846153844 0.34615384615384615 0.4543269230769231 0.34615384615384615 0.4543269230769231 0.3701923076923077 0.47596153846153844 0.3701923076923077
0 0.5625 0.40625000000000006 0.5432692307692307 0.40625 0.5432692307692307 0.4278846153846155 0.5625 0.42788461538461553
0 0.5216346153846154 0.39663461538461536 0.49759615384615385 0.39663461538461536 0.49759615384615385 0.42788461538461536 0.5216346153846154 0.42788461538461536
0 0.35096153846153844 0.40384615384615385 0.3293269230769231 0.40384615384615385 0.3293269230769231 0.4206730769230769 0.35096153846153844 0.4206730769230769
0 0.31971153846153844 0.3870192307692308 0.2908653846153847 0.3870192307692308 0.2908653846153847 0.42788461538461536 0.31971153846153844 0.42788461538461536
0 0.42788461538461536 0.4543269230769231 0.40384615384615385 0.4543269230769231 0.40384615384615385 0.47836538461538464 0.42788461538461536 0.47836538461538464
0 0.4567307692307692 0.46875 0.4326923076923077 0.46875 0.4326923076923077 0.5 0.4567307692307692 0.5
0 0.5913461538461539 0.5072115384615385 0.5649038461538461 0.5072115384615385 0.5649038461538461 0.5408653846153848 0.5913461538461539 0.5408653846153848
0 0.31971153846153844 0.46634615384615385 0.29326923076923084 0.46634615384615385 0.29326923076923084 0.49759615384615385 0.31971153846153844 0.49759615384615385
0 0.5384615384615384 0.5120192307692307 0.5144230769230769 0.5120192307692307 0.5144230769230769 0.5480769230769231 0.5384615384615384 0.5480769230769231
0 0.4567307692307692 0.4951923076923077 0.43028846153846156 0.4951923076923077 0.43028846153846156 0.53125 0.4567307692307692 0.53125
0 0.43028846153846156 0.49759615384615385 0.4110576923076923 0.49759615384615385 0.4110576923076923 0.5336538461538461 0.43028846153846156 0.5336538461538461
0 0.2860576923076924 0.47836538461538464 0.26201923076923084 0.47836538461538464 0.26201923076923084 0.5144230769230769 0.2860576923076924 0.5144230769230769
0 0.4110576923076923 0.5096153846153846 0.38461538461538464 0.5096153846153846 0.38461538461538464 0.5456730769230769 0.4110576923076923 0.5456730769230769
0 0.7644230769230769 0.5985576923076924 0.7403846153846154 0.5985576923076924 0.7403846153846154 0.6298076923076923 0.7644230769230769 0.6298076923076923
0 0.33413461538461536 0.5120192307692307 0.29807692307692313 0.5120192307692307 0.29807692307692313 0.5480769230769231 0.33413461538461536 0.5480769230769231
0 0.30769230769230776 0.5264423076923077 0.2836538461538462 0.5264423076923077 0.2836538461538462 0.5649038461538461 0.3076923076923078 0.5649038461538461
0 0.3221153846153847 0.5552884615384616 0.295673076923077 0.5552884615384616 0.295673076923077 0.5913461538461539 0.32211538461538475 0.5913461538461539
0 0.36538461538461553 0.5697115384615384 0.3389423076923078 0.5697115384615384 0.3389423076923078 0.5961538461538461 0.36538461538461553 0.5961538461538461
0 0.3028846153846155 0.5625 0.28125000000000006 0.5625 0.28125000000000006 0.6009615384615384 0.3028846153846155 0.6009615384615384
0 0.4615384615384617 0.6081730769230769 0.4375000000000001 0.6081730769230769 0.4375000000000001 0.6346153846153846 0.4615384615384617 0.6346153846153846
0 0.4495192307692309 0.6177884615384616 0.42307692307692324 0.6177884615384616 0.42307692307692324 0.6466346153846154 0.4495192307692309 0.6466346153846154
0 0.5504807692307694 0.6466346153846154 0.528846153846154 0.6466346153846154 0.528846153846154 0.6706730769230769 0.5504807692307694 0.6706730769230769
0 0.6274038461538461 0.6634615384615384 0.6009615384615385 0.6634615384615384 0.6009615384615385 0.6995192307692307 0.6274038461538461 0.6995192307692307
0 0.31730769230769246 0.6177884615384616 0.295673076923077 0.6177884615384616 0.295673076923077 0.6466346153846154 0.31730769230769246 0.6466346153846154
0 0.5721153846153848 0.6802884615384616 0.5552884615384617 0.6802884615384616 0.5552884615384617 0.6995192307692307 0.5721153846153848 0.6995192307692307
0 0.3317307692307694 0.6298076923076923 0.31009615384615397 0.6298076923076923 0.31009615384615397 0.6610576923076923 0.3317307692307694 0.6610576923076923
0 0.37980769230769246 0.6778846153846154 0.36057692307692324 0.6778846153846154 0.36057692307692324 0.7091346153846154 0.37980769230769246 0.7091346153846154
0 0.34855769230769246 0.6706730769230769 0.32932692307692324 0.6706730769230769 0.32932692307692324 0.7019230769230769 0.34855769230769246 0.7019230769230769
0 0.42067307692307704 0.6875 0.39663461538461553 0.6875 0.39663461538461553 0.7259615384615384 0.42067307692307704 0.7259615384615384
0 0.5576923076923078 0.7259615384615384 0.5384615384615385 0.7259615384615384 0.5384615384615385 0.7548076923076923 0.5576923076923078 0.7548076923076923
0 0.4375000000000001 0.7355769230769231 0.42067307692307704 0.7355769230769231 0.42067307692307704 0.7548076923076923 0.4375000000000001 0.7548076923076923
0 0.46634615384615397 0.7596153846153846 0.44711538461538475 0.7596153846153846 0.44711538461538475 0.7908653846153846 0.46634615384615397 0.7908653846153846
0 0.37980769230769246 0.7572115384615384 0.36538461538461553 0.7572115384615384 0.36538461538461553 0.7836538461538461 0.37980769230769246 0.7836538461538461
0 0.38942307692307704 0.7596153846153846 0.36538461538461553 0.7596153846153846 0.36538461538461553 0.7956730769230769 0.38942307692307704 0.7956730769230769
0 0.5937500000000001 0.8509615384615384 0.5721153846153848 0.8509615384615384 0.5721153846153848 0.8774038461538461 0.5937500000000001 0.8774038461538461
0 0.528846153846154 0.8701923076923077 0.5048076923076924 0.8701923076923077 0.5048076923076924 0.8990384615384616 0.528846153846154 0.8990384615384616
0 0.6274038461538461 0.8942307692307693 0.605769230769231 0.8942307692307693 0.605769230769231 0.9206730769230769 0.6274038461538461 0.9206730769230769