0 0.29086538461538475 0.90625 0.24519230769230782 0.90625 0.24519230769230782 0.9447115384615384 0.29086538461538475 0.9447115384615384
0 0.32932692307692324 0.5649038461538461 0.295673076923077 0.5649038461538461 0.295673076923077 0.5961538461538461 0.32932692307692324 0.5961538461538461
0 0.3629807692307693 0.5576923076923077 0.3269230769230769 0.5576923076923077 0.326923076923077 0.5913461538461539 0.3629807692307694 0.5913461538461539
0 0.4230769230769231 0.47836538461538464 0.3701923076923077 0.47836538461538464 0.3701923076923077 0.5360576923076923 0.4230769230769231 0.5360576923076923
0 0.6129807692307693 0.4134615384615386 0.5745192307692307 0.4134615384615386 0.5745192307692307 0.4495192307692309 0.6129807692307693 0.4495192307692309
0 0.6201923076923077 0.4326923076923078 0.5865384615384616 0.4326923076923078 0.5865384615384616 0.4615384615384617 0.6201923076923077 0.4615384615384617
0 0.7451923076923077 0.42067307692307704 0.7043269230769231 0.42067307692307704 0.7043269230769231 0.45432692307692324 0.7451923076923077 0.45432692307692324
0 0.7572115384615384 0.45432692307692324 0.71875 0.45432692307692324 0.71875 0.48557692307692324 0.7572115384615384 0.48557692307692324
0 0.7331730769230769 0.48317307692307704 0.6923076923076923 0.48317307692307704 0.6923076923076923 0.5168269230769232 0.7331730769230769 0.5168269230769232
0 0.6923076923076923 0.46634615384615397 0.6538461538461539 0.46634615384615397 0.6538461538461539 0.49759615384615397 0.6923076923076923 0.49759615384615397
0 0.75 0.5312500000000001 0.7091346153846154 0.5312500000000001 0.7091346153846154 0.5649038461538463 0.75 0.5649038461538463
0 0.6923076923076923 0.5360576923076924 0.6586538461538461 0.5360576923076924 0.6586538461538461 0.5649038461538463 0.6923076923076923 0.5649038461538463
0 0.6081730769230769 0.512019230769231 0.5625 0.512019230769231 0.5625 0.5504807692307694 0.6081730769230769 0.5504807692307694
0 0.5408653846153846 0.5096153846153846 0.5 0.5096153846153846 0.5 0.5456730769230769 0.5408653846153846 0.5456730769230769
0 0.5456730769230769 0.4879807692307692 0.5024038461538461 0.4879807692307692 0.5024038461538461 0.5264423076923077 0.5456730769230769 0.5264423076923077
0 0.5120192307692308 0.5576923076923077 0.4735576923076923 0.5576923076923077 0.4735576923076924 0.5913461538461539 0.512019230769231 0.5913461538461539
0 0.528846153846154 0.5961538461538461 0.4951923076923078 0.5961538461538461 0.4951923076923078 0.6225961538461539 0.528846153846154 0.6225961538461539
0 0.45192307692307704 0.5913461538461539 0.4182692307692309 0.5913461538461539 0.4182692307692309 0.6177884615384616 0.45192307692307704 0.6177884615384616
0 0.4062500000000001 0.6274038461538461 0.3677884615384617 0.6274038461538461 0.3677884615384617 0.6610576923076923 0.4062500000000001 0.6610576923076923
0 0.4927884615384617 0.71875 0.45432692307692324 0.71875 0.45432692307692324 0.75 0.4927884615384617 0.75
0 0.4495192307692309 0.7067307692307693 0.41105769230769246 0.7067307692307693 0.41105769230769246 0.7379807692307693 0.4495192307692309 0.7379807692307693
0 0.48317307692307704 0.6754807692307693 0.4375000000000001 0.6754807692307693 0.4375000000000001 0.7139423076923077 0.48317307692307704 0.7139423076923077
0 0.4639423076923078 0.6514423076923077 0.42307692307692324 0.6514423076923077 0.42307692307692324 0.6875 0.4639423076923078 0.6875
0 0.48317307692307704 0.6225961538461539 0.44230769230769246 0.6225961538461539 0.44230769230769246 0.6538461538461539 0.48317307692307704 0.6538461538461539
0 0.4951923076923078 0.6105769230769231 0.46634615384615397 0.6105769230769231 0.46634615384615397 0.6394230769230769 0.4951923076923078 0.6394230769230769
0 0.5721153846153848 0.6875 0.5384615384615385 0.6875 0.5384615384615385 0.71875 0.5721153846153848 0.71875
0 0.528846153846154 0.6802884615384616 0.4807692307692309 0.6802884615384616 0.4807692307692309 0.7211538461538461 0.528846153846154 0.7211538461538461
0 0.5312500000000001 0.6634615384615384 0.48557692307692324 0.6634615384615384 0.48557692307692324 0.7019230769230769 0.5312500000000001 0.7019230769230769
0 0.6322115384615384 0.6754807692307693 0.5817307692307694 0.6754807692307693 0.5817307692307694 0.71875 0.6322115384615384 0.71875
0 0.6346153846153846 0.6274038461538461 0.5937500000000001 0.6274038461538461 0.5937500000000001 0.6610576923076923 0.6346153846153846 0.6610576923076923
0 0.7331730769230769 0.6899038461538461 0.6899038461538461 0.6899038461538461 0.6899038461538461 0.7259615384615384 0.7331730769230769 0.7259615384615384
0 0.6947115384615384 0.6658653846153846 0.6514423076923077 0.6658653846153846 0.6514423076923077 0.7043269230769231 0.6947115384615384 0.7043269230769231
0 0.7355769230769231 0.6706730769230769 0.6875 0.6706730769230769 0.6875 0.7115384615384616 0.7355769230769231 0.7115384615384616
0 0.7427884615384616 0.6466346153846154 0.7115384615384616 0.6466346153846154 0.7115384615384616 0.6754807692307693 0.7427884615384616 0.6754807692307693
0 0.75 0.6081730769230771 0.7115384615384616 0.6081730769230771 0.7115384615384616 0.6442307692307693 0.75 0.6442307692307693
0 0.7644230769230769 0.605769230769231 0.7307692307692307 0.605769230769231 0.7307692307692307 0.6370192307692307 0.7644230769230769 0.6370192307692307
0 0.75 0.5721153846153848 0.7067307692307693 0.5721153846153848 0.7067307692307693 0.6105769230769232 0.75 0.6105769230769232
0 0.7043269230769231 0.5937500000000001 0.6586538461538461 0.5937500000000001 0.6586538461538461 0.6346153846153846 0.7043269230769231 0.6346153846153846
0 0.7019230769230769 0.6322115384615384 0.6586538461538461 0.6322115384615384 0.6586538461538461 0.6682692307692307 0.7019230769230769 0.6682692307692307
0 0.71875 0.6009615384615385 0.6682692307692307 0.6009615384615385 0.6682692307692307 0.6418269230769231 0.71875 0.6418269230769231
0 0.6850961538461539 0.6754807692307693 0.6490384615384616 0.6754807692307693 0.6490384615384616 0.7043269230769231 0.6850961538461539 0.7043269230769231
0 0.7019230769230769 0.5408653846153848 0.6586538461538461 0.5408653846153848 0.6586538461538461 0.574519230769231 0.7019230769230769 0.574519230769231