0 0.2932692307692308 0.08413461538461542 0.2403846153846154 0.08413461538461542 0.2403846153846154 0.1899038461538462 0.2932692307692308 0.18990384615384623
0 0.6658653846153846 0.19230769230769237 0.6177884615384616 0.19230769230769237 0.6177884615384616 0.27644230769230776 0.6658653846153846 0.27644230769230776
0 0.8846153846153846 0.2884615384615386 0.8389423076923077 0.2884615384615386 0.8389423076923077 0.3557692307692309 0.8846153846153846 0.3557692307692309
0 0.8221153846153846 0.2524038461538462 0.7740384615384616 0.2524038461538462 0.7740384615384616 0.3677884615384617 0.8221153846153846 0.3677884615384617
0 0.8317307692307693 0.2788461538461539 0.7860576923076923 0.2788461538461539 0.7860576923076923 0.37259615384615397 0.8317307692307693 0.37259615384615397
0 0.9350961538461539 0.3774038461538463 0.8942307692307693 0.3774038461538463 0.8942307692307693 0.45192307692307704 0.9350961538461539 0.45192307692307704
0 0.46634615384615385 0.3004807692307693 0.4206730769230769 0.3004807692307693 0.4206730769230769 0.3894230769230769 0.46634615384615385 0.3894230769230769
0 0.8894230769230769 0.39663461538461553 0.8389423076923077 0.39663461538461553 0.8389423076923077 0.49038461538461553 0.8894230769230769 0.49038461538461553
0 0.9471153846153846 0.41586538461538475 0.9014423076923077 0.41586538461538475 0.9014423076923077 0.5168269230769232 0.9471153846153846 0.5168269230769232
0 0.7764423076923077 0.39182692307692324 0.7283653846153846 0.39182692307692324 0.7283653846153846 0.4687500000000001 0.7764423076923077 0.4687500000000001
0 0.37259615384615385 0.3245192307692308 0.3293269230769231 0.3245192307692308 0.3293269230769231 0.39903846153846156 0.37259615384615385 0.39903846153846156
0 0.90625 0.4567307692307694 0.8629807692307693 0.4567307692307694 0.8629807692307693 0.543269230769231 0.90625 0.543269230769231
0 0.7524038461538461 0.4375000000000001 0.7067307692307693 0.4375000000000001 0.7067307692307693 0.5168269230769232 0.7524038461538461 0.5168269230769232
0 0.7836538461538461 0.47836538461538475 0.7451923076923077 0.47836538461538475 0.7451923076923077 0.560096153846154 0.7836538461538461 0.560096153846154
0 0.9014423076923077 0.512019230769231 0.8533653846153846 0.512019230769231 0.8533653846153846 0.5985576923076924 0.9014423076923077 0.5985576923076924
0 0.7980769230769231 0.5096153846153848 0.7572115384615384 0.5096153846153848 0.7572115384615384 0.6033653846153848 0.7980769230769231 0.6033653846153848
0 0.6706730769230769 0.48557692307692324 0.6298076923076923 0.48557692307692324 0.6298076923076923 0.5793269230769232 0.6706730769230769 0.5793269230769232
0 0.5937500000000001 0.49519230769230776 0.5432692307692307 0.4951923076923077 0.5432692307692308 0.5793269230769231 0.5937500000000001 0.5793269230769232
0 0.7019230769230769 0.5312500000000001 0.6514423076923077 0.5312500000000001 0.6514423076923077 0.6153846153846154 0.7019230769230769 0.6153846153846154
0 0.8870192307692307 0.6225961538461539 0.84375 0.6225961538461539 0.84375 0.6923076923076923 0.8870192307692307 0.6923076923076923
0 0.7451923076923077 0.5793269230769232 0.6947115384615384 0.5793269230769232 0.6947115384615384 0.6754807692307693 0.7451923076923077 0.6754807692307693
0 0.8605769230769231 0.6177884615384616 0.8149038461538461 0.6177884615384616 0.8149038461538461 0.7235576923076923 0.8605769230769231 0.7235576923076923
0 0.7572115384615384 0.6177884615384616 0.71875 0.6177884615384616 0.71875 0.6923076923076923 0.7572115384615384 0.6923076923076923
0 0.8365384615384616 0.6394230769230769 0.7932692307692307 0.6394230769230769 0.7932692307692307 0.7331730769230769 0.8365384615384616 0.7331730769230769
0 0.9471153846153846 0.6706730769230769 0.90625 0.6706730769230769 0.90625 0.7524038461538461 0.9471153846153846 0.7524038461538461
0 0.6658653846153846 0.6346153846153846 0.6225961538461539 0.6346153846153846 0.6225961538461539 0.7283653846153846 0.6658653846153846 0.7283653846153846
0 0.8774038461538461 0.7067307692307693 0.8341346153846154 0.7067307692307693 0.8341346153846154 0.7932692307692307 0.8774038461538461 0.7932692307692307
0 0.6274038461538461 0.6706730769230769 0.5793269230769232 0.6706730769230769 0.5793269230769232 0.7403846153846154 0.6274038461538461 0.7403846153846154
0 0.6947115384615384 0.6875 0.6466346153846154 0.6875 0.6466346153846154 0.7764423076923077 0.6947115384615384 0.7764423076923077
0 0.8317307692307693 0.8389423076923077 0.7884615384615384 0.8389423076923077 0.7884615384615384 0.9134615384615384 0.8317307692307693 0.9134615384615384
0 0.7620192307692307 0.8341346153846154 0.7163461538461539 0.8341346153846154 0.7163461538461539 0.9182692307692307 0.7620192307692307 0.9182692307692307
0 0.7211538461538461 0.8509615384615384 0.6754807692307693 0.8509615384615384 0.6754807692307693 0.9278846153846154 0.7211538461538461 0.9278846153846154
0 0.6442307692307693 0.8990384615384616 0.5985576923076924 0.8990384615384616 0.5985576923076924 0.9735576923076923 0.6442307692307693 0.9735576923076923