0 0.7043269230769231 0.31730769230769246 0.6298076923076923 0.31730769230769246 0.6298076923076923 0.3629807692307694 0.7043269230769231 0.3629807692307694
0 0.6610576923076923 0.7283653846153846 0.6105769230769232 0.7283653846153846 0.6105769230769232 0.7644230769230769 0.6610576923076923 0.7644230769230769
0 0.6826923076923077 0.28846153846153855 0.6346153846153846 0.28846153846153855 0.6346153846153846 0.32211538461538475 0.6826923076923077 0.32211538461538475
0 0.6418269230769231 0.75 0.5961538461538463 0.75 0.5961538461538463 0.7836538461538461 0.6418269230769231 0.7836538461538461
0 0.6538461538461539 0.5889423076923078 0.5865384615384617 0.5889423076923078 0.5865384615384617 0.6370192307692307 0.6538461538461539 0.6370192307692307
0 0.6081730769230771 0.7524038461538461 0.5576923076923078 0.7524038461538461 0.5576923076923078 0.7884615384615384 0.6081730769230771 0.7884615384615384
0 0.625 0.5480769230769232 0.5625 0.5480769230769232 0.5625000000000001 0.591346153846154 0.625 0.591346153846154
0 0.5673076923076924 0.6923076923076923 0.5168269230769232 0.6923076923076923 0.5168269230769232 0.7283653846153846 0.5673076923076924 0.7283653846153846
0 0.5841346153846155 0.5745192307692308 0.5192307692307694 0.5745192307692307 0.5192307692307694 0.6201923076923077 0.5841346153846155 0.6201923076923077
0 0.6033653846153846 0.2067307692307693 0.5528846153846154 0.2067307692307693 0.5528846153846154 0.24519230769230776 0.6033653846153846 0.24519230769230776
0 0.5576923076923078 0.8269230769230769 0.4951923076923078 0.8269230769230769 0.4951923076923078 0.8701923076923077 0.5576923076923078 0.8701923076923077
0 0.5793269230769231 0.5072115384615385 0.5072115384615384 0.5072115384615384 0.5072115384615384 0.5552884615384616 0.5793269230769231 0.5552884615384617
0 0.5504807692307694 0.8629807692307693 0.47836538461538475 0.8629807692307693 0.47836538461538475 0.90625 0.5504807692307694 0.90625
0 0.5841346153846154 0.40625000000000006 0.5192307692307693 0.40625 0.5192307692307693 0.451923076923077 0.5841346153846154 0.45192307692307704
0 0.5408653846153848 0.6778846153846154 0.49038461538461553 0.6778846153846154 0.49038461538461553 0.71875 0.5408653846153848 0.71875
0 0.5576923076923077 0.4831730769230769 0.5048076923076923 0.4831730769230769 0.5048076923076923 0.5192307692307693 0.5576923076923077 0.5192307692307693
0 0.5360576923076923 0.4567307692307692 0.4735576923076923 0.4567307692307692 0.4735576923076923 0.5024038461538461 0.5360576923076923 0.5024038461538461
0 0.5432692307692307 0.23317307692307698 0.4831730769230769 0.23317307692307698 0.4831730769230769 0.27644230769230776 0.5432692307692307 0.27644230769230776
0 0.5072115384615385 0.6225961538461539 0.44230769230769246 0.6225961538461539 0.44230769230769246 0.6682692307692307 0.5072115384615385 0.6682692307692307
0 0.4615384615384617 0.8004807692307693 0.39663461538461553 0.8004807692307693 0.39663461538461553 0.8413461538461539 0.4615384615384617 0.8413461538461539
0 0.4615384615384617 0.7067307692307693 0.4014423076923078 0.7067307692307693 0.4014423076923078 0.7548076923076923 0.4615384615384617 0.7548076923076923
0 0.49038461538461536 0.49038461538461536 0.39663461538461536 0.49038461538461536 0.39663461538461536 0.5456730769230769 0.49038461538461536 0.5456730769230769
0 0.4302884615384617 0.8221153846153846 0.3750000000000001 0.8221153846153846 0.3750000000000001 0.8605769230769231 0.4302884615384617 0.8605769230769231
0 0.4302884615384617 0.9350961538461539 0.3750000000000001 0.9350961538461539 0.3750000000000001 0.9783653846153846 0.4302884615384617 0.9783653846153846
0 0.49038461538461536 0.22355769230769237 0.43509615384615385 0.22355769230769237 0.43509615384615385 0.26201923076923084 0.49038461538461536 0.26201923076923084
0 0.4254807692307694 0.7884615384615384 0.3701923076923078 0.7884615384615384 0.3701923076923078 0.8221153846153846 0.4254807692307694 0.8221153846153846
0 0.4543269230769231 0.3581730769230769 0.3918269230769231 0.3581730769230769 0.3918269230769231 0.40384615384615385 0.4543269230769231 0.40384615384615385
0 0.4423076923076923 0.40865384615384615 0.3629807692307692 0.40865384615384615 0.3629807692307692 0.45913461538461536 0.4423076923076923 0.45913461538461536
0 0.38942307692307704 0.7980769230769231 0.3389423076923078 0.7980769230769231 0.3389423076923078 0.8317307692307693 0.38942307692307704 0.8317307692307693
0 0.3557692307692309 0.7620192307692307 0.28846153846153855 0.7620192307692307 0.28846153846153855 0.8100961538461539 0.3557692307692309 0.8100961538461539
0 0.32932692307692324 0.9134615384615384 0.28605769230769246 0.9134615384615384 0.28605769230769246 0.9495192307692307 0.32932692307692324 0.9495192307692307
0 0.3870192307692308 0.4543269230769231 0.31490384615384615 0.4543269230769231 0.31490384615384615 0.5 0.3870192307692308 0.5
0 0.35336538461538475 0.5625 0.2788461538461539 0.5625 0.2788461538461539 0.6129807692307693 0.35336538461538475 0.6129807692307693
0 0.3052884615384616 0.8173076923076923 0.24519230769230776 0.8173076923076923 0.2451923076923078 0.8581730769230769 0.3052884615384617 0.8581730769230769
0 0.23798076923076936 0.8966346153846154 0.18269230769230782 0.8966346153846154 0.18269230769230782 0.9326923076923077 0.23798076923076936 0.9326923076923077
0 0.21394230769230776 0.6201923076923077 0.14663461538461545 0.6201923076923077 0.14663461538461545 0.6658653846153846 0.21394230769230776 0.6658653846153846
0 0.185096153846154 0.8389423076923077 0.12259615384615395 0.8389423076923077 0.12259615384615395 0.8846153846153846 0.185096153846154 0.8846153846153846
0 0.14663461538461545 0.6057692307692307 0.06009615384615392 0.6057692307692307 0.060096153846153924 0.6658653846153846 0.14663461538461545 0.6658653846153846