0 0.3509615384615386 0.8774038461538461 0.31730769230769246 0.8774038461538461 0.31730769230769246 0.9230769230769231 0.3509615384615386 0.9230769230769231
0 0.43028846153846156 0.1658653846153847 0.4014423076923077 0.1658653846153847 0.4014423076923077 0.1971153846153847 0.43028846153846156 0.1971153846153847
0 0.4110576923076923 0.18750000000000006 0.37259615384615385 0.18750000000000006 0.37259615384615385 0.23317307692307698 0.4110576923076923 0.23317307692307698
0 0.47836538461538464 0.23076923076923084 0.4495192307692308 0.23076923076923084 0.4495192307692308 0.27644230769230776 0.47836538461538464 0.27644230769230776
0 0.2692307692307692 0.21394230769230768 0.24278846153846154 0.21394230769230768 0.24278846153846154 0.25 0.2692307692307692 0.25
0 0.44711538461538464 0.2860576923076924 0.4182692307692308 0.2860576923076924 0.4182692307692308 0.32211538461538464 0.44711538461538464 0.32211538461538464
0 0.4879807692307692 0.3076923076923077 0.4495192307692308 0.3076923076923077 0.4495192307692308 0.35336538461538464 0.4879807692307692 0.35336538461538464
0 0.5985576923076923 0.3365384615384616 0.5576923076923077 0.33653846153846156 0.5576923076923077 0.38221153846153855 0.5985576923076923 0.3822115384615386
0 0.37740384615384615 0.29807692307692313 0.34375 0.29807692307692313 0.34375 0.34615384615384615 0.37740384615384615 0.34615384615384615
0 0.4423076923076923 0.3269230769230769 0.41346153846153844 0.3269230769230769 0.41346153846153844 0.3701923076923077 0.4423076923076923 0.3701923076923077
0 0.34375 0.31971153846153844 0.31009615384615385 0.31971153846153844 0.31009615384615385 0.3581730769230769 0.34375 0.3581730769230769
0 0.5240384615384616 0.37740384615384615 0.49278846153846156 0.37740384615384615 0.49278846153846156 0.4182692307692308 0.5240384615384616 0.4182692307692308
0 0.46153846153846156 0.3701923076923077 0.43028846153846156 0.3701923076923077 0.43028846153846156 0.4110576923076923 0.46153846153846156 0.4110576923076923
0 0.5913461538461539 0.41105769230769246 0.5600961538461539 0.41105769230769246 0.5600961538461539 0.4615384615384617 0.5913461538461539 0.4615384615384617
0 0.5528846153846154 0.4423076923076923 0.5264423076923077 0.4423076923076923 0.5264423076923077 0.4831730769230769 0.5528846153846154 0.4831730769230769
0 0.6225961538461539 0.4567307692307694 0.5865384615384616 0.4567307692307694 0.5865384615384616 0.49759615384615397 0.6225961538461539 0.49759615384615397
0 0.5889423076923077 0.4615384615384616 0.5504807692307693 0.46153846153846156 0.5504807692307693 0.5072115384615385 0.5889423076923077 0.5072115384615385
0 0.5144230769230769 0.4567307692307692 0.4855769230769231 0.4567307692307692 0.4855769230769231 0.4951923076923077 0.5144230769230769 0.4951923076923077
0 0.36538461538461536 0.43028846153846156 0.33653846153846156 0.43028846153846156 0.33653846153846156 0.4807692307692308 0.36538461538461536 0.4807692307692308
0 0.3485576923076923 0.4423076923076923 0.3125 0.4423076923076923 0.3125 0.4831730769230769 0.3485576923076923 0.4831730769230769
0 0.6033653846153846 0.512019230769231 0.5817307692307693 0.512019230769231 0.5817307692307693 0.543269230769231 0.6033653846153846 0.543269230769231
0 0.5168269230769231 0.5 0.4879807692307692 0.5 0.4879807692307692 0.5360576923076923 0.5168269230769231 0.5360576923076923
0 0.3125 0.4519230769230769 0.28125000000000006 0.4519230769230769 0.28125000000000006 0.4951923076923077 0.3125 0.4951923076923077
0 0.5865384615384616 0.5168269230769231 0.5576923076923077 0.5168269230769231 0.5576923076923077 0.5625000000000001 0.5865384615384617 0.5625000000000001
0 0.4663461538461539 0.5168269230769231 0.4326923076923077 0.5168269230769231 0.43269230769230776 0.5625 0.46634615384615397 0.5625
0 0.35576923076923084 0.5552884615384616 0.3317307692307692 0.5552884615384616 0.3317307692307693 0.5817307692307693 0.3557692307692309 0.5817307692307693
0 0.5721153846153848 0.6033653846153847 0.5456730769230771 0.6033653846153846 0.5456730769230771 0.6394230769230769 0.5721153846153848 0.6394230769230769
0 0.5528846153846155 0.6033653846153846 0.512019230769231 0.6033653846153846 0.512019230769231 0.6538461538461539 0.5528846153846155 0.6538461538461539
0 0.34855769230769246 0.5769230769230769 0.32692307692307704 0.5769230769230769 0.32692307692307704 0.6129807692307693 0.34855769230769246 0.6129807692307693
0 0.4326923076923078 0.5889423076923077 0.39663461538461553 0.5889423076923077 0.39663461538461553 0.6442307692307693 0.4326923076923078 0.6442307692307693
0 0.40384615384615397 0.6105769230769231 0.3774038461538463 0.6105769230769231 0.3774038461538463 0.6466346153846154 0.40384615384615397 0.6466346153846154
0 0.5456730769230771 0.6466346153846154 0.512019230769231 0.6466346153846154 0.512019230769231 0.6875 0.5456730769230771 0.6875
0 0.1658653846153847 0.5721153846153846 0.13221153846153852 0.5721153846153846 0.13221153846153852 0.6177884615384616 0.1658653846153847 0.6177884615384616
0 0.18028846153846162 0.5865384615384616 0.15144230769230776 0.5865384615384616 0.15144230769230776 0.6274038461538461 0.18028846153846162 0.6274038461538461
0 0.40384615384615397 0.6514423076923077 0.37259615384615397 0.6514423076923077 0.37259615384615397 0.6923076923076923 0.40384615384615397 0.6923076923076923
0 0.5408653846153848 0.6971153846153846 0.5168269230769232 0.6971153846153846 0.5168269230769232 0.7235576923076923 0.5408653846153848 0.7235576923076923
0 0.45432692307692324 0.6826923076923077 0.42788461538461553 0.6826923076923077 0.42788461538461553 0.7235576923076923 0.45432692307692324 0.7235576923076923
0 0.48557692307692324 0.6850961538461539 0.4495192307692309 0.6850961538461539 0.4495192307692309 0.7355769230769231 0.48557692307692324 0.7355769230769231
0 0.4951923076923078 0.7331730769230769 0.46634615384615397 0.7331730769230769 0.46634615384615397 0.7716346153846154 0.4951923076923078 0.7716346153846154
0 0.4375000000000001 0.7524038461538461 0.4086538461538463 0.7524038461538461 0.4086538461538463 0.7932692307692307 0.4375000000000001 0.7932692307692307
0 0.4326923076923078 0.7764423076923077 0.41105769230769246 0.7764423076923077 0.41105769230769246 0.8173076923076923 0.4326923076923078 0.8173076923076923
0 0.14903846153846165 0.7331730769230769 0.12019230769230779 0.7331730769230769 0.12019230769230779 0.7692307692307693 0.14903846153846165 0.7692307692307693
0 0.14182692307692318 0.7644230769230769 0.11298076923076933 0.7644230769230769 0.11298076923076933 0.7980769230769231 0.14182692307692318 0.7980769230769231
0 0.39663461538461553 0.8389423076923077 0.3701923076923078 0.8389423076923077 0.3701923076923078 0.8798076923076923 0.39663461538461553 0.8798076923076923