0 0.6322115384615384 0.3774038461538463 0.6129807692307693 0.3774038461538463 0.6129807692307693 0.39663461538461553 0.6322115384615384 0.39663461538461553
0 0.5168269230769231 0.3629807692307692 0.4879807692307692 0.3629807692307692 0.4879807692307692 0.3870192307692308 0.5168269230769231 0.3870192307692308
0 0.6634615384615384 0.39663461538461553 0.6418269230769231 0.39663461538461553 0.6418269230769231 0.4182692307692309 0.6634615384615384 0.4182692307692309
0 0.5288461538461539 0.3870192307692308 0.5024038461538461 0.3870192307692308 0.5024038461538461 0.4110576923076923 0.5288461538461539 0.4110576923076923
0 0.5841346153846154 0.3990384615384617 0.5625 0.3990384615384617 0.5625 0.42788461538461553 0.5841346153846154 0.42788461538461553
0 0.6514423076923077 0.4375000000000001 0.6322115384615384 0.4375000000000001 0.6322115384615384 0.45913461538461553 0.6514423076923077 0.45913461538461553
0 0.5240384615384616 0.4375 0.5048076923076923 0.4375 0.5048076923076923 0.4543269230769231 0.5240384615384616 0.4543269230769231
0 0.6586538461538461 0.4495192307692309 0.6394230769230769 0.4495192307692309 0.6394230769230769 0.4687500000000001 0.6586538461538461 0.4687500000000001
0 0.5841346153846154 0.45432692307692324 0.5649038461538461 0.45432692307692324 0.5649038461538461 0.4759615384615386 0.5841346153846154 0.4759615384615386
0 0.6634615384615384 0.4567307692307694 0.6418269230769231 0.4567307692307694 0.6418269230769231 0.48317307692307704 0.6634615384615384 0.48317307692307704
0 0.6105769230769231 0.45432692307692324 0.5913461538461539 0.45432692307692324 0.5913461538461539 0.48557692307692324 0.6105769230769231 0.48557692307692324
0 0.5192307692307693 0.46153846153846156 0.5 0.46153846153846156 0.5 0.4807692307692308 0.5192307692307693 0.4807692307692308
0 0.36538461538461536 0.4519230769230769 0.34375 0.4519230769230769 0.34375 0.47836538461538464 0.36538461538461536 0.47836538461538464
0 0.5168269230769231 0.47596153846153844 0.49759615384615385 0.47596153846153844 0.49759615384615385 0.5072115384615384 0.5168269230769231 0.5072115384615384
0 0.4495192307692308 0.47115384615384615 0.43028846153846156 0.47115384615384615 0.43028846153846156 0.4951923076923077 0.4495192307692308 0.4951923076923077
0 0.46634615384615385 0.47596153846153844 0.44711538461538464 0.47596153846153844 0.44711538461538464 0.5024038461538461 0.46634615384615385 0.5024038461538461
0 0.5961538461538461 0.5072115384615385 0.5745192307692307 0.5072115384615385 0.5745192307692307 0.5336538461538463 0.5961538461538461 0.5336538461538463
0 0.5216346153846154 0.5048076923076923 0.5048076923076923 0.5048076923076923 0.5048076923076923 0.5288461538461539 0.5216346153846154 0.5288461538461539
0 0.5432692307692307 0.5096153846153846 0.5216346153846154 0.5096153846153846 0.5216346153846154 0.53125 0.5432692307692307 0.53125
0 0.6634615384615384 0.5240384615384617 0.6418269230769231 0.5240384615384617 0.6418269230769231 0.5504807692307694 0.6634615384615384 0.5504807692307694
0 0.5961538461538461 0.5336538461538463 0.5769230769230769 0.5336538461538463 0.5769230769230769 0.5576923076923078 0.5961538461538461 0.5576923076923078
0 0.5697115384615385 0.5504807692307693 0.5528846153846154 0.5504807692307693 0.5528846153846154 0.5697115384615385 0.5697115384615385 0.5697115384615385
0 0.6442307692307693 0.560096153846154 0.6274038461538461 0.560096153846154 0.6274038461538461 0.5817307692307694 0.6442307692307693 0.5817307692307694
0 0.483173076923077 0.5408653846153846 0.46153846153846156 0.5408653846153846 0.4615384615384616 0.5673076923076923 0.48317307692307704 0.5673076923076923
0 0.5985576923076924 0.560096153846154 0.5793269230769232 0.560096153846154 0.5793269230769232 0.5817307692307694 0.5985576923076924 0.5817307692307694
0 0.3317307692307692 0.5240384615384616 0.31009615384615385 0.5240384615384616 0.31009615384615385 0.5552884615384616 0.3317307692307692 0.5552884615384616
0 0.46394230769230776 0.5480769230769231 0.44711538461538464 0.5480769230769231 0.4471153846153847 0.5769230769230769 0.4639423076923078 0.5769230769230769
0 0.48557692307692324 0.5600961538461539 0.46634615384615397 0.5600961538461539 0.46634615384615397 0.5841346153846154 0.48557692307692324 0.5841346153846154
0 0.5312500000000001 0.5721153846153846 0.5144230769230771 0.5721153846153846 0.5144230769230771 0.59375 0.5312500000000001 0.59375
0 0.4567307692307694 0.5865384615384616 0.43509615384615397 0.5865384615384616 0.43509615384615397 0.6057692307692307 0.4567307692307694 0.6057692307692307
0 0.5793269230769232 0.6009615384615385 0.5576923076923078 0.6009615384615384 0.5576923076923078 0.6298076923076923 0.5793269230769232 0.6298076923076923
0 0.5937500000000001 0.6177884615384616 0.574519230769231 0.6177884615384616 0.574519230769231 0.6490384615384616 0.5937500000000001 0.6490384615384616
0 0.43509615384615397 0.6009615384615384 0.4134615384615386 0.6009615384615384 0.4134615384615386 0.6298076923076923 0.43509615384615397 0.6298076923076923
0 0.6802884615384616 0.6418269230769231 0.6586538461538461 0.6418269230769231 0.6586538461538461 0.6658653846153846 0.6802884615384616 0.6658653846153846
0 0.5528846153846155 0.625 0.5264423076923078 0.625 0.5264423076923078 0.6538461538461539 0.5528846153846155 0.6538461538461539
0 0.5793269230769232 0.6322115384615384 0.5576923076923078 0.6322115384615384 0.5576923076923078 0.6538461538461539 0.5793269230769232 0.6538461538461539
0 0.4951923076923078 0.6418269230769231 0.4759615384615386 0.6418269230769231 0.4759615384615386 0.6586538461538461 0.4951923076923078 0.6586538461538461
0 0.4302884615384617 0.6586538461538461 0.41105769230769246 0.6586538461538461 0.41105769230769246 0.6754807692307693 0.4302884615384617 0.6754807692307693
0 0.512019230769231 0.6730769230769231 0.4927884615384617 0.6730769230769231 0.4927884615384617 0.6971153846153846 0.512019230769231 0.6971153846153846
0 0.5024038461538463 0.6947115384615384 0.48557692307692324 0.6947115384615384 0.48557692307692324 0.7139423076923077 0.5024038461538463 0.7139423076923077
0 0.4879807692307694 0.6947115384615384 0.47355769230769246 0.6947115384615384 0.47355769230769246 0.7091346153846154 0.4879807692307694 0.7091346153846154
0 0.47355769230769246 0.7043269230769231 0.45432692307692324 0.7043269230769231 0.45432692307692324 0.7211538461538461 0.47355769230769246 0.7211538461538461