0 0.20432692307692316 0.5673076923076923 0.16346153846153852 0.5673076923076923 0.16346153846153852 0.6009615384615384 0.20432692307692316 0.6009615384615384
0 0.2740384615384616 0.625 0.23317307692307698 0.625 0.23317307692307698 0.6586538461538461 0.2740384615384616 0.6586538461538461
0 0.2692307692307693 0.5769230769230769 0.2163461538461539 0.5769230769230769 0.2163461538461539 0.6153846153846154 0.2692307692307693 0.6153846153846154
0 0.25000000000000006 0.46153846153846156 0.20432692307692316 0.46153846153846156 0.20432692307692316 0.49278846153846156 0.25000000000000006 0.49278846153846156
0 0.3028846153846155 0.625 0.264423076923077 0.625 0.264423076923077 0.6586538461538461 0.3028846153846155 0.6586538461538461
0 0.2692307692307693 0.4951923076923077 0.2283653846153847 0.4951923076923077 0.2283653846153847 0.5384615384615384 0.2692307692307693 0.5384615384615384
0 0.29326923076923084 0.5480769230769231 0.264423076923077 0.5480769230769231 0.264423076923077 0.5769230769230769 0.29326923076923084 0.5769230769230769
0 0.3629807692307694 0.6634615384615384 0.32692307692307704 0.6634615384615384 0.32692307692307704 0.6923076923076923 0.3629807692307694 0.6923076923076923
0 0.3173076923076923 0.5120192307692307 0.27644230769230776 0.5120192307692307 0.27644230769230776 0.5408653846153846 0.3173076923076923 0.5408653846153846
0 0.3004807692307693 0.4423076923076923 0.264423076923077 0.4423076923076923 0.264423076923077 0.47115384615384615 0.3004807692307693 0.47115384615384615
0 0.3317307692307692 0.5288461538461539 0.2908653846153847 0.5288461538461539 0.2908653846153847 0.5528846153846154 0.3317307692307692 0.5528846153846154
0 0.3750000000000001 0.6370192307692307 0.3389423076923078 0.6370192307692307 0.3389423076923078 0.6658653846153846 0.3750000000000001 0.6658653846153846
0 0.05288461538461545 0.47115384615384615 5.769970495982722e-17 0.47115384615384615 6.270427120634284e-17 0.5528846153846154 0.052884615384615453 0.5528846153846154
0 0.37259615384615397 0.5625 0.3365384615384617 0.5625 0.3365384615384617 0.5913461538461539 0.37259615384615397 0.5913461538461539
0 0.34375 0.47836538461538464 0.3125 0.47836538461538464 0.3125 0.49759615384615385 0.34375 0.49759615384615385
0 0.42788461538461553 0.6490384615384616 0.38942307692307704 0.6490384615384616 0.38942307692307704 0.6875 0.42788461538461553 0.6875
0 0.42307692307692324 0.6201923076923077 0.37980769230769246 0.6201923076923077 0.37980769230769246 0.6514423076923077 0.42307692307692324 0.6514423076923077
0 0.4182692307692309 0.6081730769230769 0.3870192307692309 0.6081730769230769 0.3870192307692309 0.6322115384615384 0.4182692307692309 0.6322115384615384
0 0.3269230769230769 0.3173076923076923 0.29326923076923084 0.3173076923076923 0.29326923076923084 0.34375 0.3269230769230769 0.34375
0 0.38221153846153844 0.4519230769230769 0.34615384615384615 0.4519230769230769 0.34615384615384615 0.4807692307692308 0.38221153846153844 0.4807692307692308
0 0.4567307692307694 0.6370192307692307 0.42067307692307704 0.6370192307692307 0.42067307692307704 0.6634615384615384 0.4567307692307694 0.6634615384615384
0 0.4495192307692309 0.6057692307692307 0.41586538461538475 0.6057692307692307 0.41586538461538475 0.6298076923076923 0.4495192307692309 0.6298076923076923
0 0.36778846153846156 0.3581730769230769 0.33413461538461536 0.3581730769230769 0.33413461538461536 0.3870192307692308 0.36778846153846156 0.3870192307692308
0 0.39903846153846156 0.43990384615384615 0.36778846153846156 0.43990384615384615 0.36778846153846156 0.46634615384615385 0.39903846153846156 0.46634615384615385
0 0.4615384615384616 0.5528846153846154 0.42788461538461536 0.5528846153846154 0.4278846153846155 0.5769230769230769 0.4615384615384617 0.5769230769230769
0 0.5024038461538463 0.6442307692307693 0.4639423076923078 0.6442307692307693 0.4639423076923078 0.6706730769230769 0.5024038461538463 0.6706730769230769
0 0.47836538461538475 0.5769230769230769 0.44711538461538475 0.5769230769230769 0.44711538461538475 0.6009615384615384 0.47836538461538475 0.6009615384615384
0 0.4543269230769231 0.4951923076923077 0.4182692307692308 0.4951923076923077 0.4182692307692308 0.5240384615384616 0.4543269230769231 0.5240384615384616
0 0.4711538461538462 0.5408653846153846 0.4423076923076923 0.5408653846153846 0.4423076923076924 0.5673076923076923 0.4711538461538463 0.5673076923076923
0 0.47115384615384615 0.49278846153846156 0.4326923076923077 0.49278846153846156 0.4326923076923077 0.5264423076923077 0.47115384615384615 0.5264423076923077
0 0.4230769230769231 0.3485576923076923 0.3870192307692308 0.3485576923076923 0.3870192307692308 0.3894230769230769 0.4230769230769231 0.3894230769230769
0 0.46153846153846156 0.43990384615384615 0.4326923076923077 0.43990384615384615 0.4326923076923077 0.46153846153846156 0.46153846153846156 0.46153846153846156
0 0.5240384615384616 0.53125 0.4879807692307692 0.53125 0.4879807692307693 0.5600961538461539 0.5240384615384617 0.5600961538461539
0 0.560096153846154 0.5697115384615385 0.5264423076923078 0.5697115384615384 0.5264423076923078 0.5961538461538463 0.560096153846154 0.5961538461538463
0 0.5721153846153848 0.591346153846154 0.5360576923076924 0.5913461538461539 0.5360576923076924 0.6153846153846154 0.5721153846153848 0.6153846153846154
0 0.6201923076923077 0.65625 0.5841346153846155 0.65625 0.5841346153846155 0.6802884615384616 0.6201923076923077 0.6802884615384616
0 0.5264423076923077 0.375 0.49038461538461536 0.375 0.49038461538461536 0.40625 0.5264423076923077 0.40625
0 0.6177884615384616 0.574519230769231 0.5793269230769232 0.574519230769231 0.5793269230769232 0.6033653846153848 0.6177884615384616 0.6033653846153848
0 0.6442307692307693 0.6129807692307694 0.6081730769230771 0.6129807692307694 0.6081730769230771 0.6394230769230769 0.6442307692307693 0.6394230769230769
0 0.7163461538461539 0.6923076923076923 0.6802884615384616 0.6923076923076923 0.6802884615384616 0.7259615384615384 0.7163461538461539 0.7259615384615384
0 0.6778846153846154 0.4134615384615386 0.6442307692307693 0.4134615384615386 0.6442307692307693 0.44230769230769246 0.6778846153846154 0.44230769230769246