0 0.42788461538461536 0.44471153846153844 0.41586538461538464 0.44471153846153844 0.41586538461538464 0.4639423076923077 0.42788461538461536 0.4639423076923077
0 0.38461538461538464 0.5216346153846154 0.36778846153846156 0.5216346153846154 0.36778846153846156 0.5432692307692307 0.38461538461538464 0.5432692307692307
0 0.5168269230769231 0.5336538461538461 0.5072115384615384 0.5336538461538461 0.5072115384615384 0.5456730769230769 0.5168269230769231 0.5456730769230769
0 0.39182692307692313 0.5432692307692307 0.3798076923076923 0.5432692307692307 0.3798076923076924 0.5745192307692307 0.39182692307692324 0.5745192307692307
0 0.3701923076923078 0.5697115384615384 0.35817307692307704 0.5697115384615384 0.35817307692307704 0.5793269230769231 0.3701923076923078 0.5793269230769231
0 0.42067307692307704 0.5745192307692307 0.41105769230769246 0.5745192307692307 0.41105769230769246 0.5865384615384616 0.42067307692307704 0.5865384615384616
0 0.3317307692307694 0.5769230769230769 0.31730769230769246 0.5769230769230769 0.31730769230769246 0.5889423076923077 0.3317307692307694 0.5889423076923077
0 0.36538461538461553 0.5865384615384616 0.3557692307692309 0.5865384615384616 0.3557692307692309 0.6009615384615384 0.36538461538461553 0.6009615384615384
0 0.4639423076923078 0.5817307692307693 0.4495192307692309 0.5817307692307693 0.4495192307692309 0.6081730769230769 0.4639423076923078 0.6081730769230769
0 0.4182692307692309 0.5913461538461539 0.4062500000000001 0.5913461538461539 0.4062500000000001 0.6177884615384616 0.4182692307692309 0.6177884615384616
0 0.5072115384615385 0.6081730769230769 0.4951923076923078 0.6081730769230769 0.4951923076923078 0.6298076923076923 0.5072115384615385 0.6298076923076923
0 0.3774038461538463 0.6081730769230769 0.36538461538461553 0.6081730769230769 0.36538461538461553 0.6346153846153846 0.3774038461538463 0.6346153846153846
0 0.3197115384615386 0.6153846153846154 0.3076923076923078 0.6153846153846154 0.3076923076923078 0.6298076923076923 0.3197115384615386 0.6298076923076923
0 0.5168269230769232 0.6201923076923077 0.5072115384615385 0.6201923076923077 0.5072115384615385 0.6394230769230769 0.5168269230769232 0.6394230769230769
0 0.3437500000000001 0.6298076923076923 0.32692307692307704 0.6298076923076923 0.32692307692307704 0.6514423076923077 0.3437500000000001 0.6514423076923077
0 0.4086538461538463 0.6322115384615384 0.3942307692307694 0.6322115384615384 0.3942307692307694 0.6514423076923077 0.4086538461538463 0.6514423076923077
0 0.40384615384615397 0.6418269230769231 0.3942307692307694 0.6418269230769231 0.3942307692307694 0.65625 0.40384615384615397 0.65625
0 0.35817307692307704 0.6610576923076923 0.3437500000000001 0.6610576923076923 0.3437500000000001 0.6826923076923077 0.35817307692307704 0.6826923076923077
0 0.4447115384615386 0.6634615384615384 0.4326923076923078 0.6634615384615384 0.4326923076923078 0.6875 0.4447115384615386 0.6875
0 0.4254807692307694 0.6754807692307693 0.41586538461538475 0.6754807692307693 0.41586538461538475 0.6947115384615384 0.4254807692307694 0.6947115384615384
0 0.3870192307692309 0.6730769230769231 0.3750000000000001 0.6730769230769231 0.3750000000000001 0.6995192307692307 0.3870192307692309 0.6995192307692307
0 0.35817307692307704 0.6802884615384616 0.34855769230769246 0.6802884615384616 0.34855769230769246 0.6947115384615384 0.35817307692307704 0.6947115384615384
0 0.47836538461538475 0.6802884615384616 0.4687500000000001 0.6802884615384616 0.4687500000000001 0.7019230769230769 0.47836538461538475 0.7019230769230769
0 0.4086538461538463 0.6826923076923077 0.39663461538461553 0.6826923076923077 0.39663461538461553 0.7091346153846154 0.4086538461538463 0.7091346153846154
0 0.4951923076923078 0.6875 0.48317307692307704 0.6875 0.48317307692307704 0.7067307692307693 0.4951923076923078 0.7067307692307693
0 0.4447115384615386 0.6899038461538461 0.4302884615384617 0.6899038461538461 0.4302884615384617 0.7091346153846154 0.4447115384615386 0.7091346153846154
0 0.512019230769231 0.6995192307692307 0.5024038461538463 0.6995192307692307 0.5024038461538463 0.7139423076923077 0.512019230769231 0.7139423076923077
0 0.38461538461538475 0.6995192307692307 0.37259615384615397 0.6995192307692307 0.37259615384615397 0.7211538461538461 0.38461538461538475 0.7211538461538461
0 0.39663461538461553 0.6971153846153846 0.3870192307692309 0.6971153846153846 0.3870192307692309 0.7211538461538461 0.39663461538461553 0.7211538461538461
0 0.3629807692307694 0.7115384615384616 0.3509615384615386 0.7115384615384616 0.3509615384615386 0.7331730769230769 0.3629807692307694 0.7331730769230769
0 0.42788461538461553 0.7235576923076923 0.41586538461538475 0.7235576923076923 0.41586538461538475 0.7379807692307693 0.42788461538461553 0.7379807692307693
0 0.47355769230769246 0.7259615384615384 0.4615384615384617 0.7259615384615384 0.4615384615384617 0.7451923076923077 0.47355769230769246 0.7451923076923077
0 0.4062500000000001 0.7379807692307693 0.39663461538461553 0.7379807692307693 0.39663461538461553 0.7524038461538461 0.4062500000000001 0.7524038461538461
0 0.4254807692307694 0.7403846153846154 0.4134615384615386 0.7403846153846154 0.4134615384615386 0.7524038461538461 0.4254807692307694 0.7524038461538461
0 0.4254807692307694 0.7620192307692307 0.41105769230769246 0.7620192307692307 0.41105769230769246 0.78125 0.4254807692307694 0.78125
0 0.8677884615384616 0.48317307692307704 0.8413461538461539 0.48317307692307704 0.8413461538461539 0.5264423076923078 0.8677884615384616 0.5264423076923078