0 0.5096153846153848 0.8822115384615384 0.41586538461538475 0.8822115384615384 0.41586538461538475 1 0.5096153846153848 1
0 0.6346153846153846 0.028846153846153917 0.5264423076923077 0.028846153846153914 0.5264423076923077 0.2067307692307693 0.6346153846153846 0.2067307692307693
0 0.5889423076923077 0.0817307692307693 0.5072115384615384 0.0817307692307693 0.5072115384615384 0.2067307692307693 0.5889423076923077 0.2067307692307693
0 0.6875 0.09375000000000007 0.5985576923076923 0.09375000000000007 0.5985576923076923 0.22596153846153852 0.6875 0.22596153846153852
0 0.5216346153846154 0.11057692307692313 0.4182692307692308 0.11057692307692311 0.4182692307692308 0.2548076923076924 0.5216346153846154 0.2548076923076924
0 0.21394230769230768 0.09375000000000001 0.11057692307692307 0.09375 0.1105769230769231 0.25961538461538464 0.21394230769230768 0.25961538461538464
0 0.8605769230769231 0.1826923076923078 0.7403846153846154 0.18269230769230776 0.7403846153846154 0.3629807692307694 0.8605769230769231 0.3629807692307694
0 0.9975961538461539 0.26682692307692324 0.8990384615384616 0.26682692307692324 0.8990384615384616 0.42788461538461553 0.9975961538461539 0.42788461538461553
0 0.4206730769230769 0.21875000000000006 0.3317307692307692 0.21875000000000006 0.3317307692307692 0.3581730769230769 0.4206730769230769 0.3581730769230769
0 0.6995192307692307 0.295673076923077 0.6105769230769231 0.295673076923077 0.6105769230769231 0.4086538461538463 0.6995192307692307 0.4086538461538463
0 0.3317307692307692 0.009615384615384654 0.2668269230769231 0.009615384615384649 0.2668269230769231 0.05528846153846157 0.3317307692307692 0.05528846153846157
0 0.7860576923076923 0.021634615384615474 0.7139423076923077 0.02163461538461547 0.7139423076923077 0.11298076923076933 0.7860576923076923 0.11298076923076933
0 0.8485576923076923 0.4014423076923078 0.7596153846153846 0.4014423076923078 0.7596153846153846 0.5072115384615385 0.8485576923076923 0.5072115384615385
0 0.6370192307692307 0.37019230769230776 0.5504807692307693 0.3701923076923077 0.5504807692307693 0.48076923076923084 0.6370192307692307 0.4807692307692309
0 0.24759615384615385 0.014423076923076946 0.15384615384615385 0.01442307692307694 0.15384615384615385 0.09134615384615388 0.24759615384615385 0.09134615384615388
0 0.2908653846153847 0.5 0.20192307692307698 0.5 0.20192307692307698 0.625 0.2908653846153847 0.625
0 0.3894230769230769 0.00480769230769235 0.3004807692307692 0.004807692307692344 0.3004807692307692 0.10336538461538465 0.3894230769230769 0.10336538461538465
0 0.9855769230769231 0.0480769230769232 0.9326923076923077 0.0480769230769232 0.9326923076923077 0.17788461538461553 0.9855769230769231 0.17788461538461553
0 0.605769230769231 0.5721153846153847 0.5168269230769232 0.5721153846153846 0.5168269230769232 0.7307692307692307 0.605769230769231 0.7307692307692307
0 0.6634615384615384 0.6057692307692308 0.5456730769230771 0.6057692307692307 0.5456730769230771 0.7692307692307693 0.6634615384615384 0.7692307692307693
0 0.5216346153846154 0.024038461538461595 0.43990384615384615 0.02403846153846159 0.43990384615384615 0.13221153846153852 0.5216346153846154 0.13221153846153852
0 0.5480769230769232 0.7620192307692307 0.45432692307692324 0.7620192307692307 0.45432692307692324 0.8774038461538461 0.5480769230769232 0.8774038461538461
0 0.6514423076923077 0.7740384615384616 0.5649038461538463 0.7740384615384616 0.5649038461538463 0.8918269230769231 0.6514423076923077 0.8918269230769231
0 0.8052884615384616 0.8028846153846154 0.6995192307692307 0.8028846153846154 0.6995192307692307 0.9567307692307693 0.8052884615384616 0.9567307692307693
0 0.5769230769230771 0.8485576923076923 0.48317307692307704 0.8485576923076923 0.48317307692307704 0.9807692307692307 0.5769230769230771 0.9807692307692307
0 0.8822115384615384 0.8701923076923077 0.7836538461538461 0.8701923076923077 0.7836538461538461 0.9855769230769231 0.8822115384615384 0.9855769230769231