0 0.5024038461538463 0.9110576923076923 0.47355769230769246 0.9110576923076923 0.47355769230769246 0.9519230769230769 0.5024038461538463 0.9519230769230769
0 0.71875 0.2283653846153847 0.6947115384615384 0.2283653846153847 0.6947115384615384 0.25721153846153855 0.71875 0.25721153846153855
0 0.7331730769230769 0.25721153846153855 0.7019230769230769 0.25721153846153855 0.7019230769230769 0.3004807692307693 0.7331730769230769 0.3004807692307693
0 0.6466346153846154 0.2692307692307693 0.6225961538461539 0.2692307692307693 0.6225961538461539 0.31009615384615397 0.6466346153846154 0.31009615384615397
0 0.84375 0.3389423076923078 0.8197115384615384 0.3389423076923078 0.8197115384615384 0.3750000000000001 0.84375 0.3750000000000001
0 0.6538461538461539 0.33413461538461553 0.6298076923076923 0.33413461538461553 0.6298076923076923 0.36538461538461553 0.6538461538461539 0.36538461538461553
0 0.6129807692307693 0.3365384615384617 0.5817307692307693 0.3365384615384617 0.5817307692307693 0.3774038461538463 0.6129807692307693 0.3774038461538463
0 0.5048076923076923 0.3173076923076923 0.47115384615384615 0.3173076923076923 0.47115384615384615 0.3581730769230769 0.5048076923076923 0.3581730769230769
0 0.7139423076923077 0.3701923076923078 0.6850961538461539 0.3701923076923078 0.6850961538461539 0.4182692307692309 0.7139423076923077 0.4182692307692309
0 0.6418269230769231 0.3701923076923078 0.6177884615384616 0.3701923076923078 0.6177884615384616 0.4134615384615386 0.6418269230769231 0.4134615384615386
0 0.7403846153846154 0.4062500000000001 0.7115384615384616 0.4062500000000001 0.7115384615384616 0.44230769230769246 0.7403846153846154 0.44230769230769246
0 0.5480769230769231 0.38221153846153844 0.5216346153846154 0.38221153846153844 0.5216346153846154 0.4206730769230769 0.5480769230769231 0.4206730769230769
0 0.6105769230769231 0.4014423076923078 0.5793269230769231 0.4014423076923078 0.5793269230769231 0.44230769230769246 0.6105769230769231 0.44230769230769246
0 0.47115384615384615 0.38461538461538464 0.44471153846153844 0.38461538461538464 0.44471153846153844 0.4326923076923077 0.47115384615384615 0.4326923076923077
0 0.4951923076923077 0.43028846153846156 0.46875 0.43028846153846156 0.46875 0.46875 0.4951923076923077 0.46875
0 0.43028846153846156 0.4182692307692308 0.39903846153846156 0.4182692307692308 0.39903846153846156 0.4567307692307692 0.43028846153846156 0.4567307692307692
0 0.45913461538461536 0.43509615384615385 0.42788461538461536 0.43509615384615385 0.42788461538461536 0.47836538461538464 0.45913461538461536 0.47836538461538464
0 0.5264423076923077 0.4567307692307692 0.5 0.4567307692307692 0.5 0.4951923076923077 0.5264423076923077 0.4951923076923077
0 0.6658653846153846 0.4951923076923078 0.6418269230769231 0.4951923076923078 0.6418269230769231 0.5408653846153848 0.6658653846153846 0.5408653846153848
0 0.6850961538461539 0.5144230769230771 0.6538461538461539 0.5144230769230771 0.6538461538461539 0.5504807692307694 0.6850961538461539 0.5504807692307694
0 0.41346153846153844 0.47596153846153844 0.3942307692307692 0.47596153846153844 0.3942307692307692 0.5024038461538461 0.41346153846153844 0.5024038461538461
0 0.5072115384615384 0.49759615384615385 0.47836538461538464 0.49759615384615385 0.47836538461538464 0.53125 0.5072115384615384 0.53125
0 0.7115384615384616 0.5384615384615385 0.6850961538461539 0.5384615384615385 0.6850961538461539 0.5793269230769232 0.7115384615384616 0.5793269230769232
0 0.4326923076923077 0.4855769230769231 0.40625 0.4855769230769231 0.40625 0.5288461538461539 0.4326923076923077 0.5288461538461539
0 0.545673076923077 0.5336538461538461 0.5144230769230769 0.5336538461538461 0.514423076923077 0.5793269230769231 0.5456730769230771 0.5793269230769231
0 0.6274038461538461 0.6129807692307694 0.6081730769230771 0.6129807692307694 0.6081730769230771 0.6394230769230769 0.6274038461538461 0.6394230769230769
0 0.41105769230769246 0.5721153846153846 0.3870192307692309 0.5721153846153846 0.3870192307692309 0.6033653846153846 0.41105769230769246 0.6033653846153846
0 0.4375000000000001 0.5793269230769231 0.4014423076923078 0.5793269230769231 0.4014423076923078 0.6274038461538461 0.4375000000000001 0.6274038461538461
0 0.6225961538461539 0.6370192307692307 0.6033653846153848 0.6370192307692307 0.6033653846153848 0.6682692307692307 0.6225961538461539 0.6682692307692307
0 0.5456730769230771 0.6153846153846154 0.5144230769230771 0.6153846153846154 0.5144230769230771 0.6658653846153846 0.5456730769230771 0.6658653846153846
0 0.5625000000000001 0.6418269230769231 0.5384615384615385 0.6418269230769231 0.5384615384615385 0.6802884615384616 0.5625000000000001 0.6802884615384616
0 0.42307692307692324 0.6201923076923077 0.39182692307692324 0.6201923076923077 0.39182692307692324 0.6610576923076923 0.42307692307692324 0.6610576923076923
0 0.7980769230769231 0.7067307692307693 0.7716346153846154 0.7067307692307693 0.7716346153846154 0.7475961538461539 0.7980769230769231 0.7475961538461539
0 0.7764423076923077 0.7139423076923077 0.7475961538461539 0.7139423076923077 0.7475961538461539 0.7548076923076923 0.7764423076923077 0.7548076923076923
0 0.5456730769230771 0.6826923076923077 0.5192307692307694 0.6826923076923077 0.5192307692307694 0.7211538461538461 0.5456730769230771 0.7211538461538461
0 0.3990384615384617 0.6682692307692307 0.37980769230769246 0.6682692307692307 0.37980769230769246 0.6923076923076923 0.3990384615384617 0.6923076923076923
0 0.4807692307692309 0.6923076923076923 0.4615384615384617 0.6923076923076923 0.4615384615384617 0.7283653846153846 0.4807692307692309 0.7283653846153846
0 0.4615384615384617 0.6802884615384616 0.4302884615384617 0.6802884615384616 0.4302884615384617 0.7283653846153846 0.4615384615384617 0.7283653846153846
0 0.4302884615384617 0.71875 0.4014423076923078 0.71875 0.4014423076923078 0.7572115384615384 0.4302884615384617 0.7572115384615384
0 0.47355769230769246 0.7620192307692307 0.44711538461538475 0.7620192307692307 0.44711538461538475 0.7980769230769231 0.47355769230769246 0.7980769230769231
0 0.4639423076923078 0.7836538461538461 0.4399038461538463 0.7836538461538461 0.4399038461538463 0.8221153846153846 0.4639423076923078 0.8221153846153846
0 0.7451923076923077 0.8605769230769231 0.71875 0.8605769230769231 0.71875 0.8918269230769231 0.7451923076923077 0.8918269230769231
0 0.7403846153846154 0.8894230769230769 0.7139423076923077 0.8894230769230769 0.7139423076923077 0.9254807692307693 0.7403846153846154 0.9254807692307693
0 0.47355769230769246 0.8557692307692307 0.45192307692307704 0.8557692307692307 0.45192307692307704 0.8918269230769231 0.47355769230769246 0.8918269230769231