0 0.24278846153846154 0.11538461538461542 0.20192307692307693 0.11538461538461542 0.20192307692307693 0.21875 0.24278846153846154 0.21875
0 0.6274038461538461 0.17788461538461545 0.5889423076923077 0.17788461538461545 0.5889423076923077 0.26201923076923084 0.6274038461538461 0.26201923076923084
0 0.8557692307692307 0.24759615384615394 0.8173076923076923 0.2475961538461539 0.8173076923076923 0.31009615384615397 0.8557692307692307 0.31009615384615397
0 0.7884615384615384 0.21875000000000006 0.7572115384615384 0.21875000000000006 0.7572115384615384 0.33413461538461553 0.7884615384615384 0.33413461538461553
0 0.8052884615384616 0.24278846153846162 0.7692307692307693 0.24278846153846162 0.7692307692307693 0.33413461538461553 0.8052884615384616 0.33413461538461553
0 0.9182692307692307 0.32932692307692324 0.8846153846153846 0.32932692307692324 0.8846153846153846 0.4014423076923078 0.9182692307692307 0.4014423076923078
0 0.44471153846153844 0.31009615384615385 0.40625 0.31009615384615385 0.40625 0.39663461538461536 0.44471153846153844 0.39663461538461536
0 0.875 0.3509615384615386 0.8341346153846154 0.3509615384615386 0.8341346153846154 0.4447115384615386 0.875 0.4447115384615386
0 0.9350961538461539 0.3629807692307694 0.8990384615384616 0.3629807692307694 0.8990384615384616 0.4615384615384617 0.9350961538461539 0.4615384615384617
0 0.7596153846153846 0.36057692307692324 0.71875 0.36057692307692324 0.71875 0.4375000000000001 0.7596153846153846 0.4375000000000001
0 0.3557692307692308 0.34375 0.31971153846153844 0.34375 0.31971153846153844 0.41586538461538464 0.3557692307692308 0.41586538461538464
0 0.8990384615384616 0.41105769230769246 0.8629807692307693 0.41105769230769246 0.8629807692307693 0.4927884615384617 0.8990384615384616 0.4927884615384617
0 0.7427884615384616 0.4086538461538463 0.7067307692307693 0.4086538461538463 0.7067307692307693 0.4879807692307694 0.7427884615384616 0.4879807692307694
0 0.7788461538461539 0.4447115384615386 0.75 0.4447115384615386 0.75 0.528846153846154 0.7788461538461539 0.528846153846154
0 0.8990384615384616 0.4687500000000001 0.8605769230769231 0.4687500000000001 0.8605769230769231 0.5528846153846155 0.8990384615384616 0.5528846153846155
0 0.7980769230769231 0.4759615384615386 0.7668269230769231 0.4759615384615386 0.7668269230769231 0.5697115384615385 0.7980769230769231 0.5697115384615385
0 0.6706730769230769 0.46634615384615397 0.6370192307692307 0.46634615384615397 0.6370192307692307 0.560096153846154 0.6706730769230769 0.560096153846154
0 0.591346153846154 0.4879807692307693 0.5504807692307693 0.4879807692307692 0.5504807692307693 0.5673076923076924 0.591346153846154 0.5673076923076924
0 0.7043269230769231 0.512019230769231 0.6634615384615384 0.512019230769231 0.6634615384615384 0.5937500000000001 0.7043269230769231 0.5937500000000001
0 0.8990384615384616 0.5793269230769232 0.8629807692307693 0.5793269230769232 0.8629807692307693 0.6466346153846154 0.8990384615384616 0.6466346153846154
0 0.7524038461538461 0.5528846153846155 0.7139423076923077 0.5528846153846155 0.7139423076923077 0.6466346153846154 0.7524038461538461 0.6466346153846154
0 0.8725961538461539 0.574519230769231 0.8365384615384616 0.574519230769231 0.8365384615384616 0.6802884615384616 0.8725961538461539 0.6802884615384616
0 0.7716346153846154 0.5889423076923078 0.7403846153846154 0.5889423076923078 0.7403846153846154 0.6610576923076923 0.7716346153846154 0.6610576923076923
0 0.8509615384615384 0.6009615384615385 0.8173076923076923 0.6009615384615385 0.8173076923076923 0.6947115384615384 0.8509615384615384 0.6947115384615384
0 0.9639423076923077 0.6177884615384616 0.9326923076923077 0.6177884615384616 0.9326923076923077 0.6995192307692307 0.9639423076923077 0.6995192307692307
0 0.6802884615384616 0.6177884615384616 0.6490384615384616 0.6177884615384616 0.6490384615384616 0.7091346153846154 0.6802884615384616 0.7091346153846154
0 0.8990384615384616 0.6634615384615384 0.8653846153846154 0.6634615384615384 0.8653846153846154 0.75 0.8990384615384616 0.75
0 0.6466346153846154 0.65625 0.605769230769231 0.65625 0.605769230769231 0.7235576923076923 0.6466346153846154 0.7235576923076923
0 0.7163461538461539 0.6634615384615384 0.6778846153846154 0.6634615384615384 0.6778846153846154 0.7524038461538461 0.7163461538461539 0.7524038461538461
0 0.8701923076923077 0.8004807692307693 0.8365384615384616 0.8004807692307693 0.8365384615384616 0.8725961538461539 0.8701923076923077 0.8725961538461539
0 0.8004807692307693 0.8028846153846154 0.7644230769230769 0.8028846153846154 0.7644230769230769 0.8846153846153846 0.8004807692307693 0.8846153846153846
0 0.7620192307692307 0.8269230769230769 0.7259615384615384 0.8269230769230769 0.7259615384615384 0.9014423076923077 0.7620192307692307 0.9014423076923077
0 0.6923076923076923 0.8846153846153846 0.6538461538461539 0.8846153846153846 0.6538461538461539 0.9543269230769231 0.6923076923076923 0.9543269230769231