0 0.6322115384615384 0.2067307692307693 0.6081730769230769 0.2067307692307693 0.6081730769230769 0.2379807692307693 0.6322115384615384 0.2379807692307693
0 0.5865384615384616 0.2524038461538462 0.5600961538461539 0.2524038461538462 0.5600961538461539 0.2788461538461539 0.5865384615384616 0.2788461538461539
0 0.5240384615384616 0.29807692307692313 0.5 0.29807692307692313 0.5 0.3269230769230769 0.5240384615384616 0.3269230769230769
0 0.18028846153846162 0.3629807692307692 0.15865384615384623 0.3629807692307692 0.15865384615384623 0.3870192307692308 0.18028846153846162 0.3870192307692308
0 0.4639423076923077 0.34134615384615385 0.4375 0.34134615384615385 0.4375 0.37740384615384615 0.4639423076923077 0.37740384615384615
0 0.26682692307692313 0.37740384615384615 0.24278846153846162 0.37740384615384615 0.24278846153846162 0.40625 0.26682692307692313 0.40625
0 0.46875 0.36538461538461536 0.4519230769230769 0.36538461538461536 0.4519230769230769 0.38461538461538464 0.46875 0.38461538461538464
0 0.6033653846153846 0.3437500000000001 0.5745192307692307 0.3437500000000001 0.5745192307692307 0.3774038461538463 0.6033653846153846 0.3774038461538463
0 0.3076923076923077 0.40384615384615385 0.2860576923076924 0.40384615384615385 0.2860576923076924 0.43028846153846156 0.3076923076923077 0.43028846153846156
0 0.5889423076923077 0.36057692307692324 0.5649038461538461 0.36057692307692324 0.5649038461538461 0.38461538461538475 0.5889423076923077 0.38461538461538475
0 0.4567307692307692 0.3894230769230769 0.4326923076923077 0.3894230769230769 0.4326923076923077 0.41586538461538464 0.4567307692307692 0.41586538461538464
0 0.34134615384615385 0.4110576923076923 0.31009615384615385 0.4110576923076923 0.31009615384615385 0.44711538461538464 0.34134615384615385 0.44711538461538464
0 0.5697115384615384 0.37500000000000006 0.5432692307692307 0.375 0.5432692307692307 0.40144230769230776 0.5697115384615384 0.4014423076923078
0 0.5504807692307693 0.37740384615384615 0.5240384615384616 0.37740384615384615 0.5240384615384616 0.40625 0.5504807692307693 0.40625
0 0.4807692307692308 0.40865384615384615 0.4519230769230769 0.40865384615384615 0.4519230769230769 0.4423076923076923 0.4807692307692308 0.4423076923076923
0 0.6177884615384616 0.39663461538461553 0.5913461538461539 0.39663461538461553 0.5913461538461539 0.4254807692307694 0.6177884615384616 0.4254807692307694
0 0.5913461538461539 0.4014423076923078 0.5673076923076923 0.4014423076923078 0.5673076923076923 0.4302884615384617 0.5913461538461539 0.4302884615384617
0 0.5721153846153846 0.4038461538461539 0.5432692307692307 0.40384615384615385 0.5432692307692307 0.4350961538461539 0.5721153846153846 0.43509615384615397
0 0.5721153846153846 0.4350961538461539 0.5456730769230769 0.43509615384615385 0.5456730769230769 0.4711538461538462 0.5721153846153846 0.4711538461538463
0 0.18269230769230776 0.5120192307692307 0.15625000000000006 0.5120192307692307 0.15625000000000006 0.5384615384615384 0.18269230769230776 0.5384615384615384
0 0.6033653846153846 0.4399038461538463 0.5745192307692307 0.4399038461538463 0.5745192307692307 0.4711538461538463 0.6033653846153846 0.4711538461538463
0 0.5528846153846154 0.4519230769230769 0.5264423076923077 0.4519230769230769 0.5264423076923077 0.47836538461538464 0.5528846153846154 0.47836538461538464
0 0.3894230769230769 0.4807692307692308 0.36538461538461536 0.4807692307692308 0.36538461538461536 0.5096153846153846 0.3894230769230769 0.5096153846153846
0 0.5360576923076923 0.45913461538461536 0.5168269230769231 0.45913461538461536 0.5168269230769231 0.47836538461538464 0.5360576923076923 0.47836538461538464
0 0.37740384615384615 0.4879807692307692 0.3557692307692308 0.4879807692307692 0.3557692307692308 0.5120192307692307 0.37740384615384615 0.5120192307692307
0 0.4807692307692308 0.4855769230769231 0.4543269230769231 0.4855769230769231 0.4543269230769231 0.5192307692307693 0.4807692307692308 0.5192307692307693
0 0.3052884615384616 0.5649038461538461 0.2860576923076924 0.5649038461538461 0.2860576923076924 0.5865384615384616 0.3052884615384616 0.5865384615384616
0 0.5528846153846154 0.5336538461538461 0.5336538461538461 0.5336538461538461 0.5336538461538461 0.5528846153846154 0.5528846153846154 0.5528846153846154
0 0.5504807692307693 0.5480769230769231 0.5264423076923077 0.5480769230769231 0.5264423076923077 0.5721153846153846 0.5504807692307694 0.5721153846153846
0 0.5240384615384616 0.5504807692307693 0.49038461538461536 0.5504807692307693 0.4903846153846155 0.5793269230769231 0.5240384615384617 0.5793269230769231
0 0.4687500000000001 0.5697115384615384 0.4375000000000001 0.5697115384615384 0.4375000000000001 0.5985576923076923 0.4687500000000001 0.5985576923076923
0 0.29807692307692313 0.6105769230769231 0.2740384615384616 0.6105769230769231 0.2740384615384616 0.6346153846153846 0.29807692307692313 0.6346153846153846
0 0.512019230769231 0.5721153846153846 0.48557692307692324 0.5721153846153846 0.48557692307692324 0.6033653846153846 0.512019230769231 0.6033653846153846
0 0.22355769230769237 0.6418269230769231 0.19471153846153852 0.6418269230769231 0.19471153846153852 0.6730769230769231 0.22355769230769237 0.6730769230769231
0 0.4495192307692309 0.6129807692307693 0.42307692307692324 0.6129807692307693 0.42307692307692324 0.6418269230769231 0.4495192307692309 0.6418269230769231
0 0.35336538461538475 0.6322115384615384 0.3317307692307694 0.6322115384615384 0.3317307692307694 0.65625 0.35336538461538475 0.65625
0 0.31730769230769246 0.6442307692307693 0.2908653846153847 0.6442307692307693 0.2908653846153847 0.6802884615384616 0.31730769230769246 0.6802884615384616
0 0.49759615384615397 0.6129807692307693 0.46634615384615397 0.6129807692307693 0.46634615384615397 0.6538461538461539 0.49759615384615397 0.6538461538461539
0 0.35817307692307704 0.7043269230769231 0.3389423076923078 0.7043269230769231 0.3389423076923078 0.7259615384615384 0.35817307692307704 0.7259615384615384
0 0.4495192307692309 0.6826923076923077 0.42307692307692324 0.6826923076923077 0.42307692307692324 0.7235576923076923 0.4495192307692309 0.7235576923076923