0 0.5240384615384616 0.22115384615384623 0.49038461538461536 0.22115384615384623 0.49038461538461536 0.264423076923077 0.5240384615384616 0.264423076923077
0 0.6081730769230769 0.2475961538461539 0.5817307692307693 0.2475961538461539 0.5817307692307693 0.28846153846153855 0.6081730769230769 0.28846153846153855
0 0.49038461538461536 0.25721153846153855 0.4639423076923077 0.25721153846153855 0.4639423076923077 0.295673076923077 0.49038461538461536 0.295673076923077
0 0.4110576923076923 0.2596153846153847 0.3894230769230769 0.2596153846153847 0.3894230769230769 0.2908653846153847 0.4110576923076923 0.2908653846153847
0 0.5697115384615384 0.29326923076923084 0.5456730769230769 0.29326923076923084 0.5456730769230769 0.32932692307692313 0.5697115384615384 0.32932692307692324
0 0.6442307692307693 0.3461538461538463 0.6201923076923077 0.3461538461538463 0.6201923076923077 0.37980769230769246 0.6442307692307693 0.37980769230769246
0 0.5120192307692307 0.3173076923076923 0.4807692307692308 0.3173076923076923 0.4807692307692308 0.3581730769230769 0.5120192307692307 0.3581730769230769
0 0.5528846153846154 0.3389423076923077 0.5216346153846154 0.3389423076923077 0.5216346153846154 0.38221153846153844 0.5528846153846154 0.38221153846153844
0 0.6033653846153846 0.36538461538461553 0.5745192307692307 0.36538461538461553 0.5745192307692307 0.39663461538461553 0.6033653846153846 0.39663461538461553
0 0.5817307692307693 0.3653846153846155 0.5576923076923077 0.36538461538461536 0.5576923076923077 0.3966346153846155 0.5817307692307693 0.39663461538461553
0 0.3125 0.3028846153846155 0.28125000000000006 0.3028846153846155 0.28125000000000006 0.3485576923076923 0.3125 0.3485576923076923
0 0.25000000000000006 0.31490384615384615 0.22596153846153852 0.31490384615384615 0.22596153846153852 0.34615384615384615 0.25000000000000006 0.34615384615384615
0 0.41346153846153844 0.3557692307692308 0.3870192307692308 0.3557692307692308 0.3870192307692308 0.39903846153846156 0.41346153846153844 0.39903846153846156
0 0.5024038461538461 0.38461538461538464 0.47596153846153844 0.38461538461538464 0.47596153846153844 0.4206730769230769 0.5024038461538461 0.4206730769230769
0 0.7764423076923077 0.46634615384615397 0.7548076923076923 0.46634615384615397 0.7548076923076923 0.49759615384615397 0.7764423076923077 0.49759615384615397
0 0.35336538461538464 0.38461538461538464 0.3293269230769231 0.38461538461538464 0.3293269230769231 0.4110576923076923 0.35336538461538464 0.4110576923076923
0 0.5264423076923077 0.4326923076923077 0.4879807692307692 0.4326923076923077 0.4879807692307692 0.46875 0.5264423076923077 0.46875
0 0.6129807692307693 0.45432692307692324 0.5913461538461539 0.45432692307692324 0.5913461538461539 0.48317307692307704 0.6129807692307693 0.48317307692307704
0 0.29807692307692313 0.3870192307692308 0.26201923076923084 0.3870192307692308 0.26201923076923084 0.4326923076923077 0.29807692307692313 0.4326923076923077
0 0.2788461538461539 0.3894230769230769 0.2524038461538462 0.3894230769230769 0.2524038461538462 0.4230769230769231 0.2788461538461539 0.4230769230769231
0 0.4879807692307692 0.4495192307692308 0.46153846153846156 0.4495192307692308 0.46153846153846156 0.4807692307692308 0.4879807692307692 0.4807692307692308
0 0.40625 0.43990384615384615 0.3870192307692308 0.43990384615384615 0.3870192307692308 0.47115384615384615 0.40625 0.47115384615384615
0 0.4206730769230769 0.4543269230769231 0.39663461538461536 0.4543269230769231 0.39663461538461536 0.4855769230769231 0.4206730769230769 0.4855769230769231
0 0.2283653846153847 0.4423076923076923 0.2067307692307693 0.4423076923076923 0.2067307692307693 0.46634615384615385 0.2283653846153847 0.46634615384615385
0 0.5480769230769231 0.5144230769230769 0.5240384615384616 0.5144230769230769 0.5240384615384616 0.5456730769230769 0.5480769230769231 0.5456730769230769
0 0.7451923076923077 0.5625000000000001 0.7283653846153846 0.5625000000000001 0.7283653846153846 0.5841346153846155 0.7451923076923077 0.5841346153846155
0 0.6923076923076923 0.5504807692307694 0.6634615384615384 0.5504807692307694 0.6634615384615384 0.5889423076923078 0.6923076923076923 0.5889423076923078
0 0.5961538461538463 0.5384615384615385 0.5721153846153846 0.5384615384615385 0.5721153846153847 0.574519230769231 0.5961538461538463 0.574519230769231
0 0.3870192307692308 0.4951923076923077 0.3605769230769231 0.4951923076923077 0.3605769230769231 0.53125 0.3870192307692308 0.53125
0 0.2788461538461539 0.47115384615384615 0.25000000000000006 0.47115384615384615 0.25000000000000006 0.5144230769230769 0.2788461538461539 0.5144230769230769
0 0.20192307692307698 0.47836538461538464 0.17788461538461545 0.47836538461538464 0.17788461538461545 0.5096153846153846 0.20192307692307698 0.5096153846153846
0 0.19230769230769237 0.49759615384615385 0.16826923076923084 0.49759615384615385 0.16826923076923084 0.5264423076923077 0.19230769230769237 0.5264423076923077
0 0.4879807692307694 0.5600961538461539 0.4615384615384617 0.5600961538461539 0.4615384615384617 0.5913461538461539 0.4879807692307694 0.5913461538461539
0 0.2716346153846155 0.5216346153846154 0.25000000000000006 0.5216346153846154 0.25000000000000006 0.5480769230769231 0.2716346153846155 0.5480769230769231
0 0.30769230769230776 0.5240384615384616 0.2740384615384616 0.5240384615384616 0.2740384615384616 0.5600961538461539 0.3076923076923078 0.5600961538461539
0 0.47355769230769246 0.5625 0.45192307692307704 0.5625 0.45192307692307704 0.5985576923076923 0.47355769230769246 0.5985576923076923
0 0.3774038461538462 0.5504807692307693 0.3485576923076923 0.5504807692307693 0.3485576923076924 0.5913461538461539 0.3774038461538463 0.5913461538461539
0 0.4399038461538463 0.5985576923076923 0.4062500000000001 0.5985576923076923 0.4062500000000001 0.6490384615384616 0.4399038461538463 0.6490384615384616
0 0.2524038461538462 0.6177884615384616 0.2283653846153847 0.6177884615384616 0.2283653846153847 0.6490384615384616 0.2524038461538462 0.6490384615384616
0 0.21153846153846162 0.6394230769230769 0.18990384615384623 0.6394230769230769 0.18990384615384623 0.6658653846153846 0.21153846153846162 0.6658653846153846
0 0.12019230769230776 0.6466346153846154 0.09615384615384623 0.6466346153846154 0.09615384615384623 0.6778846153846154 0.12019230769230776 0.6778846153846154
0 0.20913461538461545 0.6995192307692307 0.17788461538461545 0.6995192307692307 0.17788461538461545 0.7427884615384616 0.20913461538461545 0.7427884615384616
0 0.5673076923076924 0.8653846153846154 0.5456730769230771 0.8653846153846154 0.5456730769230771 0.8990384615384616 0.5673076923076924 0.8990384615384616