0 0.5480769230769231 0.15625000000000006 0.5216346153846154 0.15625000000000006 0.5216346153846154 0.18990384615384623 0.5480769230769231 0.18990384615384623
0 0.6129807692307693 0.2163461538461539 0.5865384615384616 0.2163461538461539 0.5865384615384616 0.2524038461538462 0.6129807692307693 0.2524038461538462
0 0.5697115384615384 0.2067307692307693 0.5408653846153846 0.2067307692307693 0.5408653846153846 0.2548076923076924 0.5697115384615384 0.2548076923076924
0 0.44471153846153844 0.21394230769230776 0.4254807692307692 0.21394230769230776 0.4254807692307692 0.2548076923076924 0.44471153846153844 0.2548076923076924
0 0.6177884615384616 0.25000000000000006 0.5913461538461539 0.25000000000000006 0.5913461538461539 0.28125000000000006 0.6177884615384616 0.28125000000000006
0 0.4951923076923077 0.23076923076923084 0.45913461538461536 0.23076923076923084 0.45913461538461536 0.26682692307692313 0.4951923076923077 0.26682692307692313
0 0.5384615384615384 0.2596153846153847 0.5168269230769231 0.2596153846153847 0.5168269230769231 0.2860576923076924 0.5384615384615384 0.2860576923076924
0 0.6634615384615384 0.3004807692307693 0.6418269230769231 0.3004807692307693 0.6418269230769231 0.33413461538461553 0.6634615384615384 0.33413461538461553
0 0.5048076923076923 0.27644230769230776 0.4831730769230769 0.27644230769230776 0.4831730769230769 0.31490384615384615 0.5048076923076923 0.31490384615384615
0 0.43509615384615385 0.2740384615384616 0.4110576923076923 0.2740384615384616 0.4110576923076923 0.3076923076923077 0.43509615384615385 0.3076923076923077
0 0.5192307692307693 0.28846153846153855 0.5 0.28846153846153855 0.5 0.3293269230769231 0.5192307692307693 0.3293269230769231
0 0.6394230769230769 0.3197115384615386 0.6153846153846154 0.3197115384615386 0.6153846153846154 0.3509615384615386 0.6394230769230769 0.3509615384615386
0 0.47596153846153844 5.4019876837389255e-17 0.40625 4.975127621536122e-17 0.40625 0.04807692307692313 0.47596153846153844 0.04807692307692313
0 0.5649038461538461 0.32932692307692313 0.5432692307692307 0.3293269230769231 0.5432692307692307 0.36057692307692313 0.5649038461538461 0.36057692307692324
0 0.46875 0.31971153846153844 0.4543269230769231 0.31971153846153844 0.4543269230769231 0.34615384615384615 0.46875 0.34615384615384615
0 0.6682692307692307 0.36538461538461553 0.6370192307692307 0.36538461538461553 0.6370192307692307 0.4014423076923078 0.6682692307692307 0.4014423076923078
0 0.6274038461538461 0.36057692307692324 0.6081730769230769 0.36057692307692324 0.6081730769230769 0.4014423076923078 0.6274038461538461 0.4014423076923078
0 0.6129807692307693 0.3701923076923078 0.59375 0.3701923076923078 0.59375 0.4014423076923078 0.6129807692307693 0.4014423076923078
0 0.3125 0.32211538461538464 0.29326923076923084 0.32211538461538464 0.29326923076923084 0.35336538461538464 0.3125 0.35336538461538464
0 0.4567307692307692 0.3557692307692308 0.43509615384615385 0.3557692307692308 0.43509615384615385 0.3870192307692308 0.4567307692307692 0.3870192307692308
0 0.6466346153846154 0.4014423076923078 0.6274038461538461 0.4014423076923078 0.6274038461538461 0.4326923076923078 0.6466346153846154 0.4326923076923078
0 0.6153846153846154 0.3990384615384617 0.5961538461538461 0.3990384615384617 0.5961538461538461 0.4302884615384617 0.6153846153846154 0.4302884615384617
0 0.3629807692307692 0.3557692307692308 0.3389423076923077 0.3557692307692308 0.3389423076923077 0.3870192307692308 0.3629807692307692 0.3870192307692308
0 0.44471153846153844 0.37740384615384615 0.4254807692307692 0.37740384615384615 0.4254807692307692 0.40625 0.44471153846153844 0.40625
0 0.5649038461538461 0.41826923076923084 0.5480769230769231 0.4182692307692308 0.5480769230769231 0.44951923076923084 0.5649038461538461 0.4495192307692309
0 0.6634615384615384 0.44230769230769246 0.6442307692307693 0.44230769230769246 0.6442307692307693 0.4759615384615386 0.6634615384615384 0.4759615384615386
0 0.5889423076923077 0.43509615384615397 0.5721153846153846 0.43509615384615397 0.5721153846153846 0.4615384615384617 0.5889423076923077 0.4615384615384617
0 0.5096153846153846 0.4182692307692308 0.4879807692307692 0.4182692307692308 0.4879807692307692 0.4495192307692308 0.5096153846153846 0.4495192307692308
0 0.5576923076923077 0.43509615384615385 0.5384615384615384 0.43509615384615385 0.5384615384615384 0.45913461538461536 0.5576923076923077 0.45913461538461536
0 0.5168269230769231 0.43509615384615385 0.4855769230769231 0.43509615384615385 0.4855769230769231 0.46634615384615385 0.5168269230769231 0.46634615384615385
0 0.37259615384615385 0.4110576923076923 0.3389423076923077 0.4110576923076923 0.3389423076923077 0.43990384615384615 0.37259615384615385 0.43990384615384615
0 0.4519230769230769 0.4423076923076923 0.43509615384615385 0.4423076923076923 0.43509615384615385 0.46875 0.4519230769230769 0.46875
0 0.5552884615384616 0.4831730769230769 0.5336538461538461 0.4831730769230769 0.5336538461538461 0.5144230769230769 0.5552884615384616 0.5144230769230769
0 0.5985576923076923 0.5144230769230771 0.5793269230769231 0.5144230769230771 0.5793269230769231 0.5456730769230771 0.5985576923076923 0.5456730769230771
0 0.6201923076923077 0.5216346153846155 0.6009615384615384 0.5216346153846155 0.6009615384615384 0.5528846153846155 0.6201923076923077 0.5528846153846155
0 0.6923076923076923 0.5576923076923078 0.6730769230769231 0.5576923076923078 0.6730769230769231 0.591346153846154 0.6923076923076923 0.591346153846154
0 0.40384615384615385 0.5096153846153846 0.3798076923076923 0.5096153846153846 0.3798076923076923 0.5384615384615384 0.40384615384615385 0.5384615384615384
0 0.6153846153846154 0.5649038461538463 0.591346153846154 0.5649038461538463 0.591346153846154 0.6009615384615385 0.6153846153846154 0.6009615384615385
0 0.6538461538461539 0.5889423076923078 0.6346153846153846 0.5889423076923078 0.6346153846153846 0.6201923076923077 0.6538461538461539 0.6201923076923077
0 0.7524038461538461 0.6466346153846154 0.7235576923076923 0.6466346153846154 0.7235576923076923 0.6778846153846154 0.7524038461538461 0.6778846153846154
0 0.46634615384615397 0.6538461538461539 0.4447115384615386 0.6538461538461539 0.4447115384615386 0.6850961538461539 0.46634615384615397 0.6850961538461539