0 0.71875 0.7884615384615384 0.6730769230769231 0.7884615384615384 0.6730769230769231 0.8197115384615384 0.71875 0.8197115384615384
0 0.9807692307692307 0.625 0.9350961538461539 0.625 0.9350961538461539 0.65625 0.9807692307692307 0.65625
0 0.9182692307692307 0.5937500000000001 0.8774038461538461 0.5937500000000001 0.8774038461538461 0.625 0.9182692307692307 0.625
0 0.9567307692307693 0.5649038461538463 0.9182692307692307 0.5649038461538463 0.9182692307692307 0.5961538461538463 0.9567307692307693 0.5961538461538463
0 0.8149038461538461 0.6298076923076923 0.7788461538461539 0.6298076923076923 0.7788461538461539 0.6586538461538461 0.8149038461538461 0.6586538461538461
0 0.5192307692307694 0.7307692307692307 0.4879807692307694 0.7307692307692307 0.4879807692307694 0.7620192307692307 0.5192307692307694 0.7620192307692307
0 0.8317307692307693 0.5865384615384617 0.7908653846153846 0.5865384615384617 0.7908653846153846 0.6177884615384616 0.8317307692307693 0.6177884615384616
0 0.8413461538461539 0.5625000000000001 0.8004807692307693 0.5625000000000001 0.8004807692307693 0.5937500000000001 0.8413461538461539 0.5937500000000001
0 0.7427884615384616 0.5769230769230771 0.6971153846153846 0.5769230769230771 0.6971153846153846 0.6129807692307694 0.7427884615384616 0.6129807692307694
0 0.6490384615384616 0.6081730769230771 0.6153846153846154 0.6081730769230771 0.6153846153846154 0.6394230769230769 0.6490384615384616 0.6394230769230769
0 0.6009615384615385 0.5576923076923078 0.5649038461538461 0.5576923076923078 0.5649038461538463 0.5889423076923078 0.6009615384615385 0.5889423076923078
0 0.5168269230769232 0.5673076923076923 0.4759615384615386 0.5673076923076923 0.4759615384615386 0.6009615384615384 0.5168269230769232 0.6009615384615384
0 0.48557692307692313 0.5360576923076923 0.44471153846153844 0.5360576923076923 0.44471153846153855 0.5697115384615384 0.48557692307692324 0.5697115384615384
0 0.39182692307692324 0.6225961538461539 0.3437500000000001 0.6225961538461539 0.3437500000000001 0.65625 0.39182692307692324 0.65625
0 0.3750000000000001 0.59375 0.3317307692307694 0.59375 0.3317307692307694 0.6225961538461539 0.3750000000000001 0.6225961538461539
0 0.39663461538461536 0.5048076923076923 0.36778846153846156 0.5048076923076923 0.36778846153846156 0.53125 0.39663461538461536 0.53125
0 0.4182692307692308 0.47596153846153844 0.3870192307692308 0.47596153846153844 0.3870192307692308 0.5048076923076923 0.4182692307692308 0.5048076923076923
0 0.5600961538461539 0.44951923076923084 0.5264423076923077 0.4495192307692308 0.5264423076923077 0.48076923076923084 0.5600961538461539 0.4807692307692309
0 0.5600961538461539 0.4711538461538462 0.5192307692307693 0.47115384615384615 0.5192307692307693 0.5024038461538463 0.5600961538461539 0.5024038461538463
0 0.5793269230769231 0.4567307692307693 0.5456730769230769 0.4567307692307692 0.5456730769230769 0.4879807692307693 0.5793269230769231 0.4879807692307694
0 0.6105769230769231 0.4302884615384617 0.5769230769230769 0.4302884615384617 0.5769230769230769 0.4615384615384617 0.6105769230769231 0.4615384615384617
0 0.44711538461538464 0.3870192307692308 0.40384615384615385 0.3870192307692308 0.40384615384615385 0.4206730769230769 0.44711538461538464 0.4206730769230769
0 0.4807692307692308 0.3485576923076923 0.43990384615384615 0.3485576923076923 0.43990384615384615 0.3798076923076923 0.4807692307692308 0.3798076923076923
0 0.5504807692307693 0.3245192307692308 0.5096153846153846 0.3245192307692308 0.5096153846153846 0.35096153846153844 0.5504807692307693 0.35096153846153844
0 0.5504807692307693 0.34375 0.5048076923076923 0.34375 0.5048076923076923 0.375 0.5504807692307693 0.375
0 0.6754807692307693 0.3822115384615386 0.6298076923076923 0.3822115384615386 0.6298076923076923 0.4182692307692309 0.6754807692307693 0.4182692307692309
0 0.6370192307692307 0.3461538461538463 0.6033653846153846 0.3461538461538463 0.6033653846153846 0.3774038461538463 0.6370192307692307 0.3774038461538463
0 0.6370192307692307 0.3317307692307694 0.5961538461538461 0.3317307692307694 0.5961538461538461 0.36057692307692324 0.6370192307692307 0.36057692307692324
0 0.5841346153846154 0.3485576923076924 0.5576923076923077 0.3485576923076923 0.5576923076923077 0.3774038461538462 0.5841346153846154 0.3774038461538463
0 0.7019230769230769 0.3461538461538463 0.6610576923076923 0.3461538461538463 0.6610576923076923 0.37259615384615397 0.7019230769230769 0.37259615384615397
0 0.7403846153846154 0.3461538461538463 0.6947115384615384 0.3461538461538463 0.6947115384615384 0.3822115384615386 0.7403846153846154 0.3822115384615386
0 0.7620192307692307 0.3677884615384617 0.7307692307692307 0.3677884615384617 0.7307692307692307 0.3990384615384617 0.7620192307692307 0.3990384615384617
0 0.7524038461538461 0.4086538461538463 0.7211538461538461 0.4086538461538463 0.7211538461538461 0.4375000000000001 0.7524038461538461 0.4375000000000001
0 0.8052884615384616 0.43509615384615397 0.7620192307692307 0.43509615384615397 0.7620192307692307 0.4639423076923078 0.8052884615384616 0.4639423076923078
0 0.8701923076923077 0.39663461538461553 0.8293269230769231 0.39663461538461553 0.8293269230769231 0.4254807692307694 0.8701923076923077 0.4254807692307694
0 0.8774038461538461 0.4086538461538463 0.8533653846153846 0.4086538461538463 0.8533653846153846 0.4326923076923078 0.8774038461538461 0.4326923076923078
0 0.8317307692307693 0.4567307692307694 0.7908653846153846 0.4567307692307694 0.7908653846153846 0.49038461538461553 0.8317307692307693 0.49038461538461553
0 0.8245192307692307 0.49759615384615397 0.7908653846153846 0.49759615384615397 0.7908653846153846 0.5240384615384617 0.8245192307692307 0.5240384615384617
0 0.7235576923076923 0.47355769230769246 0.6923076923076923 0.47355769230769246 0.6923076923076923 0.5024038461538463 0.7235576923076923 0.5024038461538463
0 0.6947115384615384 0.47836538461538475 0.6706730769230769 0.47836538461538475 0.6706730769230769 0.5048076923076924 0.6947115384615384 0.5048076923076924
0 0.6105769230769231 0.34855769230769246 0.5793269230769231 0.34855769230769246 0.5793269230769231 0.37980769230769246 0.6105769230769231 0.37980769230769246