0 0.18269230769230774 0.18028846153846154 0.1370192307692308 0.18028846153846154 0.1370192307692308 0.2860576923076923 0.18269230769230776 0.2860576923076923
0 0.5673076923076923 0.16346153846153852 0.5240384615384616 0.16346153846153852 0.5240384615384616 0.24519230769230776 0.5673076923076923 0.24519230769230776
0 0.8028846153846154 0.18269230769230776 0.7620192307692307 0.18269230769230776 0.7620192307692307 0.2475961538461539 0.8028846153846154 0.2475961538461539
0 0.7379807692307693 0.1658653846153847 0.7019230769230769 0.1658653846153847 0.7019230769230769 0.28125000000000006 0.7379807692307693 0.28125000000000006
0 0.7572115384615384 0.18750000000000006 0.71875 0.18750000000000006 0.71875 0.2788461538461539 0.7572115384615384 0.2788461538461539
0 0.8846153846153846 0.247596153846154 0.8461538461538461 0.247596153846154 0.8461538461538461 0.3197115384615386 0.8846153846153846 0.3197115384615386
0 0.41586538461538464 0.3269230769230769 0.375 0.3269230769230769 0.375 0.41586538461538464 0.41586538461538464 0.41586538461538464
0 0.8461538461538461 0.2812500000000001 0.8028846153846154 0.28125000000000006 0.8028846153846154 0.37259615384615397 0.8461538461538461 0.37259615384615397
0 0.9086538461538461 0.27884615384615397 0.8725961538461539 0.27884615384615397 0.8725961538461539 0.37980769230769246 0.9086538461538461 0.37980769230769246
0 0.7331730769230769 0.3149038461538463 0.6923076923076923 0.3149038461538463 0.6923076923076923 0.39182692307692324 0.7331730769230769 0.39182692307692324
0 0.33413461538461536 0.3798076923076923 0.295673076923077 0.3798076923076923 0.295673076923077 0.4519230769230769 0.33413461538461536 0.4519230769230769
0 0.8822115384615384 0.33413461538461553 0.8461538461538461 0.33413461538461553 0.8461538461538461 0.4182692307692309 0.8822115384615384 0.4182692307692309
0 0.7307692307692307 0.3629807692307694 0.6899038461538461 0.3629807692307694 0.6899038461538461 0.44230769230769246 0.7307692307692307 0.44230769230769246
0 0.7716346153846154 0.38942307692307704 0.7403846153846154 0.38942307692307704 0.7403846153846154 0.47355769230769246 0.7716346153846154 0.47355769230769246
0 0.8942307692307693 0.38942307692307704 0.8509615384615384 0.38942307692307704 0.8509615384615384 0.47355769230769246 0.8942307692307693 0.47355769230769246
0 0.7980769230769231 0.4182692307692309 0.7620192307692307 0.4182692307692309 0.7620192307692307 0.512019230769231 0.7980769230769231 0.512019230769231
0 0.6706730769230769 0.43509615384615397 0.6346153846153846 0.43509615384615397 0.6346153846153846 0.528846153846154 0.6706730769230769 0.528846153846154
0 0.5985576923076923 0.4735576923076924 0.5552884615384616 0.4735576923076923 0.5552884615384616 0.5528846153846154 0.5985576923076923 0.5528846153846155
0 0.7139423076923077 0.4711538461538463 0.6706730769230769 0.4711538461538463 0.6706730769230769 0.5528846153846155 0.7139423076923077 0.5528846153846155
0 0.9134615384615384 0.49759615384615397 0.8774038461538461 0.49759615384615397 0.8774038461538461 0.5649038461538463 0.9134615384615384 0.5649038461538463
0 0.7692307692307693 0.5048076923076924 0.7283653846153846 0.5048076923076924 0.7283653846153846 0.5985576923076924 0.7692307692307693 0.5985576923076924
0 0.8918269230769231 0.49759615384615397 0.8557692307692307 0.49759615384615397 0.8557692307692307 0.6033653846153848 0.8918269230769231 0.6033653846153848
0 0.7908653846153846 0.5336538461538463 0.7572115384615384 0.5336538461538463 0.7572115384615384 0.605769230769231 0.7908653846153846 0.605769230769231
0 0.875 0.5264423076923078 0.8389423076923077 0.5264423076923078 0.8389423076923077 0.6225961538461539 0.875 0.6225961538461539
0 0.9903846153846154 0.5192307692307694 0.9543269230769231 0.5192307692307694 0.9543269230769231 0.6033653846153848 0.9903846153846154 0.6033653846153848
0 0.7139423076923077 0.5793269230769232 0.6778846153846154 0.5793269230769232 0.6778846153846154 0.6730769230769231 0.7139423076923077 0.6730769230769231
0 0.9350961538461539 0.5793269230769232 0.8990384615384616 0.5793269230769232 0.8990384615384616 0.6658653846153846 0.9350961538461539 0.6658653846153846
0 0.6850961538461539 0.625 0.6418269230769231 0.625 0.6418269230769231 0.6947115384615384 0.6850961538461539 0.6947115384615384
0 0.7572115384615384 0.6177884615384616 0.7163461538461539 0.6177884615384616 0.7163461538461539 0.7067307692307693 0.7572115384615384 0.7067307692307693
0 0.9350961538461539 0.71875 0.8990384615384616 0.71875 0.8990384615384616 0.7932692307692307 0.9350961538461539 0.7932692307692307
0 0.8677884615384616 0.7355769230769231 0.8293269230769231 0.7355769230769231 0.8293269230769231 0.8173076923076923 0.8677884615384616 0.8173076923076923
0 0.8341346153846154 0.7692307692307693 0.7956730769230769 0.7692307692307693 0.7956730769230769 0.84375 0.8341346153846154 0.84375
0 0.7788461538461539 0.8389423076923077 0.7379807692307693 0.8389423076923077 0.7379807692307693 0.9110576923076923 0.7788461538461539 0.9110576923076923