0 0.6514423076923077 0.9086538461538461 0.6322115384615384 0.9086538461538461 0.6322115384615384 0.9447115384615384 0.6514423076923077 0.9447115384615384
0 0.39182692307692324 0.9615384615384616 0.3701923076923078 0.9615384615384616 0.3701923076923078 0.9975961538461539 0.39182692307692324 0.9975961538461539
0 0.216346153846154 0.9879807692307693 0.19230769230769246 0.9879807692307693 0.19230769230769246 1 0.216346153846154 1
0 0.7908653846153846 0.25000000000000006 0.7644230769230769 0.25000000000000006 0.7644230769230769 0.3076923076923078 0.7908653846153846 0.3076923076923078
0 0.6081730769230769 0.3149038461538463 0.5841346153846154 0.3149038461538463 0.5841346153846154 0.36057692307692324 0.6081730769230769 0.36057692307692324
0 0.5072115384615384 0.32211538461538464 0.4807692307692308 0.32211538461538464 0.4807692307692308 0.37259615384615385 0.5072115384615384 0.37259615384615385
0 0.5841346153846154 0.32211538461538475 0.5625 0.32211538461538475 0.5625 0.37259615384615397 0.5841346153846154 0.37259615384615397
0 0.5745192307692307 0.3629807692307693 0.5432692307692307 0.3629807692307692 0.5432692307692307 0.4110576923076924 0.5745192307692307 0.41105769230769246
0 0.6177884615384616 0.37259615384615397 0.5889423076923077 0.37259615384615397 0.5889423076923077 0.4182692307692309 0.6177884615384616 0.4182692307692309
0 0.6418269230769231 0.3774038461538463 0.6201923076923077 0.3774038461538463 0.6201923076923077 0.42307692307692324 0.6418269230769231 0.42307692307692324
0 0.3942307692307692 0.4423076923076923 0.3629807692307692 0.4423076923076923 0.3629807692307692 0.49278846153846156 0.3942307692307692 0.49278846153846156
0 0.6658653846153846 0.4639423076923078 0.6418269230769231 0.4639423076923078 0.6418269230769231 0.5144230769230771 0.6658653846153846 0.5144230769230771
0 0.5697115384615384 0.4783653846153847 0.5432692307692307 0.47836538461538464 0.5432692307692307 0.528846153846154 0.5697115384615384 0.528846153846154
0 0.7067307692307693 0.4639423076923078 0.6826923076923077 0.4639423076923078 0.6826923076923077 0.5216346153846155 0.7067307692307693 0.5216346153846155
0 0.6298076923076923 0.48317307692307704 0.6033653846153846 0.48317307692307704 0.6033653846153846 0.5240384615384617 0.6298076923076923 0.5240384615384617
0 0.5745192307692307 0.5192307692307693 0.5528846153846154 0.5192307692307693 0.5528846153846154 0.5480769230769231 0.5745192307692307 0.5480769230769232
0 0.7716346153846154 0.5000000000000001 0.7427884615384616 0.5000000000000001 0.7427884615384616 0.560096153846154 0.7716346153846154 0.560096153846154
0 0.6947115384615384 0.5168269230769232 0.6682692307692307 0.5168269230769232 0.6682692307692307 0.574519230769231 0.6947115384615384 0.574519230769231
0 0.5168269230769232 0.5841346153846154 0.4951923076923078 0.5841346153846154 0.4951923076923078 0.6370192307692307 0.5168269230769232 0.6370192307692307
0 0.4711538461538463 0.6033653846153846 0.44711538461538475 0.6033653846153846 0.44711538461538475 0.6442307692307693 0.4711538461538463 0.6442307692307693
0 0.5024038461538463 0.5985576923076923 0.48317307692307704 0.5985576923076923 0.48317307692307704 0.6490384615384616 0.5024038461538463 0.6490384615384616
0 0.6658653846153846 0.591346153846154 0.6442307692307693 0.591346153846154 0.6442307692307693 0.6346153846153846 0.6658653846153846 0.6346153846153846
0 0.4639423076923078 0.6490384615384616 0.44230769230769246 0.6490384615384616 0.44230769230769246 0.6826923076923077 0.4639423076923078 0.6826923076923077
0 0.5168269230769232 0.6634615384615384 0.49038461538461553 0.6634615384615384 0.49038461538461553 0.7115384615384616 0.5168269230769232 0.7115384615384616
0 0.5889423076923078 0.6706730769230769 0.5576923076923078 0.6706730769230769 0.5576923076923078 0.7211538461538461 0.5889423076923078 0.7211538461538461
0 0.8557692307692307 0.6490384615384616 0.8341346153846154 0.6490384615384616 0.8341346153846154 0.6995192307692307 0.8557692307692307 0.6995192307692307
0 0.2283653846153847 0.7067307692307693 0.20192307692307698 0.7067307692307693 0.20192307692307698 0.7572115384615384 0.2283653846153847 0.7572115384615384
0 0.7091346153846154 0.6610576923076923 0.6778846153846154 0.6610576923076923 0.6778846153846154 0.7211538461538461 0.7091346153846154 0.7211538461538461
0 0.3677884615384617 0.7115384615384616 0.34134615384615397 0.7115384615384616 0.34134615384615397 0.7644230769230769 0.3677884615384617 0.7644230769230769
0 0.44230769230769246 0.7091346153846154 0.4182692307692309 0.7091346153846154 0.4182692307692309 0.7716346153846154 0.44230769230769246 0.7716346153846154
0 0.5817307692307694 0.7139423076923077 0.5649038461538463 0.7139423076923077 0.5649038461538463 0.7475961538461539 0.5817307692307694 0.7475961538461539
0 0.4086538461538463 0.7283653846153846 0.3774038461538463 0.7283653846153846 0.3774038461538463 0.7692307692307693 0.4086538461538463 0.7692307692307693
0 0.5000000000000001 0.7307692307692307 0.4807692307692309 0.7307692307692307 0.4807692307692309 0.78125 0.5000000000000001 0.78125
0 0.49038461538461553 0.7355769230769231 0.4711538461538463 0.7355769230769231 0.4711538461538463 0.7860576923076923 0.49038461538461553 0.7860576923076923
0 0.6658653846153846 0.7283653846153846 0.6418269230769231 0.7283653846153846 0.6418269230769231 0.7644230769230769 0.6658653846153846 0.7644230769230769
0 0.6802884615384616 0.7379807692307693 0.6514423076923077 0.7379807692307693 0.6514423076923077 0.8125 0.6802884615384616 0.8125
0 0.4951923076923078 0.7932692307692307 0.4687500000000001 0.7932692307692307 0.4687500000000001 0.8341346153846154 0.4951923076923078 0.8341346153846154
0 0.37980769230769246 0.8076923076923077 0.3557692307692309 0.8076923076923077 0.3557692307692309 0.8533653846153846 0.37980769230769246 0.8533653846153846
0 0.574519230769231 0.8004807692307693 0.543269230769231 0.8004807692307693 0.543269230769231 0.8605769230769231 0.574519230769231 0.8605769230769231
0 0.6298076923076923 0.8173076923076923 0.5985576923076924 0.8173076923076923 0.5985576923076924 0.8677884615384616 0.6298076923076923 0.8677884615384616
0 0.6778846153846154 0.8149038461538461 0.65625 0.8149038461538461 0.65625 0.8653846153846154 0.6778846153846154 0.8653846153846154
0 0.11778846153846165 0.8822115384615384 0.08173076923076933 0.8822115384615384 0.08173076923076933 0.9230769230769231 0.11778846153846165 0.9230769230769231
0 0.41105769230769246 0.8846153846153846 0.38942307692307704 0.8846153846153846 0.38942307692307704 0.9399038461538461 0.41105769230769246 0.9399038461538461