0 0.3774038461538463 0.5841346153846154 0.35336538461538475 0.5841346153846154 0.35336538461538475 0.6081730769230769 0.3774038461538463 0.6081730769230769
0 0.3918269230769231 0.4567307692307692 0.3629807692307692 0.4567307692307692 0.3629807692307692 0.49278846153846156 0.3918269230769231 0.49278846153846156
0 0.38942307692307704 0.6201923076923077 0.36538461538461553 0.6201923076923077 0.36538461538461553 0.6442307692307693 0.38942307692307704 0.6442307692307693
0 0.4110576923076923 0.47836538461538464 0.38221153846153844 0.47836538461538464 0.38221153846153844 0.5096153846153846 0.4110576923076923 0.5096153846153846
0 0.41826923076923084 0.5432692307692307 0.38461538461538464 0.5432692307692307 0.3846153846153847 0.5673076923076923 0.4182692307692309 0.5673076923076923
0 0.43509615384615397 0.6153846153846154 0.4062500000000001 0.6153846153846154 0.4062500000000001 0.6418269230769231 0.43509615384615397 0.6418269230769231
0 0.4543269230769231 0.49038461538461536 0.43509615384615385 0.49038461538461536 0.43509615384615385 0.5120192307692307 0.4543269230769231 0.5120192307692307
0 0.44230769230769246 0.625 0.4182692307692309 0.625 0.4182692307692309 0.6490384615384616 0.44230769230769246 0.6490384615384616
0 0.46394230769230776 0.5552884615384616 0.4375 0.5552884615384616 0.43750000000000006 0.5793269230769231 0.4639423076923078 0.5793269230769231
0 0.45432692307692324 0.6274038461538461 0.42067307692307704 0.6274038461538461 0.42067307692307704 0.65625 0.45432692307692324 0.65625
0 0.4687500000000001 0.5793269230769231 0.4326923076923078 0.5793269230769231 0.4326923076923078 0.6081730769230769 0.4687500000000001 0.6081730769230769
0 0.4807692307692308 0.49278846153846156 0.45913461538461536 0.49278846153846156 0.45913461538461536 0.5144230769230769 0.4807692307692308 0.5144230769230769
0 0.5144230769230769 0.33653846153846156 0.4831730769230769 0.33653846153846156 0.4831730769230769 0.3629807692307692 0.5144230769230769 0.3629807692307692
0 0.5072115384615384 0.49278846153846156 0.4735576923076923 0.49278846153846156 0.4735576923076923 0.5192307692307693 0.5072115384615384 0.5192307692307693
0 0.5072115384615384 0.4230769230769231 0.4807692307692308 0.4230769230769231 0.4807692307692308 0.44711538461538464 0.5072115384615384 0.44711538461538464
0 0.5144230769230769 0.4423076923076923 0.4831730769230769 0.4423076923076923 0.4831730769230769 0.46875 0.5144230769230769 0.46875
0 0.5192307692307694 0.5745192307692307 0.4879807692307694 0.5745192307692307 0.4879807692307694 0.6009615384615384 0.5192307692307694 0.6009615384615384
0 0.5288461538461539 0.5048076923076923 0.5024038461538461 0.5048076923076923 0.5024038461538461 0.5288461538461539 0.5288461538461539 0.5288461538461539
0 0.5288461538461539 0.5240384615384616 0.5024038461538461 0.5240384615384616 0.5024038461538461 0.5504807692307693 0.5288461538461539 0.5504807692307693
0 0.5216346153846155 0.6418269230769231 0.49038461538461553 0.6418269230769231 0.49038461538461553 0.6706730769230769 0.5216346153846155 0.6706730769230769
0 0.5408653846153848 0.5817307692307693 0.512019230769231 0.5817307692307693 0.512019230769231 0.6081730769230769 0.5408653846153848 0.6081730769230769
0 0.5552884615384617 0.5625 0.5336538461538463 0.5625 0.5336538461538463 0.5841346153846154 0.5552884615384617 0.5841346153846154
0 0.5528846153846155 0.6394230769230769 0.5312500000000001 0.6394230769230769 0.5312500000000001 0.65625 0.5528846153846155 0.65625
0 0.5721153846153846 0.4735576923076924 0.5408653846153846 0.4735576923076923 0.5408653846153846 0.5000000000000001 0.5721153846153846 0.5000000000000001
0 0.5649038461538463 0.5889423076923077 0.5408653846153848 0.5889423076923077 0.5408653846153848 0.6129807692307693 0.5649038461538463 0.6129807692307694
0 0.5961538461538461 0.31730769230769246 0.5600961538461539 0.31730769230769246 0.5600961538461539 0.3461538461538463 0.5961538461538461 0.3461538461538463
0 0.5865384615384616 0.4591346153846155 0.5576923076923077 0.45913461538461536 0.5576923076923077 0.483173076923077 0.5865384615384616 0.48317307692307704
0 0.5865384615384616 0.4807692307692309 0.5600961538461539 0.4807692307692309 0.5600961538461539 0.5048076923076924 0.5865384615384616 0.5048076923076924
0 0.5865384615384616 0.528846153846154 0.5649038461538461 0.528846153846154 0.5649038461538461 0.5480769230769232 0.5865384615384616 0.5480769230769232
0 0.6177884615384616 0.45432692307692324 0.59375 0.45432692307692324 0.59375 0.47836538461538475 0.6177884615384616 0.47836538461538475
0 0.6153846153846154 0.5769230769230771 0.5841346153846155 0.5769230769230771 0.5841346153846155 0.6033653846153848 0.6153846153846154 0.6033653846153848
0 0.6298076923076923 0.5985576923076924 0.5961538461538463 0.5985576923076924 0.5961538461538463 0.6225961538461539 0.6298076923076923 0.6225961538461539
0 0.6466346153846154 0.4375000000000001 0.6153846153846154 0.4375000000000001 0.6153846153846154 0.4639423076923078 0.6466346153846154 0.4639423076923078
0 0.6298076923076923 0.6826923076923077 0.6033653846153848 0.6826923076923077 0.6033653846153848 0.7115384615384616 0.6298076923076923 0.7115384615384616
0 0.6442307692307693 0.5528846153846155 0.6105769230769231 0.5528846153846155 0.6105769230769231 0.5817307692307694 0.6442307692307693 0.5817307692307694
0 0.6370192307692307 0.5865384615384617 0.6153846153846154 0.5865384615384617 0.6153846153846154 0.6081730769230771 0.6370192307692307 0.6081730769230771
0 0.6610576923076923 0.5096153846153848 0.6442307692307693 0.5096153846153848 0.6442307692307693 0.5264423076923078 0.6610576923076923 0.5264423076923078
0 0.6923076923076923 0.44711538461538475 0.6706730769230769 0.44711538461538475 0.6706730769230769 0.4687500000000001 0.6923076923076923 0.4687500000000001
0 0.6947115384615384 0.528846153846154 0.6682692307692307 0.528846153846154 0.6682692307692307 0.5528846153846155 0.6947115384615384 0.5528846153846155
0 0.7115384615384616 0.5264423076923078 0.6899038461538461 0.5264423076923078 0.6899038461538461 0.5456730769230771 0.7115384615384616 0.5456730769230771
0 0.7091346153846154 0.5144230769230771 0.6923076923076923 0.5144230769230771 0.6923076923076923 0.5312500000000001 0.7091346153846154 0.5312500000000001
0 0.7259615384615384 0.4951923076923078 0.7043269230769231 0.4951923076923078 0.7043269230769231 0.5168269230769232 0.7259615384615384 0.5168269230769232