0 0.8822115384615384 0.7980769230769231 0.8509615384615384 0.7980769230769231 0.8509615384615384 0.8341346153846154 0.8822115384615384 0.8341346153846154
0 0.5528846153846155 0.6875 0.528846153846154 0.6875 0.528846153846154 0.7139423076923077 0.5528846153846155 0.7139423076923077
0 0.5528846153846155 0.6490384615384616 0.528846153846154 0.6490384615384616 0.528846153846154 0.6802884615384616 0.5528846153846155 0.6802884615384616
0 0.5096153846153848 0.5793269230769231 0.4615384615384617 0.5793269230769231 0.4615384615384617 0.625 0.5096153846153848 0.625
0 0.46634615384615385 0.37740384615384615 0.4375 0.37740384615384615 0.4375 0.4110576923076923 0.46634615384615385 0.4110576923076923
0 0.4807692307692308 0.375 0.45913461538461536 0.375 0.45913461538461536 0.4014423076923077 0.4807692307692308 0.4014423076923077
0 0.49759615384615385 0.25000000000000006 0.4735576923076923 0.25000000000000006 0.4735576923076923 0.2860576923076924 0.49759615384615385 0.2860576923076924
0 0.53125 0.24519230769230776 0.5072115384615384 0.24519230769230776 0.5072115384615384 0.2788461538461539 0.53125 0.2788461538461539
0 0.5552884615384616 0.2740384615384616 0.53125 0.2740384615384616 0.53125 0.31009615384615385 0.5552884615384616 0.31009615384615385
0 0.5288461538461539 0.3125 0.5048076923076923 0.3125 0.5048076923076923 0.34375 0.5288461538461539 0.34375
0 0.6081730769230769 0.26682692307692313 0.5817307692307693 0.26682692307692313 0.5817307692307693 0.3052884615384616 0.6081730769230769 0.3052884615384616
0 0.5985576923076923 0.32692307692307704 0.5769230769230769 0.32692307692307704 0.5769230769230769 0.35336538461538475 0.5985576923076923 0.35336538461538475
0 0.5625 0.40625000000000006 0.53125 0.40625 0.53125 0.44471153846153855 0.5625 0.4447115384615386
0 0.5432692307692307 0.46875 0.5168269230769231 0.46875 0.5168269230769231 0.5048076923076923 0.5432692307692307 0.5048076923076923
0 0.5240384615384616 0.45913461538461536 0.49759615384615385 0.45913461538461536 0.49759615384615385 0.49759615384615385 0.5240384615384616 0.49759615384615385
0 0.5841346153846154 0.5096153846153848 0.5600961538461539 0.5096153846153848 0.5600961538461539 0.5408653846153848 0.5841346153846154 0.5408653846153848
0 0.6225961538461539 0.49759615384615397 0.6009615384615384 0.49759615384615397 0.6009615384615384 0.5264423076923078 0.6225961538461539 0.5264423076923078
0 0.5985576923076924 0.5697115384615385 0.5769230769230771 0.5697115384615385 0.5769230769230771 0.6009615384615385 0.5985576923076924 0.6009615384615385
0 0.6298076923076923 0.6201923076923077 0.605769230769231 0.6201923076923077 0.605769230769231 0.65625 0.6298076923076923 0.65625
0 0.7379807692307693 0.560096153846154 0.7091346153846154 0.560096153846154 0.7091346153846154 0.591346153846154 0.7379807692307693 0.591346153846154
0 0.7163461538461539 0.5961538461538463 0.6923076923076923 0.5961538461538463 0.6923076923076923 0.6322115384615384 0.7163461538461539 0.6322115384615384
0 0.6971153846153846 0.560096153846154 0.6658653846153846 0.560096153846154 0.6658653846153846 0.5985576923076924 0.6971153846153846 0.5985576923076924
0 0.6682692307692307 0.574519230769231 0.6370192307692307 0.574519230769231 0.6370192307692307 0.6105769230769232 0.6682692307692307 0.6105769230769232
0 0.6394230769230769 0.5456730769230771 0.6129807692307693 0.5456730769230771 0.6129807692307693 0.5817307692307694 0.6394230769230769 0.5817307692307694
0 0.6322115384615384 0.5336538461538463 0.6081730769230769 0.5336538461538463 0.6081730769230769 0.5576923076923078 0.6322115384615384 0.5576923076923078
0 0.7235576923076923 0.47355769230769246 0.6995192307692307 0.47355769230769246 0.6995192307692307 0.5024038461538463 0.7235576923076923 0.5024038461538463
0 0.7115384615384616 0.5168269230769232 0.6802884615384616 0.5168269230769232 0.6802884615384616 0.5576923076923078 0.7115384615384616 0.5576923076923078
0 0.6947115384615384 0.512019230769231 0.6658653846153846 0.512019230769231 0.6658653846153846 0.5480769230769232 0.6947115384615384 0.5480769230769232
0 0.7307692307692307 0.4182692307692309 0.6995192307692307 0.4182692307692309 0.6995192307692307 0.45913461538461553 0.7307692307692307 0.45913461538461553
0 0.6778846153846154 0.4014423076923078 0.6538461538461539 0.4014423076923078 0.6538461538461539 0.43509615384615397 0.6778846153846154 0.43509615384615397
0 0.7596153846153846 0.31730769230769246 0.7331730769230769 0.31730769230769246 0.7331730769230769 0.3557692307692309 0.7596153846153846 0.3557692307692309
0 0.7283653846153846 0.3509615384615386 0.7043269230769231 0.3509615384615386 0.7043269230769231 0.3870192307692309 0.7283653846153846 0.3870192307692309
0 0.7475961538461539 0.3125000000000001 0.7163461538461539 0.3125000000000001 0.7163461538461539 0.3557692307692309 0.7475961538461539 0.3557692307692309
0 0.7163461538461539 0.29807692307692313 0.6923076923076923 0.29807692307692313 0.6923076923076923 0.3245192307692309 0.7163461538461539 0.3245192307692309
0 0.6850961538461539 0.2836538461538462 0.6586538461538461 0.2836538461538462 0.6586538461538461 0.3197115384615386 0.6850961538461539 0.3197115384615386
0 0.6802884615384616 0.26682692307692313 0.6586538461538461 0.26682692307692313 0.6586538461538461 0.29807692307692313 0.6802884615384616 0.29807692307692313
0 0.6490384615384616 0.2788461538461539 0.6225961538461539 0.2788461538461539 0.6225961538461539 0.3149038461538463 0.6490384615384616 0.3149038461538463
0 0.6634615384615384 0.32692307692307704 0.6322115384615384 0.32692307692307704 0.6322115384615384 0.3629807692307694 0.6634615384615384 0.3629807692307694
0 0.6971153846153846 0.33413461538461553 0.6706730769230769 0.33413461538461553 0.6706730769230769 0.37259615384615397 0.6971153846153846 0.37259615384615397
0 0.6706730769230769 0.31730769230769246 0.6442307692307693 0.31730769230769246 0.6442307692307693 0.35817307692307704 0.6706730769230769 0.35817307692307704
0 0.7307692307692307 0.36057692307692324 0.7091346153846154 0.36057692307692324 0.7091346153846154 0.39182692307692324 0.7307692307692307 0.39182692307692324
0 0.6057692307692307 0.31730769230769246 0.5817307692307693 0.31730769230769246 0.5817307692307693 0.35817307692307704 0.6057692307692307 0.35817307692307704