0 0.9110576923076923 0.8509615384615384 0.8581730769230769 0.8509615384615384 0.8581730769230769 0.9375 0.9110576923076923 0.9375
0 0.7908653846153846 0.8966346153846154 0.7259615384615384 0.8966346153846154 0.7259615384615384 0.9759615384615384 0.7908653846153846 0.9759615384615384
0 0.3461538461538463 0.9519230769230769 0.2812500000000001 0.9519230769230769 0.2812500000000001 1 0.3461538461538463 1
0 0.8942307692307693 1.0524308430172567e-16 0.8245192307692307 1.0097448367969763e-16 0.8245192307692307 0.13461538461538472 0.8942307692307693 0.13461538461538472
0 0.5456730769230769 0.12980769230769237 0.4807692307692308 0.12980769230769237 0.4807692307692308 0.2548076923076924 0.5456730769230769 0.2548076923076924
0 0.6778846153846154 0.25000000000000006 0.6105769230769231 0.25000000000000006 0.6105769230769231 0.38942307692307704 0.6778846153846154 0.38942307692307704
0 0.6225961538461539 0.3028846153846155 0.5504807692307693 0.3028846153846155 0.5504807692307693 0.44471153846153855 0.6225961538461539 0.4447115384615386
0 0.19230769230769237 0.4254807692307692 0.13942307692307698 0.4254807692307692 0.13942307692307698 0.5264423076923077 0.19230769230769237 0.5264423076923077
0 0.4110576923076923 0.44471153846153844 0.3557692307692308 0.44471153846153844 0.3557692307692308 0.5192307692307693 0.4110576923076923 0.5192307692307693
0 0.5817307692307693 0.43750000000000006 0.5216346153846154 0.4375 0.5216346153846154 0.528846153846154 0.5817307692307693 0.528846153846154
0 0.8918269230769231 0.3509615384615386 0.8100961538461539 0.3509615384615386 0.8100961538461539 0.5216346153846155 0.8918269230769231 0.5216346153846155
0 0.39903846153846156 0.46634615384615385 0.3485576923076923 0.46634615384615385 0.3485576923076923 0.5576923076923077 0.39903846153846156 0.5576923076923077
0 0.29086538461538464 0.024038461538461568 0.22355769230769232 0.024038461538461564 0.22355769230769232 0.1274038461538462 0.29086538461538464 0.1274038461538462
0 0.6899038461538461 0.43509615384615397 0.6177884615384616 0.43509615384615397 0.6177884615384616 0.5889423076923078 0.6899038461538461 0.5889423076923078
0 0.9206730769230769 0.4302884615384617 0.8653846153846154 0.4302884615384617 0.8653846153846154 0.5456730769230771 0.9206730769230769 0.5456730769230771
0 0.5865384615384616 0.48076923076923084 0.5048076923076923 0.4807692307692308 0.5048076923076924 0.6322115384615384 0.5865384615384617 0.6322115384615384
0 0.483173076923077 0.5576923076923077 0.4254807692307692 0.5576923076923077 0.4254807692307693 0.6586538461538461 0.48317307692307704 0.6586538461538461
0 0.4735576923076923 0.0024038461538462078 0.41346153846153844 0.002403846153846204 0.41346153846153844 0.10817307692307697 0.4735576923076923 0.108173076923077
0 0.5144230769230771 0.6394230769230769 0.4399038461538463 0.6394230769230769 0.4399038461538463 0.7403846153846154 0.5144230769230771 0.7403846153846154
0 0.6850961538461539 8.022025306914754e-17 0.625 7.654042494670958e-17 0.625 0.108173076923077 0.6850961538461539 0.108173076923077
0 0.2812500000000001 0.7211538461538461 0.20432692307692316 0.7211538461538461 0.20432692307692318 0.8677884615384616 0.2812500000000001 0.8677884615384616
0 0.9447115384615384 1.1186677492211398e-16 0.8822115384615384 1.0803975367477851e-16 0.8822115384615384 0.06250000000000011 0.9447115384615384 0.06250000000000012
0 0.8004807692307693 0.7283653846153846 0.7355769230769231 0.7283653846153846 0.7355769230769231 0.8341346153846154 0.8004807692307693 0.8341346153846154
0 0.33413461538461553 0.8581730769230769 0.27163461538461553 0.8581730769230769 0.27163461538461553 0.9663461538461539 0.33413461538461553 0.9663461538461539