0 0.6370192307692307 0.8990384615384616 0.5961538461538463 0.8990384615384616 0.5961538461538463 0.9663461538461539 0.6370192307692307 0.9663461538461539
0 0.7668269230769231 0.9302884615384616 0.7331730769230769 0.9302884615384616 0.7331730769230769 0.9735576923076923 0.7668269230769231 0.9735576923076923
0 0.7307692307692307 0.23557692307692316 0.6826923076923077 0.23557692307692316 0.6826923076923077 0.32932692307692324 0.7307692307692307 0.32932692307692324
0 0.5841346153846154 0.295673076923077 0.5408653846153846 0.295673076923077 0.5408653846153846 0.3725961538461539 0.5841346153846154 0.37259615384615397
0 0.8774038461538461 0.29807692307692324 0.8509615384615384 0.29807692307692324 0.8509615384615384 0.36057692307692324 0.8774038461538461 0.36057692307692324
0 0.5216346153846154 0.3245192307692308 0.4807692307692308 0.3245192307692308 0.4807692307692308 0.3918269230769231 0.5216346153846154 0.3918269230769231
0 0.26682692307692313 0.36778846153846156 0.22355769230769237 0.36778846153846156 0.22355769230769237 0.43509615384615385 0.26682692307692313 0.43509615384615385
0 0.9110576923076923 0.3245192307692309 0.875 0.3245192307692309 0.875 0.39182692307692324 0.9110576923076923 0.39182692307692324
0 0.4879807692307692 0.3894230769230769 0.4495192307692308 0.3894230769230769 0.4495192307692308 0.43990384615384615 0.4879807692307692 0.43990384615384615
0 0.8798076923076923 0.34855769230769246 0.8341346153846154 0.34855769230769246 0.8341346153846154 0.43509615384615397 0.8798076923076923 0.43509615384615397
0 0.7788461538461539 0.3701923076923078 0.7403846153846154 0.3701923076923078 0.7403846153846154 0.44230769230769246 0.7788461538461539 0.44230769230769246
0 0.7043269230769231 0.3870192307692309 0.6634615384615384 0.3870192307692309 0.6634615384615384 0.4399038461538463 0.7043269230769231 0.4399038461538463
0 0.33413461538461536 0.4495192307692308 0.2860576923076924 0.4495192307692308 0.2860576923076924 0.53125 0.33413461538461536 0.53125
0 0.8701923076923077 0.4134615384615386 0.8317307692307693 0.4134615384615386 0.8317307692307693 0.49038461538461553 0.8701923076923077 0.49038461538461553
0 0.7788461538461539 0.43509615384615397 0.7427884615384616 0.43509615384615397 0.7427884615384616 0.5024038461538463 0.7788461538461539 0.5024038461538463
0 0.5576923076923077 0.4735576923076923 0.5240384615384616 0.4735576923076923 0.5240384615384616 0.5216346153846154 0.5576923076923077 0.5216346153846154
0 0.6995192307692307 0.47836538461538475 0.6754807692307693 0.47836538461538475 0.6754807692307693 0.5360576923076924 0.6995192307692307 0.5360576923076924
0 0.18269230769230776 0.49759615384615385 0.12500000000000006 0.49759615384615385 0.12500000000000006 0.5961538461538461 0.18269230769230776 0.5961538461538461
0 0.055288461538461606 0.5216346153846154 0.0240384615384616 0.5216346153846154 0.024038461538461606 0.59375 0.055288461538461606 0.59375
0 0.7211538461538461 0.47836538461538475 0.6923076923076923 0.47836538461538475 0.6923076923076923 0.5576923076923078 0.7211538461538461 0.5576923076923078
0 0.591346153846154 0.5000000000000001 0.5504807692307693 0.5 0.5504807692307693 0.5649038461538463 0.591346153846154 0.5649038461538463
0 0.6322115384615384 0.528846153846154 0.6009615384615384 0.528846153846154 0.6009615384615385 0.6201923076923077 0.6322115384615384 0.6201923076923077
0 0.6634615384615384 0.6081730769230771 0.6346153846153846 0.6081730769230771 0.6346153846153846 0.6706730769230769 0.6634615384615384 0.6706730769230769
0 0.10096153846153855 0.6802884615384616 0.06009615384615393 0.6802884615384616 0.06009615384615393 0.7572115384615384 0.10096153846153856 0.7572115384615384
0 0.41105769230769246 0.6586538461538461 0.3701923076923078 0.6586538461538461 0.3701923076923078 0.7355769230769231 0.41105769230769246 0.7355769230769231
0 0.27644230769230776 0.6778846153846154 0.23076923076923084 0.6778846153846154 0.23076923076923084 0.7668269230769231 0.27644230769230776 0.7668269230769231
0 0.6225961538461539 0.6706730769230769 0.5865384615384617 0.6706730769230769 0.5865384615384617 0.7331730769230769 0.6225961538461539 0.7331730769230769
0 0.45913461538461553 0.6995192307692307 0.42307692307692324 0.6995192307692307 0.42307692307692324 0.7572115384615384 0.45913461538461553 0.7572115384615384
0 1 0.6730769230769231 0.96875 0.6730769230769231 0.96875 0.7596153846153846 1 0.7596153846153846
0 0.90625 0.7572115384615384 0.8653846153846154 0.7572115384615384 0.8653846153846154 0.8197115384615384 0.90625 0.8197115384615384
0 0.9639423076923077 0.7596153846153846 0.9230769230769231 0.7596153846153846 0.9230769230769231 0.8221153846153846 0.9639423076923077 0.8221153846153846
0 1 0.7764423076923077 0.9927884615384616 0.7764423076923077 0.9927884615384616 0.8149038461538461 1 0.8149038461538461
0 0.4615384615384617 0.8197115384615384 0.42067307692307704 0.8197115384615384 0.42067307692307704 0.8870192307692307 0.4615384615384617 0.8870192307692307
0 0.9471153846153846 0.8509615384615384 0.90625 0.8509615384615384 0.90625 0.9134615384615384 0.9471153846153846 0.9134615384615384