0 0.4807692307692309 0.8846153846153846 0.4014423076923078 0.8846153846153846 0.4014423076923078 1 0.4807692307692309 1
0 0.6442307692307693 0.03846153846153854 0.5600961538461539 0.03846153846153853 0.5600961538461539 0.20432692307692316 0.6442307692307693 0.20432692307692316
0 0.5985576923076923 0.08894230769230776 0.5336538461538461 0.08894230769230776 0.5336538461538461 0.20432692307692316 0.5985576923076923 0.20432692307692316
0 0.6995192307692307 0.10576923076923085 0.6225961538461539 0.10576923076923084 0.6225961538461539 0.23076923076923084 0.6995192307692307 0.23076923076923084
0 0.5288461538461539 0.1129807692307693 0.44471153846153844 0.1129807692307693 0.44471153846153844 0.2475961538461539 0.5288461538461539 0.2475961538461539
0 0.22355769230769232 0.08173076923076925 0.1346153846153846 0.08173076923076923 0.13461538461538464 0.23798076923076922 0.22355769230769232 0.23798076923076922
0 0.8605769230769231 0.20432692307692318 0.7668269230769231 0.20432692307692316 0.7668269230769231 0.37259615384615397 0.8605769230769231 0.37259615384615397
0 1 0.29567307692307704 0.9158653846153846 0.29567307692307704 0.9158653846153846 0.44711538461538475 1 0.44711538461538475
0 0.4254807692307692 0.2163461538461539 0.34615384615384615 0.2163461538461539 0.34615384615384615 0.3485576923076923 0.4254807692307692 0.3485576923076923
0 0.7019230769230769 0.31009615384615397 0.6225961538461539 0.31009615384615397 0.6225961538461539 0.4134615384615386 0.7019230769230769 0.4134615384615386
0 0.3557692307692308 3.974214372232998e-17 0.2932692307692308 3.591512247499449e-17 0.2932692307692308 0.04326923076923081 0.3557692307692308 0.043269230769230824
0 0.8028846153846154 0.038461538461538554 0.7403846153846154 0.03846153846153855 0.7403846153846154 0.1250000000000001 0.8028846153846154 0.1250000000000001
0 0.8485576923076923 0.42067307692307704 0.7668269230769231 0.42067307692307704 0.7668269230769231 0.5192307692307694 0.8485576923076923 0.5192307692307694
0 0.6322115384615384 0.37980769230769246 0.5600961538461539 0.37980769230769246 0.5600961538461539 0.48317307692307704 0.6322115384615384 0.48317307692307704
0 0.2692307692307692 2.781950060563098e-17 0.18509615384615385 2.2667741234217833e-17 0.18509615384615385 0.06971153846153849 0.2692307692307692 0.06971153846153849
0 0.28125000000000006 0.49038461538461536 0.2067307692307693 0.49038461538461536 0.2067307692307693 0.6081730769230769 0.28125000000000006 0.6081730769230769
0 0.40865384615384615 4.5335482468435667e-17 0.3317307692307692 4.0625302471715086e-17 0.3317307692307692 0.09375000000000003 0.40865384615384615 0.09375000000000003
0 1 0.0745192307692309 0.9591346153846154 0.0745192307692309 0.9591346153846154 0.1995192307692309 1 0.1995192307692309
0 0.5937500000000001 0.576923076923077 0.5144230769230771 0.5769230769230769 0.5144230769230771 0.7283653846153846 0.5937500000000001 0.7283653846153846
0 0.6418269230769231 0.6153846153846154 0.5480769230769232 0.6153846153846154 0.5480769230769232 0.7668269230769231 0.6418269230769231 0.7668269230769231
0 0.5360576923076923 0.02884615384615391 0.46875 0.028846153846153907 0.46875 0.12500000000000006 0.5360576923076923 0.12500000000000006
0 0.5240384615384617 0.7668269230769231 0.44230769230769246 0.7668269230769231 0.44230769230769246 0.8725961538461539 0.5240384615384617 0.8725961538461539
0 0.6322115384615384 0.78125 0.5504807692307694 0.78125 0.5504807692307694 0.8942307692307693 0.6322115384615384 0.8942307692307693
0 0.7764423076923077 0.8197115384615384 0.6899038461538461 0.8197115384615384 0.6899038461538461 0.9639423076923077 0.7764423076923077 0.9639423076923077
0 0.5504807692307694 0.8509615384615384 0.4639423076923078 0.8509615384615384 0.4639423076923078 0.9783653846153846 0.5504807692307694 0.9783653846153846
0 0.8533653846153846 0.8942307692307693 0.7668269230769231 0.8942307692307693 0.7668269230769231 1 0.8533653846153846 1