0 0.6394230769230769 0.5985576923076924 0.6105769230769232 0.5985576923076924 0.6105769230769232 0.6225961538461539 0.6394230769230769 0.6225961538461539
0 0.6442307692307693 0.4687500000000001 0.6105769230769231 0.4687500000000001 0.6105769230769231 0.5072115384615385 0.6442307692307693 0.5072115384615385
0 0.6225961538461539 0.6298076923076923 0.5961538461538463 0.6298076923076923 0.5961538461538463 0.6586538461538461 0.6225961538461539 0.6586538461538461
0 0.6201923076923077 0.4879807692307694 0.5841346153846154 0.4879807692307694 0.5841346153846154 0.5240384615384617 0.6201923076923077 0.5240384615384617
0 0.6105769230769231 0.5480769230769232 0.5769230769230769 0.5480769230769232 0.576923076923077 0.5793269230769232 0.6105769230769232 0.5793269230769232
0 0.5817307692307694 0.6225961538461539 0.5528846153846155 0.6225961538461539 0.5528846153846155 0.6490384615384616 0.5817307692307694 0.6490384615384616
0 0.5673076923076923 0.4975961538461539 0.5456730769230769 0.49759615384615385 0.5456730769230769 0.5192307692307693 0.5673076923076923 0.5192307692307694
0 0.5673076923076924 0.6322115384615384 0.543269230769231 0.6322115384615384 0.543269230769231 0.6586538461538461 0.5673076923076924 0.6586538461538461
0 0.5552884615384616 0.5576923076923077 0.5264423076923077 0.5576923076923077 0.5264423076923077 0.5841346153846154 0.5552884615384617 0.5841346153846154
0 0.5649038461538463 0.6322115384615384 0.5312500000000001 0.6322115384615384 0.5312500000000001 0.6634615384615384 0.5649038461538463 0.6634615384615384
0 0.560096153846154 0.5817307692307693 0.5216346153846155 0.5817307692307693 0.5216346153846155 0.6129807692307693 0.560096153846154 0.6129807692307694
0 0.5432692307692307 0.4951923076923077 0.5192307692307693 0.4951923076923077 0.5192307692307693 0.5192307692307693 0.5432692307692307 0.5192307692307693
0 0.5360576923076923 0.33653846153846156 0.5 0.33653846153846156 0.5 0.36778846153846156 0.5360576923076923 0.36778846153846156
0 0.5288461538461539 0.49038461538461536 0.49278846153846156 0.49038461538461536 0.49278846153846156 0.5216346153846154 0.5288461538461539 0.5216346153846154
0 0.5288461538461539 0.4230769230769231 0.49759615384615385 0.4230769230769231 0.49759615384615385 0.4495192307692308 0.5288461538461539 0.4495192307692308
0 0.5240384615384616 0.44471153846153844 0.49038461538461536 0.44471153846153844 0.49038461538461536 0.47115384615384615 0.5240384615384616 0.47115384615384615
0 0.5024038461538463 0.5745192307692307 0.4711538461538463 0.5745192307692307 0.4711538461538463 0.6009615384615384 0.5024038461538463 0.6009615384615384
0 0.5 0.5 0.47115384615384615 0.5 0.47115384615384615 0.5264423076923077 0.5 0.5264423076923077
0 0.49759615384615385 0.5192307692307693 0.46875 0.5192307692307693 0.46875 0.5480769230769231 0.49759615384615385 0.5480769230769231
0 0.4951923076923078 0.6394230769230769 0.4615384615384617 0.6394230769230769 0.4615384615384617 0.6706730769230769 0.4951923076923078 0.6706730769230769
0 0.47836538461538475 0.5769230769230769 0.4495192307692309 0.5769230769230769 0.4495192307692309 0.6057692307692307 0.47836538461538475 0.6057692307692307
0 0.45913461538461553 0.5600961538461539 0.4375000000000001 0.5600961538461539 0.4375000000000001 0.5793269230769231 0.45913461538461553 0.5793269230769231
0 0.45913461538461553 0.6322115384615384 0.4302884615384617 0.6322115384615384 0.4302884615384617 0.65625 0.45913461538461553 0.65625
0 0.46153846153846156 0.46634615384615385 0.43028846153846156 0.46634615384615385 0.43028846153846156 0.49278846153846156 0.46153846153846156 0.49278846153846156
0 0.45192307692307704 0.5817307692307693 0.4254807692307694 0.5817307692307693 0.4254807692307694 0.6081730769230769 0.45192307692307704 0.6081730769230769
0 0.46153846153846156 0.31009615384615385 0.4230769230769231 0.31009615384615385 0.4230769230769231 0.34375 0.46153846153846156 0.34375
0 0.4519230769230769 0.4495192307692308 0.4182692307692308 0.4495192307692308 0.4182692307692308 0.47836538461538464 0.4519230769230769 0.47836538461538464
0 0.4423076923076923 0.47115384615384615 0.4110576923076923 0.47115384615384615 0.4110576923076923 0.49759615384615385 0.4423076923076923 0.49759615384615385
0 0.43509615384615385 0.5168269230769231 0.40625 0.5168269230769231 0.40625 0.5408653846153846 0.43509615384615385 0.5408653846153846
0 0.41346153846153844 0.4423076923076923 0.38461538461538464 0.4423076923076923 0.38461538461538464 0.46875 0.41346153846153844 0.46875
0 0.4086538461538463 0.5649038461538461 0.3750000000000001 0.5649038461538461 0.3750000000000001 0.5961538461538461 0.4086538461538463 0.5961538461538461
0 0.39663461538461553 0.5841346153846154 0.35817307692307704 0.5841346153846154 0.35817307692307704 0.6129807692307693 0.39663461538461553 0.6129807692307693
0 0.3942307692307692 0.4230769230769231 0.3605769230769231 0.4230769230769231 0.3605769230769231 0.4543269230769231 0.3942307692307692 0.4543269230769231
0 0.37980769230769246 0.6682692307692307 0.3509615384615386 0.6682692307692307 0.3509615384615386 0.6971153846153846 0.37980769230769246 0.6971153846153846
0 0.38701923076923084 0.5336538461538461 0.3485576923076923 0.5336538461538461 0.3485576923076924 0.5697115384615384 0.3870192307692309 0.5697115384615384
0 0.37980769230769246 0.5697115384615384 0.35336538461538475 0.5697115384615384 0.35336538461538475 0.5961538461538461 0.37980769230769246 0.5961538461538461
0 0.3605769230769231 0.49038461538461536 0.3389423076923077 0.49038461538461536 0.3389423076923077 0.5120192307692307 0.3605769230769231 0.5120192307692307
0 0.3389423076923077 0.4254807692307692 0.31490384615384615 0.4254807692307692 0.31490384615384615 0.4519230769230769 0.3389423076923077 0.4519230769230769
0 0.3317307692307692 0.5096153846153846 0.3028846153846155 0.5096153846153846 0.3028846153846155 0.5360576923076923 0.3317307692307692 0.5360576923076923
0 0.3076923076923077 0.5048076923076923 0.2860576923076924 0.5048076923076923 0.2860576923076924 0.5264423076923077 0.3076923076923077 0.5264423076923077
0 0.3076923076923077 0.49278846153846156 0.2908653846153847 0.49278846153846156 0.2908653846153847 0.5096153846153846 0.3076923076923077 0.5096153846153846
0 0.29807692307692313 0.4735576923076923 0.2740384615384616 0.4735576923076923 0.2740384615384616 0.49759615384615385 0.29807692307692313 0.49759615384615385