0 0.3245192307692308 0.4375 0.29326923076923084 0.4375 0.29326923076923084 0.4519230769230769 0.3245192307692308 0.4519230769230769
0 0.3269230769230769 0.5 0.3052884615384616 0.5 0.3052884615384616 0.5144230769230769 0.3269230769230769 0.5144230769230769
0 0.34375000000000006 0.5432692307692307 0.3076923076923077 0.5432692307692307 0.30769230769230776 0.5600961538461539 0.3437500000000001 0.5600961538461539
0 0.35336538461538475 0.5697115384615384 0.3437500000000001 0.5697115384615384 0.3437500000000001 0.5769230769230769 0.35336538461538475 0.5769230769230769
0 0.35336538461538464 0.4543269230769231 0.33413461538461536 0.4543269230769231 0.33413461538461536 0.4639423076923077 0.35336538461538464 0.4639423076923077
0 0.3605769230769231 0.4254807692307692 0.33653846153846156 0.4254807692307692 0.33653846153846156 0.4423076923076923 0.3605769230769231 0.4423076923076923
0 0.3750000000000001 0.59375 0.35336538461538475 0.59375 0.35336538461538475 0.6081730769230769 0.3750000000000001 0.6081730769230769
0 0.36778846153846156 0.4375 0.34615384615384615 0.4375 0.34615384615384615 0.4495192307692308 0.36778846153846156 0.4495192307692308
0 0.3894230769230769 0.46634615384615385 0.36778846153846156 0.46634615384615385 0.36778846153846156 0.47836538461538464 0.3894230769230769 0.47836538461538464
0 0.40865384615384615 0.4831730769230769 0.38461538461538464 0.4831730769230769 0.38461538461538464 0.5024038461538461 0.40865384615384615 0.5024038461538461
0 0.4110576923076923 0.40625 0.38461538461538464 0.40625 0.38461538461538464 0.4230769230769231 0.4110576923076923 0.4230769230769231
0 0.4230769230769231 0.46153846153846156 0.39663461538461536 0.46153846153846156 0.39663461538461536 0.47836538461538464 0.4230769230769231 0.47836538461538464
0 0.4375 0.5072115384615384 0.4110576923076923 0.5072115384615384 0.4110576923076923 0.5216346153846154 0.4375 0.5216346153846154
0 0.4471153846153847 0.5456730769230769 0.4182692307692308 0.5456730769230769 0.41826923076923084 0.5625 0.44711538461538475 0.5625
0 0.4375 0.4230769230769231 0.40865384615384615 0.4230769230769231 0.40865384615384615 0.43990384615384615 0.4375 0.43990384615384615
0 0.43990384615384615 0.4807692307692308 0.41586538461538464 0.4807692307692308 0.41586538461538464 0.49759615384615385 0.43990384615384615 0.49759615384615385
0 0.44711538461538464 0.40625 0.4230769230769231 0.40625 0.4230769230769231 0.42788461538461536 0.44711538461538464 0.42788461538461536
0 0.4639423076923077 0.43509615384615385 0.43990384615384615 0.43509615384615385 0.43990384615384615 0.4495192307692308 0.4639423076923077 0.4495192307692308
0 0.47115384615384615 0.39663461538461536 0.44711538461538464 0.39663461538461536 0.44711538461538464 0.41346153846153844 0.47115384615384615 0.41346153846153844
0 0.4807692307692308 0.42788461538461536 0.4519230769230769 0.42788461538461536 0.4519230769230769 0.43990384615384615 0.4807692307692308 0.43990384615384615
0 0.4879807692307692 0.4543269230769231 0.46153846153846156 0.4543269230769231 0.46153846153846156 0.46875 0.4879807692307692 0.46875
0 0.5024038461538461 0.5384615384615384 0.4735576923076923 0.5384615384615384 0.4735576923076923 0.5552884615384616 0.5024038461538461 0.5552884615384616
0 0.5 0.46153846153846156 0.46634615384615385 0.46153846153846156 0.46634615384615385 0.47596153846153844 0.5 0.47596153846153844
0 0.5072115384615384 0.5048076923076923 0.4855769230769231 0.5048076923076923 0.4855769230769231 0.5144230769230769 0.5072115384615384 0.5144230769230769
0 0.5216346153846154 0.41346153846153844 0.49278846153846156 0.41346153846153844 0.49278846153846156 0.4326923076923077 0.5216346153846154 0.4326923076923077
0 0.5336538461538461 0.4879807692307692 0.5048076923076923 0.4879807692307692 0.5048076923076923 0.5096153846153846 0.5336538461538461 0.5096153846153846
0 0.5432692307692307 0.53125 0.5120192307692307 0.53125 0.5120192307692307 0.5480769230769231 0.5432692307692307 0.5480769230769231
0 0.5456730769230769 0.46153846153846156 0.5168269230769231 0.46153846153846156 0.5168269230769231 0.47596153846153844 0.5456730769230769 0.47596153846153844
0 0.5576923076923077 0.47836538461538464 0.5336538461538461 0.47836538461538464 0.5336538461538461 0.49759615384615385 0.5576923076923077 0.49759615384615385
0 0.5600961538461539 0.4471153846153847 0.53125 0.44711538461538464 0.53125 0.4615384615384616 0.5600961538461539 0.4615384615384617
0 0.59375 0.42307692307692313 0.5576923076923077 0.4230769230769231 0.5576923076923077 0.43750000000000006 0.59375 0.4375000000000001
0 0.6009615384615384 0.40384615384615397 0.5697115384615384 0.40384615384615397 0.5697115384615384 0.42067307692307704 0.6009615384615384 0.42067307692307704
0 0.6225961538461539 0.5072115384615385 0.5985576923076923 0.5072115384615385 0.5985576923076923 0.5216346153846155 0.6225961538461539 0.5216346153846155
0 0.625 0.49759615384615397 0.5961538461538461 0.49759615384615397 0.5961538461538461 0.5144230769230771 0.625 0.5144230769230771
0 0.6370192307692307 0.4399038461538463 0.5985576923076923 0.4399038461538463 0.5985576923076923 0.4567307692307694 0.6370192307692307 0.4567307692307694
0 0.6442307692307693 0.42307692307692324 0.6033653846153846 0.42307692307692324 0.6033653846153846 0.4399038461538463 0.6442307692307693 0.4399038461538463
0 0.6658653846153846 0.3990384615384617 0.6394230769230769 0.3990384615384617 0.6394230769230769 0.41586538461538475 0.6658653846153846 0.41586538461538475
0 0.7043269230769231 0.4711538461538463 0.6730769230769231 0.4711538461538463 0.6730769230769231 0.4879807692307694 0.7043269230769231 0.4879807692307694