0 0.4302884615384617 0.8341346153846154 0.38461538461538475 0.8341346153846154 0.38461538461538475 0.8653846153846154 0.4302884615384617 0.8653846153846154
0 0.13221153846153857 0.7596153846153846 0.08653846153846165 0.7596153846153846 0.08653846153846165 0.7908653846153846 0.13221153846153857 0.7908653846153846
0 0.17788461538461545 0.7115384615384616 0.13942307692307704 0.7115384615384616 0.13942307692307704 0.7379807692307693 0.17788461538461545 0.7379807692307693
0 0.12740384615384623 0.6971153846153846 0.09134615384615391 0.6971153846153846 0.09134615384615394 0.7259615384615384 0.12740384615384626 0.7259615384615384
0 0.2788461538461539 0.7163461538461539 0.24278846153846162 0.7163461538461539 0.24278846153846162 0.7427884615384616 0.2788461538461539 0.7427884615384616
0 0.591346153846154 0.7211538461538461 0.5552884615384617 0.7211538461538461 0.5552884615384617 0.7524038461538461 0.591346153846154 0.7524038461538461
0 0.25721153846153855 0.6778846153846154 0.21875000000000006 0.6778846153846154 0.21875000000000006 0.7067307692307693 0.25721153846153855 0.7067307692307693
0 0.24038461538461545 0.6586538461538461 0.20192307692307698 0.6586538461538461 0.20192307692307698 0.6899038461538461 0.24038461538461545 0.6899038461538461
0 0.34134615384615397 0.6418269230769231 0.295673076923077 0.6418269230769231 0.295673076923077 0.6754807692307693 0.34134615384615397 0.6754807692307693
0 0.4326923076923078 0.6394230769230769 0.3942307692307694 0.6394230769230769 0.3942307692307694 0.6730769230769231 0.4326923076923078 0.6730769230769231
0 0.4639423076923078 0.5793269230769231 0.42788461538461553 0.5793269230769231 0.42788461538461553 0.6081730769230769 0.4639423076923078 0.6081730769230769
0 0.5528846153846155 0.5649038461538461 0.5096153846153848 0.5649038461538461 0.5096153846153848 0.5961538461538461 0.5528846153846155 0.5961538461538461
0 0.5721153846153846 0.5216346153846154 0.5288461538461539 0.5216346153846154 0.5288461538461539 0.5552884615384616 0.5721153846153846 0.5552884615384617
0 0.6923076923076923 0.574519230769231 0.6466346153846154 0.574519230769231 0.6466346153846154 0.6081730769230771 0.6923076923076923 0.6081730769230771
0 0.6971153846153846 0.5408653846153848 0.6514423076923077 0.5408653846153848 0.6514423076923077 0.574519230769231 0.6971153846153846 0.574519230769231
0 0.6322115384615384 0.4711538461538463 0.6057692307692307 0.4711538461538463 0.6057692307692307 0.4927884615384617 0.6322115384615384 0.4927884615384617
0 0.6057692307692307 0.44711538461538475 0.5745192307692307 0.44711538461538475 0.5745192307692307 0.4759615384615386 0.6057692307692307 0.4759615384615386
0 0.46875 0.4639423076923077 0.43509615384615385 0.4639423076923077 0.43509615384615385 0.4951923076923077 0.46875 0.4951923076923077
0 0.47836538461538464 0.4855769230769231 0.4375 0.4855769230769231 0.4375 0.5144230769230769 0.47836538461538464 0.5144230769230769
0 0.44711538461538464 0.4807692307692308 0.4182692307692308 0.4807692307692308 0.4182692307692308 0.5096153846153846 0.44711538461538464 0.5096153846153846
0 0.4110576923076923 0.46153846153846156 0.3798076923076923 0.46153846153846156 0.3798076923076923 0.49038461538461536 0.4110576923076923 0.49038461538461536
0 0.5673076923076923 0.37019230769230776 0.5240384615384616 0.3701923076923077 0.5240384615384616 0.40144230769230776 0.5673076923076923 0.4014423076923078
0 0.5144230769230769 0.34134615384615385 0.47596153846153844 0.34134615384615385 0.47596153846153844 0.37259615384615385 0.5144230769230769 0.37259615384615385
0 0.43990384615384615 0.34134615384615385 0.40384615384615385 0.34134615384615385 0.40384615384615385 0.36538461538461536 0.43990384615384615 0.36538461538461536
0 0.4543269230769231 0.3581730769230769 0.40865384615384615 0.3581730769230769 0.40865384615384615 0.3918269230769231 0.4543269230769231 0.3918269230769231
0 0.34615384615384615 0.43509615384615385 0.3004807692307693 0.43509615384615385 0.3004807692307693 0.46875 0.34615384615384615 0.46875
0 0.3605769230769231 0.3894230769230769 0.3293269230769231 0.3894230769230769 0.3293269230769231 0.4182692307692308 0.3605769230769231 0.4182692307692308
0 0.3629807692307692 0.37740384615384615 0.32211538461538464 0.37740384615384615 0.32211538461538464 0.40384615384615385 0.3629807692307692 0.40384615384615385
0 0.40625 0.37740384615384615 0.3798076923076923 0.37740384615384615 0.3798076923076923 0.40384615384615385 0.40625 0.40384615384615385
0 0.3052884615384616 0.40865384615384615 0.264423076923077 0.40865384615384615 0.264423076923077 0.43509615384615385 0.3052884615384616 0.43509615384615385
0 0.2716346153846155 0.4230769230769231 0.2283653846153847 0.4230769230769231 0.2283653846153847 0.4567307692307692 0.2716346153846155 0.4567307692307692
0 0.25000000000000006 0.4495192307692308 0.2163461538461539 0.4495192307692308 0.2163461538461539 0.4807692307692308 0.25000000000000006 0.4807692307692308
0 0.26682692307692313 0.4831730769230769 0.23557692307692316 0.4831730769230769 0.23557692307692316 0.5120192307692307 0.26682692307692313 0.5120192307692307
0 0.2379807692307693 0.5216346153846154 0.19471153846153852 0.5216346153846154 0.19471153846153852 0.5552884615384616 0.2379807692307693 0.5552884615384616
0 0.16105769230769237 0.5096153846153846 0.12019230769230776 0.5096153846153846 0.12019230769230776 0.5360576923076923 0.16105769230769237 0.5360576923076923
0 0.13942307692307698 0.5264423076923077 0.11538461538461545 0.5264423076923077 0.11538461538461545 0.5480769230769231 0.13942307692307698 0.5480769230769231
0 0.2163461538461539 0.5576923076923077 0.18028846153846162 0.5576923076923077 0.18028846153846162 0.5865384615384616 0.2163461538461539 0.5865384615384616
0 0.22596153846153852 0.5889423076923077 0.19230769230769237 0.5889423076923077 0.19230769230769237 0.6177884615384616 0.22596153846153852 0.6177884615384616
0 0.31250000000000006 0.5384615384615384 0.2860576923076924 0.5384615384615384 0.2860576923076924 0.5649038461538461 0.3125000000000001 0.5649038461538461
0 0.3365384615384616 0.5336538461538461 0.3125 0.5336538461538461 0.31250000000000006 0.5600961538461539 0.3365384615384617 0.5600961538461539
0 0.38461538461538464 0.38221153846153844 0.35096153846153844 0.38221153846153844 0.35096153846153844 0.41346153846153844 0.38461538461538464 0.41346153846153844