0 0.33653846153846156 0.31490384615384615 0.3125 0.31490384615384615 0.3125 0.38221153846153844 0.33653846153846156 0.38221153846153844
0 0.7427884615384616 0.3245192307692309 0.7211538461538461 0.3245192307692309 0.7211538461538461 0.3677884615384617 0.7427884615384616 0.3677884615384617
0 0.3028846153846155 0.3389423076923077 0.28125000000000006 0.3389423076923077 0.28125000000000006 0.38221153846153844 0.3028846153846155 0.38221153846153844
0 0.7668269230769231 0.3389423076923078 0.7451923076923077 0.3389423076923078 0.7451923076923077 0.37980769230769246 0.7668269230769231 0.37980769230769246
0 0.6129807692307693 0.34134615384615397 0.5865384615384616 0.34134615384615397 0.5865384615384616 0.3990384615384617 0.6129807692307693 0.3990384615384617
0 0.7740384615384616 0.3750000000000001 0.7475961538461539 0.3750000000000001 0.7475961538461539 0.4182692307692309 0.7740384615384616 0.4182692307692309
0 0.5745192307692307 0.3725961538461539 0.5528846153846154 0.37259615384615385 0.5528846153846154 0.4302884615384616 0.5745192307692307 0.4302884615384617
0 0.7163461538461539 0.42067307692307704 0.6923076923076923 0.42067307692307704 0.6923076923076923 0.4639423076923078 0.7163461538461539 0.4639423076923078
0 0.6057692307692307 0.4134615384615386 0.5793269230769231 0.4134615384615386 0.5793269230769231 0.4687500000000001 0.6057692307692307 0.4687500000000001
0 0.23317307692307698 0.42788461538461536 0.2067307692307693 0.42788461538461536 0.2067307692307693 0.46875 0.23317307692307698 0.46875
0 0.8581730769230769 0.4134615384615386 0.8293269230769231 0.4134615384615386 0.8293269230769231 0.4711538461538463 0.8581730769230769 0.4711538461538463
0 0.5408653846153846 0.4230769230769231 0.5120192307692307 0.4230769230769231 0.5120192307692307 0.4855769230769231 0.5408653846153846 0.4855769230769231
0 0.8942307692307693 0.42067307692307704 0.8701923076923077 0.42067307692307704 0.8701923076923077 0.48557692307692324 0.8942307692307693 0.48557692307692324
0 0.43990384615384615 0.42788461538461536 0.4110576923076923 0.42788461538461536 0.4110576923076923 0.4855769230769231 0.43990384615384615 0.4855769230769231
0 0.7091346153846154 0.4447115384615386 0.6850961538461539 0.4447115384615386 0.6850961538461539 0.4879807692307694 0.7091346153846154 0.4879807692307694
0 0.5072115384615384 0.44711538461538464 0.4855769230769231 0.44711538461538464 0.4855769230769231 0.49278846153846156 0.5072115384615384 0.49278846153846156
0 0.49278846153846156 0.47115384615384615 0.4639423076923077 0.47115384615384615 0.4639423076923077 0.5240384615384616 0.49278846153846156 0.5240384615384616
0 0.2692307692307693 0.4807692307692308 0.24278846153846162 0.4807692307692308 0.24278846153846162 0.5336538461538461 0.2692307692307693 0.5336538461538461
0 0.6586538461538461 0.48317307692307704 0.6322115384615384 0.48317307692307704 0.6322115384615384 0.5408653846153848 0.6586538461538461 0.5408653846153848
0 0.8389423076923077 0.5144230769230771 0.8149038461538461 0.5144230769230771 0.8149038461538461 0.5697115384615385 0.8389423076923077 0.5697115384615385
0 0.75 0.5240384615384617 0.71875 0.5240384615384617 0.71875 0.574519230769231 0.75 0.574519230769231
0 0.5336538461538463 0.5144230769230769 0.5096153846153846 0.5144230769230769 0.5096153846153847 0.5985576923076923 0.5336538461538463 0.5985576923076923
0 0.8605769230769231 0.543269230769231 0.8389423076923077 0.543269230769231 0.8389423076923077 0.5937500000000001 0.8605769230769231 0.5937500000000001
0 0.9783653846153846 0.5360576923076924 0.9471153846153846 0.5360576923076924 0.9471153846153846 0.5817307692307694 0.9783653846153846 0.5817307692307694
0 0.25721153846153855 0.5336538461538461 0.23557692307692316 0.5336538461538461 0.23557692307692316 0.5841346153846154 0.25721153846153855 0.5841346153846154
0 0.8197115384615384 0.5528846153846155 0.8052884615384616 0.5528846153846155 0.8052884615384616 0.6009615384615385 0.8197115384615384 0.6009615384615385
0 0.3990384615384617 0.5600961538461539 0.3750000000000001 0.5600961538461539 0.3750000000000001 0.6153846153846154 0.3990384615384617 0.6153846153846154
0 0.4567307692307694 0.5673076923076923 0.4302884615384617 0.5673076923076923 0.4302884615384617 0.6394230769230769 0.4567307692307694 0.6394230769230769
0 0.8365384615384616 0.5889423076923078 0.8149038461538461 0.5889423076923078 0.8149038461538461 0.6298076923076923 0.8365384615384616 0.6298076923076923
0 0.8149038461538461 0.6225961538461539 0.7884615384615384 0.6225961538461539 0.7884615384615384 0.6826923076923077 0.8149038461538461 0.6826923076923077
0 0.9591346153846154 0.6370192307692307 0.9326923076923077 0.6370192307692307 0.9326923076923077 0.6754807692307693 0.9591346153846154 0.6754807692307693
0 0.5024038461538463 0.6201923076923077 0.47836538461538475 0.6201923076923077 0.47836538461538475 0.6826923076923077 0.5024038461538463 0.6826923076923077
0 0.6201923076923077 0.6466346153846154 0.5889423076923078 0.6466346153846154 0.5889423076923078 0.7091346153846154 0.6201923076923077 0.7091346153846154
0 0.8653846153846154 0.6682692307692307 0.84375 0.6682692307692307 0.84375 0.7211538461538461 0.8653846153846154 0.7211538461538461
0 0.9495192307692307 0.7307692307692307 0.9278846153846154 0.7307692307692307 0.9278846153846154 0.78125 0.9495192307692307 0.78125
0 0.6826923076923077 0.7764423076923077 0.6586538461538461 0.7764423076923077 0.6586538461538461 0.8365384615384616 0.6826923076923077 0.8365384615384616
0 0.9038461538461539 0.7836538461538461 0.8774038461538461 0.7836538461538461 0.8774038461538461 0.8389423076923077 0.9038461538461539 0.8389423076923077
0 0.6899038461538461 0.8485576923076923 0.6538461538461539 0.8485576923076923 0.6538461538461539 0.9230769230769231 0.6899038461538461 0.9230769230769231