0 0.5024038461538461 0.2475961538461539 0.47596153846153844 0.2475961538461539 0.47596153846153844 0.2740384615384616 0.5024038461538461 0.2740384615384616
0 0.4519230769230769 0.27644230769230776 0.4254807692307692 0.27644230769230776 0.4254807692307692 0.3125 0.4519230769230769 0.3125
0 0.6009615384615384 0.2548076923076924 0.5793269230769231 0.2548076923076924 0.5793269230769231 0.2860576923076924 0.6009615384615384 0.2860576923076924
0 0.4230769230769231 0.3389423076923077 0.39903846153846156 0.3389423076923077 0.39903846153846156 0.36538461538461536 0.4230769230769231 0.36538461538461536
0 0.59375 0.2908653846153847 0.5649038461538461 0.2908653846153847 0.5649038461538461 0.32211538461538475 0.59375 0.32211538461538475
0 0.4182692307692308 0.375 0.3942307692307692 0.375 0.3942307692307692 0.39903846153846156 0.4182692307692308 0.39903846153846156
0 0.36538461538461536 0.3942307692307692 0.34134615384615385 0.3942307692307692 0.34134615384615385 0.4182692307692308 0.36538461538461536 0.4182692307692308
0 0.6274038461538461 0.32932692307692324 0.6057692307692307 0.32932692307692324 0.6057692307692307 0.3557692307692309 0.6274038461538461 0.3557692307692309
0 0.5192307692307693 0.3605769230769231 0.5 0.3605769230769231 0.5 0.3870192307692308 0.5192307692307693 0.3870192307692308
0 0.4735576923076923 0.38221153846153844 0.4543269230769231 0.38221153846153844 0.4543269230769231 0.40625 0.4735576923076923 0.40625
0 0.6201923076923077 0.3461538461538463 0.5961538461538461 0.3461538461538463 0.5961538461538461 0.3701923076923078 0.6201923076923077 0.3701923076923078
0 0.5841346153846154 0.3701923076923078 0.5649038461538461 0.3701923076923078 0.5649038461538461 0.3990384615384617 0.5841346153846154 0.3990384615384617
0 0.6658653846153846 0.3509615384615386 0.6394230769230769 0.3509615384615386 0.6394230769230769 0.37980769230769246 0.6658653846153846 0.37980769230769246
0 0.37259615384615385 0.43509615384615385 0.3581730769230769 0.43509615384615385 0.3581730769230769 0.4519230769230769 0.37259615384615385 0.4519230769230769
0 0.3798076923076923 0.44471153846153844 0.3605769230769231 0.44471153846153844 0.3605769230769231 0.4639423076923077 0.3798076923076923 0.4639423076923077
0 0.44471153846153844 0.4326923076923077 0.43028846153846156 0.4326923076923077 0.43028846153846156 0.4495192307692308 0.44471153846153844 0.4495192307692308
0 0.5096153846153846 0.43028846153846156 0.4831730769230769 0.43028846153846156 0.4831730769230769 0.45913461538461536 0.5096153846153846 0.45913461538461536
0 0.6634615384615384 0.40384615384615397 0.6346153846153846 0.40384615384615397 0.6346153846153846 0.4375000000000001 0.6634615384615384 0.4375000000000001
0 0.5793269230769231 0.4302884615384617 0.5600961538461539 0.4302884615384617 0.5600961538461539 0.45432692307692324 0.5793269230769231 0.45432692307692324
0 0.33653846153846156 0.5048076923076923 0.3052884615384616 0.5048076923076923 0.3052884615384616 0.5384615384615384 0.33653846153846156 0.5384615384615384
0 0.5336538461538461 0.4519230769230769 0.5096153846153846 0.4519230769230769 0.5096153846153846 0.4831730769230769 0.5336538461538461 0.4831730769230769
0 0.3798076923076923 0.5 0.3581730769230769 0.5 0.3581730769230769 0.5240384615384616 0.3798076923076923 0.5240384615384616
0 0.47115384615384615 0.4807692307692308 0.44711538461538464 0.4807692307692308 0.44711538461538464 0.5024038461538461 0.47115384615384615 0.5024038461538461
0 0.6826923076923077 0.4302884615384617 0.65625 0.4302884615384617 0.65625 0.4639423076923078 0.6826923076923077 0.4639423076923078
0 0.5625 0.48557692307692313 0.5384615384615384 0.4855769230769231 0.5384615384615384 0.5096153846153847 0.5625 0.5096153846153848
0 0.6899038461538461 0.4567307692307694 0.6682692307692307 0.4567307692307694 0.6682692307692307 0.48317307692307704 0.6899038461538461 0.48317307692307704
0 0.6850961538461539 0.48557692307692324 0.6610576923076923 0.48557692307692324 0.6610576923076923 0.512019230769231 0.6850961538461539 0.512019230769231
0 0.528846153846154 0.5432692307692307 0.5 0.5432692307692307 0.5000000000000001 0.5721153846153846 0.528846153846154 0.5721153846153846
0 0.3437500000000001 0.5913461538461539 0.3197115384615386 0.5913461538461539 0.3197115384615386 0.625 0.3437500000000001 0.625
0 0.5865384615384616 0.5360576923076924 0.5625 0.5360576923076924 0.5625000000000001 0.560096153846154 0.5865384615384617 0.560096153846154
0 0.7091346153846154 0.5048076923076924 0.6802884615384616 0.5048076923076924 0.6802884615384616 0.5408653846153848 0.7091346153846154 0.5408653846153848
0 0.5168269230769232 0.5625 0.49759615384615397 0.5625 0.49759615384615397 0.5817307692307693 0.5168269230769232 0.5817307692307693
0 0.6610576923076923 0.5336538461538463 0.6394230769230769 0.5336538461538463 0.6394230769230769 0.5576923076923078 0.6610576923076923 0.5576923076923078
0 0.6826923076923077 0.528846153846154 0.6634615384615384 0.528846153846154 0.6634615384615384 0.5480769230769232 0.6826923076923077 0.5480769230769232
0 0.6370192307692307 0.5528846153846155 0.6057692307692307 0.5528846153846155 0.6057692307692308 0.5841346153846155 0.6370192307692307 0.5841346153846155
0 0.6706730769230769 0.5528846153846155 0.6466346153846154 0.5528846153846155 0.6466346153846154 0.5769230769230771 0.6706730769230769 0.5769230769230771
0 0.47355769230769246 0.6177884615384616 0.4495192307692309 0.6177884615384616 0.4495192307692309 0.6418269230769231 0.47355769230769246 0.6418269230769231
0 0.6418269230769231 0.5769230769230771 0.6153846153846154 0.5769230769230771 0.6153846153846154 0.6033653846153848 0.6418269230769231 0.6033653846153848
0 0.6105769230769232 0.6274038461538461 0.5865384615384617 0.6274038461538461 0.5865384615384617 0.6514423076923077 0.6105769230769232 0.6514423076923077
0 0.6971153846153846 0.6081730769230771 0.6754807692307693 0.6081730769230771 0.6754807692307693 0.6298076923076923 0.6971153846153846 0.6298076923076923
0 0.6802884615384616 0.6418269230769231 0.65625 0.6418269230769231 0.65625 0.6706730769230769 0.6802884615384616 0.6706730769230769
0 0.7283653846153846 0.6490384615384616 0.7043269230769231 0.6490384615384616 0.7043269230769231 0.6778846153846154 0.7283653846153846 0.6778846153846154