0 0.09615384615384623 0.5745192307692307 0.04807692307692314 0.5745192307692307 0.048076923076923156 0.6394230769230769 0.09615384615384623 0.6394230769230769
0 0.5697115384615384 0.03125000000000007 0.5432692307692307 0.03125000000000007 0.5432692307692307 0.076923076923077 0.5697115384615384 0.076923076923077
0 0.5625 0.18990384615384623 0.5288461538461539 0.18990384615384623 0.5288461538461539 0.23557692307692316 0.5625 0.23557692307692316
0 0.5865384615384616 0.25000000000000006 0.5456730769230769 0.25000000000000006 0.5456730769230769 0.29807692307692313 0.5865384615384616 0.29807692307692313
0 0.6971153846153846 0.12980769230769237 0.6610576923076923 0.12980769230769237 0.6610576923076923 0.18269230769230776 0.6971153846153846 0.18269230769230776
0 0.7043269230769231 0.15625000000000006 0.6730769230769231 0.15625000000000006 0.6730769230769231 0.20432692307692316 0.7043269230769231 0.20432692307692316
0 0.8677884615384616 0.16105769230769246 0.8389423076923077 0.16105769230769246 0.8389423076923077 0.20192307692307707 0.8677884615384616 0.20192307692307707
0 0.8894230769230769 0.3822115384615386 0.8581730769230769 0.3822115384615386 0.8581730769230769 0.4302884615384617 0.8894230769230769 0.4302884615384617
0 0.8413461538461539 0.2908653846153847 0.8149038461538461 0.2908653846153847 0.8149038461538461 0.3317307692307694 0.8413461538461539 0.3317307692307694
0 0.78125 0.26682692307692313 0.7524038461538461 0.26682692307692313 0.7524038461538461 0.3052884615384616 0.78125 0.3052884615384616
0 0.7403846153846154 0.2836538461538462 0.7067307692307693 0.2836538461538462 0.7067307692307693 0.32932692307692324 0.7403846153846154 0.32932692307692324
0 0.6995192307692307 0.28125000000000006 0.6634615384615384 0.28125000000000006 0.6634615384615384 0.32211538461538475 0.6995192307692307 0.32211538461538475
0 0.7043269230769231 0.3052884615384616 0.6754807692307693 0.3052884615384616 0.6754807692307693 0.3461538461538463 0.7043269230769231 0.3461538461538463
0 0.6850961538461539 0.4326923076923078 0.65625 0.4326923076923078 0.65625 0.4687500000000001 0.6850961538461539 0.4687500000000001
0 0.7115384615384616 0.4086538461538463 0.6754807692307693 0.4086538461538463 0.6754807692307693 0.4615384615384617 0.7115384615384616 0.4615384615384617
0 0.7451923076923077 0.41586538461538475 0.7211538461538461 0.41586538461538475 0.7211538461538461 0.45432692307692324 0.7451923076923077 0.45432692307692324
0 0.6346153846153846 0.47355769230769246 0.6033653846153846 0.47355769230769246 0.6033653846153846 0.5192307692307694 0.6346153846153846 0.5192307692307694
0 0.7043269230769231 0.6129807692307694 0.6778846153846154 0.6129807692307694 0.6778846153846154 0.65625 0.7043269230769231 0.65625
0 0.7764423076923077 0.6201923076923077 0.7427884615384616 0.6201923076923077 0.7427884615384616 0.6658653846153846 0.7764423076923077 0.6658653846153846
0 0.8293269230769231 0.6610576923076923 0.7980769230769231 0.6610576923076923 0.7980769230769231 0.7067307692307693 0.8293269230769231 0.7067307692307693
0 0.8389423076923077 0.6129807692307694 0.8100961538461539 0.6129807692307694 0.8100961538461539 0.6466346153846154 0.8389423076923077 0.6466346153846154
0 0.7307692307692307 0.5096153846153848 0.7043269230769231 0.5096153846153848 0.7043269230769231 0.5504807692307694 0.7307692307692307 0.5504807692307694
0 0.7475961538461539 0.49038461538461553 0.71875 0.49038461538461553 0.71875 0.5264423076923078 0.7475961538461539 0.5264423076923078
0 0.7788461538461539 0.3557692307692309 0.7475961538461539 0.3557692307692309 0.7475961538461539 0.3990384615384617 0.7788461538461539 0.3990384615384617
0 0.7884615384615384 0.36538461538461553 0.7596153846153846 0.36538461538461553 0.7596153846153846 0.4062500000000001 0.7884615384615384 0.4062500000000001
0 0.8221153846153846 0.36538461538461553 0.7956730769230769 0.36538461538461553 0.7956730769230769 0.39663461538461553 0.8221153846153846 0.39663461538461553
0 0.8870192307692307 0.4447115384615386 0.84375 0.4447115384615386 0.84375 0.5168269230769232 0.8870192307692307 0.5168269230769232
0 0.8173076923076923 0.4302884615384617 0.7884615384615384 0.4302884615384617 0.7884615384615384 0.4615384615384617 0.8173076923076923 0.4615384615384617
0 0.7908653846153846 0.5312500000000001 0.7548076923076923 0.5312500000000001 0.7548076923076923 0.5769230769230771 0.7908653846153846 0.5769230769230771
0 0.75 0.5480769230769232 0.7211538461538461 0.5480769230769232 0.7211538461538461 0.5769230769230771 0.75 0.5769230769230771
0 0.8028846153846154 0.574519230769231 0.7716346153846154 0.574519230769231 0.7716346153846154 0.6153846153846154 0.8028846153846154 0.6153846153846154
0 0.8221153846153846 0.4615384615384617 0.7908653846153846 0.4615384615384617 0.7908653846153846 0.5072115384615385 0.8221153846153846 0.5072115384615385
0 0.8365384615384616 0.4399038461538463 0.8076923076923077 0.4399038461538463 0.8076923076923077 0.48557692307692324 0.8365384615384616 0.48557692307692324
0 0.8389423076923077 0.42788461538461553 0.8149038461538461 0.42788461538461553 0.8149038461538461 0.46634615384615397 0.8389423076923077 0.46634615384615397
0 0.8365384615384616 0.4927884615384617 0.8052884615384616 0.4927884615384617 0.8052884615384616 0.5384615384615385 0.8365384615384616 0.5384615384615385
0 0.7644230769230769 0.5552884615384617 0.7331730769230769 0.5552884615384617 0.7331730769230769 0.6009615384615385 0.7644230769230769 0.6009615384615385
0 0.8485576923076923 0.5456730769230771 0.8149038461538461 0.5456730769230771 0.8149038461538461 0.5961538461538463 0.8485576923076923 0.5961538461538463
0 0.8509615384615384 0.49759615384615397 0.8269230769230769 0.49759615384615397 0.8269230769230769 0.5384615384615385 0.8509615384615384 0.5384615384615385
0 0.8461538461538461 0.5240384615384617 0.8221153846153846 0.5240384615384617 0.8221153846153846 0.560096153846154 0.8461538461538461 0.560096153846154