0 0.37259615384615385 0.2836538461538462 0.33653846153846156 0.2836538461538462 0.33653846153846156 0.3557692307692308 0.37259615384615385 0.3557692307692308
0 0.7716346153846154 0.3629807692307694 0.7403846153846154 0.3629807692307694 0.7403846153846154 0.41105769230769246 0.7716346153846154 0.41105769230769246
0 0.33413461538461536 0.3028846153846155 0.3052884615384616 0.3028846153846155 0.3052884615384616 0.3485576923076923 0.33413461538461536 0.3485576923076923
0 0.7884615384615384 0.38461538461538475 0.7620192307692307 0.38461538461538475 0.7620192307692307 0.4254807692307694 0.7884615384615384 0.4254807692307694
0 0.6418269230769231 0.35817307692307704 0.6033653846153846 0.35817307692307704 0.6033653846153846 0.42067307692307704 0.6418269230769231 0.42067307692307704
0 0.7908653846153846 0.4182692307692309 0.7596153846153846 0.4182692307692309 0.7596153846153846 0.46634615384615397 0.7908653846153846 0.46634615384615397
0 0.59375 0.38461538461538475 0.5625 0.38461538461538475 0.5625 0.44230769230769246 0.59375 0.44230769230769246
0 0.7283653846153846 0.45192307692307704 0.6971153846153846 0.45192307692307704 0.6971153846153846 0.5000000000000001 0.7283653846153846 0.5000000000000001
0 0.6177884615384616 0.42788461538461553 0.5841346153846154 0.42788461538461553 0.5841346153846154 0.4879807692307694 0.6177884615384616 0.4879807692307694
0 0.2475961538461539 0.37740384615384615 0.2163461538461539 0.37740384615384615 0.2163461538461539 0.4230769230769231 0.2475961538461539 0.4230769230769231
0 0.8677884615384616 0.47355769230769246 0.8293269230769231 0.47355769230769246 0.8293269230769231 0.5336538461538463 0.8677884615384616 0.5336538461538463
0 0.5528846153846154 0.4254807692307692 0.5144230769230769 0.4254807692307692 0.5144230769230769 0.49278846153846156 0.5528846153846154 0.49278846153846156
0 0.9038461538461539 0.48557692307692324 0.8677884615384616 0.48557692307692324 0.8677884615384616 0.5552884615384617 0.9038461538461539 0.5552884615384617
0 0.4519230769230769 0.41346153846153844 0.41346153846153844 0.41346153846153844 0.41346153846153844 0.47596153846153844 0.4519230769230769 0.47596153846153844
0 0.7163461538461539 0.47836538461538475 0.6826923076923077 0.47836538461538475 0.6826923076923077 0.5264423076923078 0.7163461538461539 0.5264423076923078
0 0.5168269230769231 0.44471153846153844 0.4879807692307692 0.44471153846153844 0.4879807692307692 0.4951923076923077 0.5168269230769231 0.4951923076923077
0 0.49759615384615385 0.4639423076923077 0.45913461538461536 0.4639423076923077 0.45913461538461536 0.5216346153846154 0.49759615384615385 0.5216346153846154
0 0.27644230769230776 0.4375 0.2379807692307693 0.4375 0.2379807692307693 0.49278846153846156 0.27644230769230776 0.49278846153846156
0 0.6610576923076923 0.5072115384615385 0.625 0.5072115384615385 0.625 0.5673076923076924 0.6610576923076923 0.5673076923076924
0 0.8293269230769231 0.5697115384615385 0.7980769230769231 0.5697115384615385 0.7980769230769231 0.6298076923076923 0.8293269230769231 0.6298076923076923
0 0.7427884615384616 0.5625000000000001 0.7043269230769231 0.5625000000000001 0.7043269230769231 0.6153846153846154 0.7427884615384616 0.6153846153846154
0 0.5312500000000001 0.5168269230769231 0.49278846153846156 0.5168269230769231 0.4927884615384616 0.6033653846153846 0.5312500000000001 0.6033653846153846
0 0.8461538461538461 0.6009615384615385 0.8149038461538461 0.6009615384615385 0.8149038461538461 0.6514423076923077 0.8461538461538461 0.6514423076923077
0 0.9639423076923077 0.6129807692307694 0.9254807692307693 0.6129807692307694 0.9254807692307693 0.6634615384615384 0.9639423076923077 0.6634615384615384
0 0.2548076923076924 0.4879807692307692 0.22355769230769237 0.4879807692307692 0.22355769230769237 0.5408653846153846 0.2548076923076924 0.5408653846153846
0 0.8076923076923077 0.6033653846153848 0.7836538461538461 0.6033653846153848 0.7836538461538461 0.6538461538461539 0.8076923076923077 0.6538461538461539
0 0.39182692307692313 0.5384615384615384 0.3581730769230769 0.5384615384615384 0.358173076923077 0.5961538461538461 0.39182692307692324 0.5961538461538461
0 0.44471153846153855 0.5528846153846154 0.40625 0.5528846153846154 0.40625000000000006 0.6298076923076923 0.4447115384615386 0.6298076923076923
0 0.8149038461538461 0.6394230769230769 0.7884615384615384 0.6394230769230769 0.7884615384615384 0.6850961538461539 0.8149038461538461 0.6850961538461539
0 0.7884615384615384 0.6730769230769231 0.75 0.6730769230769231 0.75 0.7355769230769231 0.7884615384615384 0.7355769230769231
0 0.9278846153846154 0.7115384615384616 0.8966346153846154 0.7115384615384616 0.8966346153846154 0.7524038461538461 0.9278846153846154 0.7524038461538461
0 0.4807692307692309 0.6153846153846154 0.44711538461538475 0.6153846153846154 0.44711538461538475 0.6826923076923077 0.4807692307692309 0.6826923076923077
0 0.591346153846154 0.6586538461538461 0.5504807692307694 0.6586538461538461 0.5504807692307694 0.7259615384615384 0.591346153846154 0.7259615384615384
0 0.8317307692307693 0.7259615384615384 0.8004807692307693 0.7259615384615384 0.8004807692307693 0.7836538461538461 0.8317307692307693 0.7836538461538461
0 0.9014423076923077 0.8004807692307693 0.8725961538461539 0.8004807692307693 0.8725961538461539 0.8509615384615384 0.9014423076923077 0.8509615384615384
0 0.6322115384615384 0.8004807692307693 0.5961538461538463 0.8004807692307693 0.5961538461538463 0.8629807692307693 0.6322115384615384 0.8629807692307693
0 0.8461538461538461 0.8485576923076923 0.8125 0.8485576923076923 0.8125 0.90625 0.8461538461538461 0.90625
0 0.6274038461538461 0.8701923076923077 0.5769230769230771 0.8701923076923077 0.5769230769230771 0.9495192307692307 0.6274038461538461 0.9495192307692307