0 0.6971153846153846 0.8918269230769231 0.6730769230769231 0.8918269230769231 0.6730769230769231 0.9278846153846154 0.6971153846153846 0.9278846153846154
0 0.4447115384615386 0.96875 0.4182692307692309 0.96875 0.4182692307692309 1 0.4447115384615386 1
0 0.7692307692307693 0.22115384615384623 0.7379807692307693 0.22115384615384623 0.7379807692307693 0.28125000000000006 0.7692307692307693 0.28125000000000006
0 0.59375 0.3052884615384616 0.5673076923076923 0.3052884615384616 0.5673076923076923 0.35336538461538475 0.59375 0.35336538461538475
0 0.4951923076923077 0.3245192307692308 0.46153846153846156 0.3245192307692308 0.46153846153846156 0.37740384615384615 0.4951923076923077 0.37740384615384615
0 0.5697115384615384 0.3149038461538462 0.5432692307692307 0.31490384615384615 0.5432692307692307 0.3653846153846155 0.5697115384615384 0.36538461538461553
0 0.5673076923076923 0.35576923076923084 0.53125 0.3557692307692308 0.53125 0.4086538461538462 0.5673076923076923 0.4086538461538463
0 0.6081730769230769 0.36057692307692324 0.5745192307692307 0.36057692307692324 0.5745192307692307 0.4086538461538463 0.6081730769230769 0.4086538461538463
0 0.6322115384615384 0.3629807692307694 0.6081730769230769 0.3629807692307694 0.6081730769230769 0.41105769230769246 0.6322115384615384 0.41105769230769246
0 0.3942307692307692 0.4543269230769231 0.3581730769230769 0.4543269230769231 0.3581730769230769 0.5072115384615384 0.3942307692307692 0.5072115384615384
0 0.6658653846153846 0.44711538461538475 0.6370192307692307 0.44711538461538475 0.6370192307692307 0.49759615384615397 0.6658653846153846 0.49759615384615397
0 0.5721153846153846 0.4711538461538462 0.5384615384615384 0.47115384615384615 0.5384615384615384 0.5216346153846154 0.5721153846153846 0.5216346153846155
0 0.7043269230769231 0.4399038461538463 0.6754807692307693 0.4399038461538463 0.6754807692307693 0.5000000000000001 0.7043269230769231 0.5000000000000001
0 0.6322115384615384 0.4711538461538463 0.6009615384615384 0.4711538461538463 0.6009615384615384 0.5144230769230771 0.6322115384615384 0.5144230769230771
0 0.5769230769230769 0.5120192307692308 0.5528846153846154 0.5120192307692307 0.5528846153846154 0.5432692307692308 0.5769230769230769 0.543269230769231
0 0.7740384615384616 0.4711538461538463 0.7403846153846154 0.4711538461538463 0.7403846153846154 0.5336538461538463 0.7740384615384616 0.5336538461538463
0 0.6995192307692307 0.49759615384615397 0.6682692307692307 0.49759615384615397 0.6682692307692307 0.5552884615384617 0.6995192307692307 0.5552884615384617
0 0.5312500000000001 0.5841346153846154 0.5024038461538463 0.5841346153846154 0.5024038461538463 0.6394230769230769 0.5312500000000001 0.6394230769230769
0 0.48317307692307704 0.6081730769230769 0.4567307692307694 0.6081730769230769 0.4567307692307694 0.6514423076923077 0.48317307692307704 0.6514423076923077
0 0.5168269230769232 0.5985576923076923 0.4927884615384617 0.5985576923076923 0.4927884615384617 0.6514423076923077 0.5168269230769232 0.6514423076923077
0 0.6802884615384616 0.5769230769230771 0.6538461538461539 0.5769230769230771 0.6538461538461539 0.6201923076923077 0.6802884615384616 0.6201923076923077
0 0.48317307692307704 0.6538461538461539 0.4567307692307694 0.6538461538461539 0.4567307692307694 0.6875 0.48317307692307704 0.6875
0 0.5408653846153848 0.6610576923076923 0.5096153846153848 0.6610576923076923 0.5096153846153848 0.7115384615384616 0.5408653846153848 0.7115384615384616
0 0.6105769230769232 0.6610576923076923 0.574519230769231 0.6610576923076923 0.574519230769231 0.7163461538461539 0.6105769230769232 0.7163461538461539
0 0.875 0.6105769230769232 0.8485576923076923 0.6105769230769232 0.8485576923076923 0.6634615384615384 0.875 0.6634615384615384
0 0.25721153846153855 0.7331730769230769 0.22596153846153852 0.7331730769230769 0.22596153846153852 0.7836538461538461 0.25721153846153855 0.7836538461538461
0 0.7307692307692307 0.6394230769230769 0.6947115384615384 0.6394230769230769 0.6947115384615384 0.7019230769230769 0.7307692307692307 0.7019230769230769
0 0.39663461538461553 0.7259615384615384 0.36538461538461553 0.7259615384615384 0.36538461538461553 0.7788461538461539 0.39663461538461553 0.7788461538461539
0 0.4711538461538463 0.7139423076923077 0.44230769230769246 0.7139423076923077 0.44230769230769246 0.7764423076923077 0.4711538461538463 0.7764423076923077
0 0.6081730769230771 0.7043269230769231 0.5865384615384617 0.7043269230769231 0.5865384615384617 0.7403846153846154 0.6081730769230771 0.7403846153846154
0 0.43509615384615397 0.7379807692307693 0.40384615384615397 0.7379807692307693 0.40384615384615397 0.7836538461538461 0.43509615384615397 0.7836538461538461
0 0.528846153846154 0.7307692307692307 0.5048076923076924 0.7307692307692307 0.5048076923076924 0.78125 0.528846153846154 0.78125
0 0.5216346153846155 0.7355769230769231 0.49759615384615397 0.7355769230769231 0.49759615384615397 0.7860576923076923 0.5216346153846155 0.7860576923076923
0 0.6923076923076923 0.7091346153846154 0.6658653846153846 0.7091346153846154 0.6658653846153846 0.7475961538461539 0.6923076923076923 0.7475961538461539
0 0.7115384615384616 0.71875 0.6754807692307693 0.71875 0.6754807692307693 0.7956730769230769 0.7115384615384616 0.7956730769230769
0 0.528846153846154 0.7932692307692307 0.49759615384615397 0.7932692307692307 0.49759615384615397 0.8365384615384616 0.528846153846154 0.8365384615384616
0 0.41586538461538475 0.8197115384615384 0.38942307692307704 0.8197115384615384 0.38942307692307704 0.8677884615384616 0.41586538461538475 0.8677884615384616
0 0.6105769230769232 0.7908653846153846 0.574519230769231 0.7908653846153846 0.574519230769231 0.8533653846153846 0.6105769230769232 0.8533653846153846
0 0.6682692307692307 0.8028846153846154 0.6322115384615384 0.8028846153846154 0.6322115384615384 0.8557692307692307 0.6682692307692307 0.8557692307692307
0 0.7139423076923077 0.7956730769230769 0.6875 0.7956730769230769 0.6875 0.8461538461538461 0.7139423076923077 0.8461538461538461
0 0.16586538461538475 0.9182692307692307 0.1250000000000001 0.9182692307692307 0.1250000000000001 0.9639423076923077 0.16586538461538475 0.9639423076923077
0 0.4567307692307694 0.8918269230769231 0.42788461538461553 0.8918269230769231 0.42788461538461553 0.9495192307692307 0.4567307692307694 0.9495192307692307