0 0.5048076923076924 0.9230769230769231 0.4711538461538463 0.9230769230769231 0.4711538461538463 0.9903846153846154 0.5048076923076924 0.9903846153846154
0 0.27884615384615397 0.9230769230769231 0.24038461538461553 0.9230769230769231 0.24038461538461553 0.9759615384615384 0.27884615384615397 0.9759615384615384
0 0.6177884615384616 0.12980769230769237 0.5793269230769231 0.12980769230769237 0.5793269230769231 0.19230769230769237 0.6177884615384616 0.19230769230769237
0 0.4014423076923077 0.1538461538461539 0.3605769230769231 0.1538461538461539 0.3605769230769231 0.21153846153846162 0.4014423076923077 0.21153846153846162
0 0.7860576923076923 0.17307692307692316 0.7427884615384616 0.17307692307692316 0.7427884615384616 0.24519230769230776 0.7860576923076923 0.24519230769230776
0 1 0.24519230769230782 0.9567307692307693 0.24519230769230782 0.9567307692307693 0.31730769230769246 1 0.31730769230769246
0 0.3894230769230769 0.23557692307692316 0.33653846153846156 0.23557692307692316 0.33653846153846156 0.29807692307692313 0.3894230769230769 0.29807692307692313
0 0.8197115384615384 0.2524038461538462 0.7716346153846154 0.2524038461538462 0.7716346153846154 0.3245192307692309 0.8197115384615384 0.3245192307692309
0 0.5120192307692307 0.2524038461538462 0.46153846153846156 0.2524038461538462 0.46153846153846156 0.31490384615384615 0.5120192307692307 0.31490384615384615
0 0.4543269230769231 0.26682692307692313 0.40865384615384615 0.26682692307692313 0.40865384615384615 0.34375 0.4543269230769231 0.34375
0 0.28125 3.164652185296646e-17 0.23557692307692307 2.884985247991361e-17 0.23557692307692307 0.03365384615384619 0.28125 0.03365384615384619
0 0.7019230769230769 0.31009615384615397 0.6634615384615384 0.31009615384615397 0.6634615384615384 0.3774038461538463 0.7019230769230769 0.3774038461538463
0 0.33413461538461536 0.38221153846153844 0.2860576923076924 0.38221153846153844 0.2860576923076924 0.4495192307692308 0.33413461538461536 0.4495192307692308
0 0.46875 0.3942307692307692 0.42788461538461536 0.3942307692307692 0.42788461538461536 0.44711538461538464 0.46875 0.44711538461538464
0 0.7427884615384616 0.45192307692307704 0.7019230769230769 0.45192307692307704 0.7019230769230769 0.5240384615384617 0.7427884615384616 0.5240384615384617
0 0.6394230769230769 0.4615384615384617 0.6009615384615384 0.4615384615384617 0.6009615384615384 0.5168269230769232 0.6394230769230769 0.5168269230769232
0 0.44711538461538464 0.5 0.3870192307692308 0.5 0.3870192307692308 0.5504807692307693 0.44711538461538464 0.5504807692307693
0 0.3173076923076924 0.53125 0.2740384615384616 0.53125 0.2740384615384616 0.5817307692307693 0.31730769230769246 0.5817307692307693
0 0.7067307692307693 0.5576923076923078 0.6658653846153846 0.5576923076923078 0.6658653846153846 0.6274038461538461 0.7067307692307693 0.6274038461538461
0 0.9735576923076923 0.6225961538461539 0.9302884615384616 0.6225961538461539 0.9302884615384616 0.6850961538461539 0.9735576923076923 0.6850961538461539
0 0.3245192307692309 0.6346153846153846 0.2908653846153847 0.6346153846153846 0.2908653846153847 0.6899038461538461 0.3245192307692309 0.6899038461538461
0 0.37259615384615397 0.6394230769230769 0.3197115384615386 0.6394230769230769 0.3197115384615386 0.7019230769230769 0.37259615384615397 0.7019230769230769
0 0.25000000000000006 0.6586538461538461 0.20913461538461545 0.6586538461538461 0.20913461538461545 0.7307692307692307 0.25000000000000006 0.7307692307692307
0 0.6418269230769231 0.6778846153846154 0.5889423076923078 0.6778846153846154 0.5889423076923078 0.75 0.6418269230769231 0.75
0 0.8125 0.7692307692307693 0.7620192307692307 0.7692307692307693 0.7620192307692307 0.8293269230769231 0.8125 0.8293269230769231
0 0.5384615384615385 0.7764423076923077 0.49759615384615397 0.7764423076923077 0.49759615384615397 0.84375 0.5384615384615385 0.84375
0 0.26682692307692324 0.8725961538461539 0.20913461538461553 0.8725961538461539 0.20913461538461553 0.9350961538461539 0.26682692307692324 0.9350961538461539
0 0.5336538461538461 0.2692307692307693 0.4639423076923077 0.2692307692307693 0.4639423076923077 0.3173076923076923 0.5336538461538461 0.3173076923076923
0 0.47596153846153844 0.3894230769230769 0.4375 0.3894230769230769 0.4375 0.44711538461538464 0.47596153846153844 0.44711538461538464
0 0.2524038461538463 0.9375 0.22355769230769246 0.9375 0.22355769230769246 0.9711538461538461 0.2524038461538463 0.9711538461538461