0 0.22355769230769237 0.3605769230769231 0.18269230769230776 0.3605769230769231 0.18269230769230776 0.3942307692307692 0.22355769230769237 0.3942307692307692
0 0.2836538461538462 0.34615384615384615 0.24519230769230776 0.34615384615384615 0.24519230769230776 0.3798076923076923 0.2836538461538462 0.3798076923076923
0 0.28846153846153855 0.4110576923076923 0.2475961538461539 0.4110576923076923 0.2475961538461539 0.44471153846153844 0.28846153846153855 0.44471153846153844
0 0.3125 0.2043269230769231 0.2644230769230769 0.20432692307692307 0.2644230769230769 0.24278846153846156 0.3125 0.24278846153846162
0 0.3485576923076923 0.4326923076923077 0.3028846153846155 0.4326923076923077 0.3028846153846155 0.46153846153846156 0.3485576923076923 0.46153846153846156
0 0.34615384615384615 0.31490384615384615 0.3004807692307693 0.31490384615384615 0.3004807692307693 0.35336538461538464 0.34615384615384615 0.35336538461538464
0 0.39663461538461536 0.4423076923076923 0.3485576923076923 0.4423076923076923 0.3485576923076923 0.4831730769230769 0.39663461538461536 0.4831730769230769
0 0.4110576923076924 0.5504807692307693 0.36538461538461536 0.5504807692307693 0.3653846153846155 0.5865384615384616 0.41105769230769246 0.5865384615384616
0 0.43509615384615385 0.39903846153846156 0.39663461538461536 0.39903846153846156 0.39663461538461536 0.42788461538461536 0.43509615384615385 0.42788461538461536
0 0.4375 0.41586538461538464 0.4014423076923077 0.41586538461538464 0.4014423076923077 0.44711538461538464 0.4375 0.44711538461538464
0 0.4567307692307692 0.5072115384615384 0.40384615384615385 0.5072115384615384 0.40384615384615385 0.5456730769230769 0.4567307692307692 0.5456730769230769
0 0.46153846153846156 0.2716346153846155 0.42788461538461536 0.2716346153846155 0.42788461538461536 0.3028846153846155 0.46153846153846156 0.3028846153846155
0 0.5000000000000001 0.5649038461538461 0.45432692307692324 0.5649038461538461 0.45432692307692324 0.6033653846153846 0.5000000000000001 0.6033653846153846
0 0.5192307692307694 0.6201923076923077 0.47355769230769246 0.6201923076923077 0.47355769230769246 0.6538461538461539 0.5192307692307694 0.6538461538461539
0 0.5240384615384616 0.5168269230769231 0.46875 0.5168269230769231 0.46875 0.5528846153846154 0.5240384615384616 0.5528846153846154
0 0.5120192307692307 0.5096153846153846 0.47836538461538464 0.5096153846153846 0.47836538461538464 0.53125 0.5120192307692307 0.53125
0 0.5480769230769232 0.5961538461538461 0.5024038461538463 0.5961538461538461 0.5024038461538463 0.625 0.5480769230769232 0.625
0 0.5793269230769232 0.608173076923077 0.5336538461538463 0.6081730769230769 0.5336538461538463 0.6442307692307693 0.5793269230769232 0.6442307692307693
0 0.5721153846153846 0.3533653846153847 0.53125 0.35336538461538464 0.53125 0.38701923076923084 0.5721153846153846 0.3870192307692309
0 0.5985576923076924 0.5312500000000001 0.5456730769230769 0.53125 0.545673076923077 0.5697115384615385 0.5985576923076924 0.5697115384615385
0 0.5913461538461539 0.3149038461538462 0.5360576923076923 0.31490384615384615 0.5360576923076923 0.35096153846153855 0.5913461538461539 0.3509615384615386
0 0.6153846153846154 0.5937500000000001 0.5841346153846155 0.5937500000000001 0.5841346153846155 0.6177884615384616 0.6153846153846154 0.6177884615384616
0 0.625 0.4759615384615386 0.5697115384615384 0.4759615384615386 0.5697115384615384 0.5096153846153848 0.625 0.5096153846153848
0 0.6370192307692307 0.33413461538461553 0.5889423076923077 0.33413461538461553 0.5889423076923077 0.3701923076923078 0.6370192307692307 0.3701923076923078
0 0.65625 0.36538461538461553 0.6201923076923077 0.36538461538461553 0.6201923076923077 0.39182692307692324 0.65625 0.39182692307692324
0 0.6802884615384616 0.32932692307692324 0.6177884615384616 0.32932692307692324 0.6177884615384616 0.37259615384615397 0.6802884615384616 0.37259615384615397
0 0.6995192307692307 0.5793269230769232 0.6634615384615384 0.5793269230769232 0.6634615384615384 0.6081730769230771 0.6995192307692307 0.6081730769230771
0 0.7091346153846154 0.6081730769230771 0.6706730769230769 0.6081730769230771 0.6706730769230769 0.6418269230769231 0.7091346153846154 0.6418269230769231
0 0.7475961538461539 0.49038461538461553 0.6826923076923077 0.49038461538461553 0.6826923076923077 0.5360576923076924 0.7475961538461539 0.5360576923076924
0 0.7283653846153846 0.1850961538461539 0.6923076923076923 0.1850961538461539 0.6923076923076923 0.2163461538461539 0.7283653846153846 0.2163461538461539
0 0.7524038461538461 0.5697115384615385 0.6947115384615384 0.5697115384615385 0.6947115384615384 0.6129807692307694 0.7524038461538461 0.6129807692307694
0 0.7596153846153846 0.4687500000000001 0.7163461538461539 0.4687500000000001 0.7163461538461539 0.5048076923076924 0.7596153846153846 0.5048076923076924
0 0.7572115384615384 0.42307692307692324 0.7211538461538461 0.42307692307692324 0.7211538461538461 0.4495192307692309 0.7572115384615384 0.4495192307692309
0 0.7620192307692307 0.44711538461538475 0.7259615384615384 0.44711538461538475 0.7259615384615384 0.47355769230769246 0.7620192307692307 0.47355769230769246
0 0.8125 0.5985576923076924 0.7620192307692307 0.5985576923076924 0.7620192307692307 0.6394230769230769 0.8125 0.6394230769230769
0 0.8389423076923077 0.1610576923076924 0.7740384615384616 0.16105769230769237 0.7740384615384616 0.21153846153846165 0.8389423076923077 0.21153846153846168
0 0.8509615384615384 0.5000000000000001 0.7956730769230769 0.5000000000000001 0.7956730769230769 0.543269230769231 0.8509615384615384 0.543269230769231
0 0.8701923076923077 0.5841346153846155 0.8365384615384616 0.5841346153846155 0.8365384615384616 0.6129807692307694 0.8701923076923077 0.6129807692307694
0 0.90625 0.4951923076923078 0.8533653846153846 0.4951923076923078 0.8533653846153846 0.543269230769231 0.90625 0.543269230769231
0 0.9014423076923077 0.18990384615384628 0.8533653846153846 0.18990384615384628 0.8533653846153846 0.23317307692307707 0.9014423076923077 0.23317307692307707