0 0.08413461538461543 0.37740384615384615 0.05048076923076928 0.37740384615384615 0.05048076923076928 0.4375 0.08413461538461545 0.4375
0 0.7596153846153846 0.10096153846153856 0.7355769230769231 0.10096153846153856 0.7355769230769231 0.14423076923076933 0.7596153846153846 0.14423076923076933
0 0.6826923076923077 0.24038461538461545 0.65625 0.24038461538461545 0.65625 0.28125000000000006 0.6826923076923077 0.28125000000000006
0 0.6730769230769231 0.3052884615384616 0.6442307692307693 0.3052884615384616 0.6442307692307693 0.34855769230769246 0.6730769230769231 0.34855769230769246
0 0.8245192307692307 0.2475961538461539 0.8004807692307693 0.2475961538461539 0.8004807692307693 0.29326923076923084 0.8245192307692307 0.29326923076923084
0 0.8221153846153846 0.2692307692307693 0.7980769230769231 0.2692307692307693 0.7980769230769231 0.3149038461538463 0.8221153846153846 0.3149038461538463
0 0.96875 0.34855769230769246 0.9471153846153846 0.34855769230769246 0.9471153846153846 0.3870192307692309 0.96875 0.3870192307692309
0 0.8870192307692307 0.5576923076923078 0.8653846153846154 0.5576923076923078 0.8653846153846154 0.6033653846153848 0.8870192307692307 0.6033653846153848
0 0.8894230769230769 0.4567307692307694 0.8677884615384616 0.4567307692307694 0.8677884615384616 0.4927884615384617 0.8894230769230769 0.4927884615384617
0 0.8461538461538461 0.4062500000000001 0.8245192307692307 0.4062500000000001 0.8245192307692307 0.44230769230769246 0.8461538461538461 0.44230769230769246
0 0.7980769230769231 0.4014423076923078 0.7740384615384616 0.4014423076923078 0.7740384615384616 0.4447115384615386 0.7980769230769231 0.4447115384615386
0 0.7668269230769231 0.3822115384615386 0.7355769230769231 0.3822115384615386 0.7355769230769231 0.4182692307692309 0.7668269230769231 0.4182692307692309
0 0.7572115384615384 0.4086538461538463 0.7355769230769231 0.4086538461538463 0.7355769230769231 0.44711538461538475 0.7572115384615384 0.44711538461538475
0 0.6875 0.5144230769230771 0.6610576923076923 0.5144230769230771 0.6610576923076923 0.5480769230769232 0.6875 0.5480769230769232
0 0.7163461538461539 0.5024038461538463 0.6875 0.5024038461538463 0.6875 0.5480769230769232 0.7163461538461539 0.5480769230769232
0 0.75 0.5264423076923078 0.7259615384615384 0.5264423076923078 0.7259615384615384 0.5625000000000001 0.75 0.5625000000000001
0 0.6201923076923077 0.5264423076923078 0.5961538461538461 0.5264423076923078 0.5961538461538463 0.5697115384615385 0.6201923076923077 0.5697115384615385
0 0.625 0.6850961538461539 0.605769230769231 0.6850961538461539 0.605769230769231 0.7259615384615384 0.625 0.7259615384615384
0 0.6826923076923077 0.7235576923076923 0.6586538461538461 0.7235576923076923 0.6586538461538461 0.7644230769230769 0.6826923076923077 0.7644230769230769
0 0.7139423076923077 0.78125 0.6923076923076923 0.78125 0.6923076923076923 0.8245192307692307 0.7139423076923077 0.8245192307692307
0 0.7451923076923077 0.7427884615384616 0.7211538461538461 0.7427884615384616 0.7211538461538461 0.7716346153846154 0.7451923076923077 0.7716346153846154
0 0.6899038461538461 0.6033653846153848 0.6706730769230769 0.6033653846153848 0.6706730769230769 0.6394230769230769 0.6899038461538461 0.6394230769230769
0 0.71875 0.591346153846154 0.6971153846153846 0.591346153846154 0.6971153846153846 0.6225961538461539 0.71875 0.6225961538461539
0 0.8028846153846154 0.48557692307692324 0.7788461538461539 0.48557692307692324 0.7788461538461539 0.5216346153846155 0.8028846153846154 0.5216346153846155
0 0.8076923076923077 0.49759615384615397 0.7836538461538461 0.49759615384615397 0.7836538461538461 0.5360576923076924 0.8076923076923077 0.5360576923076924
0 0.8413461538461539 0.512019230769231 0.8197115384615384 0.512019230769231 0.8197115384615384 0.543269230769231 0.8413461538461539 0.543269230769231
0 0.8533653846153846 0.6081730769230771 0.8221153846153846 0.6081730769230771 0.8221153846153846 0.6730769230769231 0.8533653846153846 0.6730769230769231
0 0.8076923076923077 0.5721153846153848 0.7836538461538461 0.5721153846153848 0.7836538461538461 0.5985576923076924 0.8076923076923077 0.5985576923076924
0 0.7331730769230769 0.6466346153846154 0.7067307692307693 0.6466346153846154 0.7067307692307693 0.6875 0.7331730769230769 0.6875
0 0.6971153846153846 0.6442307692307693 0.6730769230769231 0.6442307692307693 0.6730769230769231 0.6706730769230769 0.6971153846153846 0.6706730769230769
0 0.7283653846153846 0.6923076923076923 0.7043269230769231 0.6923076923076923 0.7043269230769231 0.7283653846153846 0.7283653846153846 0.7283653846153846
0 0.7932692307692307 0.5985576923076924 0.7692307692307693 0.5985576923076924 0.7692307692307693 0.6418269230769231 0.7932692307692307 0.6418269230769231
0 0.8173076923076923 0.5841346153846155 0.7980769230769231 0.5841346153846155 0.7980769230769231 0.6298076923076923 0.8173076923076923 0.6298076923076923
0 0.8293269230769231 0.5793269230769232 0.8076923076923077 0.5793269230769232 0.8076923076923077 0.6153846153846154 0.8293269230769231 0.6153846153846154
0 0.7908653846153846 0.6346153846153846 0.7692307692307693 0.6346153846153846 0.7692307692307693 0.6754807692307693 0.7908653846153846 0.6754807692307693
0 0.6995192307692307 0.6586538461538461 0.6802884615384616 0.6586538461538461 0.6802884615384616 0.6995192307692307 0.6995192307692307 0.6995192307692307
0 0.7788461538461539 0.6850961538461539 0.7524038461538461 0.6850961538461539 0.7524038461538461 0.7331730769230769 0.7788461538461539 0.7331730769230769
0 0.8076923076923077 0.6466346153846154 0.7860576923076923 0.6466346153846154 0.7860576923076923 0.6850961538461539 0.8076923076923077 0.6850961538461539
0 0.7908653846153846 0.6658653846153846 0.7740384615384616 0.6658653846153846 0.7740384615384616 0.6971153846153846 0.7908653846153846 0.6971153846153846