0 0.31490384615384615 0.3389423076923077 0.28125000000000006 0.3389423076923077 0.28125000000000006 0.3605769230769231 0.31490384615384615 0.3605769230769231
0 0.35096153846153844 0.32211538461538464 0.31490384615384615 0.32211538461538464 0.31490384615384615 0.34375 0.35096153846153844 0.34375
0 0.3605769230769231 0.2836538461538462 0.3317307692307692 0.2836538461538462 0.3317307692307692 0.3028846153846155 0.3605769230769231 0.3028846153846155
0 0.3942307692307692 0.42788461538461536 0.3701923076923077 0.42788461538461536 0.3701923076923077 0.44471153846153844 0.3942307692307692 0.44471153846153844
0 0.41586538461538464 0.34134615384615385 0.3894230769230769 0.34134615384615385 0.3894230769230769 0.3557692307692308 0.41586538461538464 0.3557692307692308
0 0.4375 0.1225961538461539 0.40865384615384615 0.12259615384615388 0.40865384615384615 0.14182692307692313 0.4375 0.14182692307692316
0 0.4375 0.4519230769230769 0.41346153846153844 0.4519230769230769 0.41346153846153844 0.47115384615384615 0.4375 0.47115384615384615
0 0.4807692307692308 0.36538461538461536 0.4495192307692308 0.36538461538461536 0.4495192307692308 0.38461538461538464 0.4807692307692308 0.38461538461538464
0 0.5048076923076923 0.25721153846153855 0.47596153846153844 0.25721153846153855 0.47596153846153844 0.2692307692307693 0.5048076923076923 0.2692307692307693
0 0.5048076923076923 0.2788461538461539 0.4855769230769231 0.2788461538461539 0.4855769230769231 0.2908653846153847 0.5048076923076923 0.2908653846153847
0 0.5288461538461539 0.1971153846153847 0.49759615384615385 0.1971153846153847 0.49759615384615385 0.21394230769230776 0.5288461538461539 0.21394230769230776
0 0.5408653846153846 0.24038461538461545 0.5024038461538461 0.24038461538461545 0.5024038461538461 0.25721153846153855 0.5408653846153846 0.25721153846153855
0 0.53125 0.3173076923076923 0.5072115384615384 0.3173076923076923 0.5072115384615384 0.3317307692307692 0.53125 0.3317307692307692
0 0.5649038461538461 0.25721153846153855 0.5336538461538461 0.25721153846153855 0.5336538461538461 0.27644230769230776 0.5649038461538461 0.27644230769230776
0 0.5721153846153846 0.295673076923077 0.5432692307692307 0.295673076923077 0.5432692307692307 0.3100961538461539 0.5721153846153846 0.31009615384615397
0 0.5793269230769231 0.31971153846153855 0.5528846153846154 0.31971153846153844 0.5528846153846154 0.3341346153846155 0.5793269230769231 0.33413461538461553
0 0.6105769230769231 0.20432692307692316 0.5769230769230769 0.20432692307692316 0.5769230769230769 0.22596153846153852 0.6105769230769231 0.22596153846153852
0 0.5889423076923077 0.4663461538461539 0.5552884615384616 0.46634615384615385 0.5552884615384616 0.4903846153846155 0.5889423076923077 0.49038461538461553
0 0.6153846153846154 0.2836538461538462 0.5817307692307693 0.2836538461538462 0.5817307692307693 0.29807692307692313 0.6153846153846154 0.29807692307692313
0 0.625 0.23557692307692316 0.5985576923076923 0.23557692307692316 0.5985576923076923 0.24519230769230776 0.625 0.24519230769230776
0 0.6274038461538461 0.28125000000000006 0.6033653846153846 0.28125000000000006 0.6033653846153846 0.2908653846153847 0.6274038461538461 0.2908653846153847
0 0.65625 0.2788461538461539 0.6225961538461539 0.2788461538461539 0.6225961538461539 0.3028846153846155 0.65625 0.3028846153846155
0 0.6442307692307693 0.4326923076923078 0.6177884615384616 0.4326923076923078 0.6177884615384616 0.4495192307692309 0.6442307692307693 0.4495192307692309
0 0.6538461538461539 0.3629807692307694 0.6298076923076923 0.3629807692307694 0.6298076923076923 0.3774038461538463 0.6538461538461539 0.3774038461538463
0 0.65625 0.4086538461538463 0.625 0.4086538461538463 0.625 0.42307692307692324 0.65625 0.42307692307692324
0 0.6610576923076923 0.3509615384615386 0.6394230769230769 0.3509615384615386 0.6394230769230769 0.36538461538461553 0.6610576923076923 0.36538461538461553
0 0.6682692307692307 0.4014423076923078 0.6370192307692307 0.4014423076923078 0.6370192307692307 0.41586538461538475 0.6682692307692307 0.41586538461538475
0 0.6802884615384616 0.3245192307692309 0.6514423076923077 0.3245192307692309 0.6514423076923077 0.3437500000000001 0.6802884615384616 0.3437500000000001
0 0.6754807692307693 0.3701923076923078 0.6538461538461539 0.3701923076923078 0.6538461538461539 0.3870192307692309 0.6754807692307693 0.3870192307692309
0 0.6802884615384616 0.3870192307692309 0.6586538461538461 0.3870192307692309 0.6586538461538461 0.40384615384615397 0.6802884615384616 0.40384615384615397
0 0.6923076923076923 0.3052884615384616 0.6682692307692307 0.3052884615384616 0.6682692307692307 0.3197115384615386 0.6923076923076923 0.3197115384615386
0 0.7067307692307693 0.24278846153846162 0.6706730769230769 0.24278846153846162 0.6706730769230769 0.26201923076923084 0.7067307692307693 0.26201923076923084
0 0.7019230769230769 0.2836538461538462 0.6802884615384616 0.2836538461538462 0.6802884615384616 0.29807692307692313 0.7019230769230769 0.29807692307692313
0 0.6971153846153846 0.42788461538461553 0.6658653846153846 0.42788461538461553 0.6658653846153846 0.44711538461538475 0.6971153846153846 0.44711538461538475
0 0.7043269230769231 0.4014423076923078 0.6802884615384616 0.4014423076923078 0.6802884615384616 0.4182692307692309 0.7043269230769231 0.4182692307692309
0 0.7139423076923077 0.3076923076923078 0.6875 0.3076923076923078 0.6875 0.32211538461538475 0.7139423076923077 0.32211538461538475
0 0.7211538461538461 0.3509615384615386 0.6923076923076923 0.3509615384615386 0.6923076923076923 0.3677884615384617 0.7211538461538461 0.3677884615384617
0 0.7475961538461539 0.3701923076923078 0.7115384615384616 0.3701923076923078 0.7115384615384616 0.38461538461538475 0.7475961538461539 0.38461538461538475
0 0.7740384615384616 0.3701923076923078 0.7596153846153846 0.3701923076923078 0.7596153846153846 0.37980769230769246 0.7740384615384616 0.37980769230769246
0 0.3365384615384617 0.8076923076923077 0.3028846153846155 0.8076923076923077 0.3028846153846155 0.8269230769230769 0.3365384615384617 0.8269230769230769