0 0.78125 0.4759615384615386 0.7331730769230769 0.4759615384615386 0.7331730769230769 0.5144230769230771 0.78125 0.5144230769230771
0 0.7572115384615384 0.38942307692307704 0.7115384615384616 0.38942307692307704 0.7115384615384616 0.42067307692307704 0.7572115384615384 0.42067307692307704
0 0.7427884615384616 0.512019230769231 0.7043269230769231 0.512019230769231 0.7043269230769231 0.5384615384615385 0.7427884615384616 0.5384615384615385
0 0.7427884615384616 0.5865384615384617 0.7067307692307693 0.5865384615384617 0.7067307692307693 0.6129807692307694 0.7427884615384616 0.6129807692307694
0 0.7091346153846154 0.42788461538461553 0.6706730769230769 0.42788461538461553 0.6706730769230769 0.45432692307692324 0.7091346153846154 0.45432692307692324
0 0.6538461538461539 0.3557692307692309 0.6201923076923077 0.3557692307692309 0.6201923076923077 0.3822115384615386 0.6538461538461539 0.3822115384615386
0 0.6850961538461539 0.4879807692307694 0.6394230769230769 0.4879807692307694 0.6394230769230769 0.5216346153846155 0.6850961538461539 0.5216346153846155
0 0.6634615384615384 0.44711538461538475 0.6177884615384616 0.44711538461538475 0.6177884615384616 0.48317307692307704 0.6634615384615384 0.48317307692307704
0 0.6370192307692307 0.39663461538461553 0.6033653846153846 0.39663461538461553 0.6033653846153846 0.4254807692307694 0.6370192307692307 0.4254807692307694
0 0.6346153846153846 0.4182692307692309 0.6033653846153846 0.4182692307692309 0.6033653846153846 0.44230769230769246 0.6346153846153846 0.44230769230769246
0 0.6971153846153846 0.6875 0.6514423076923077 0.6875 0.6514423076923077 0.7211538461538461 0.6971153846153846 0.7211538461538461
0 0.6899038461538461 0.7475961538461539 0.6538461538461539 0.7475961538461539 0.6538461538461539 0.7764423076923077 0.6899038461538461 0.7764423076923077
0 0.6466346153846154 0.5817307692307694 0.6009615384615385 0.5817307692307694 0.6009615384615385 0.6153846153846154 0.6466346153846154 0.6153846153846154
0 0.6177884615384616 0.49759615384615397 0.5793269230769231 0.49759615384615397 0.5793269230769231 0.5264423076923078 0.6177884615384616 0.5264423076923078
0 0.5336538461538461 0.22355769230769237 0.5 0.22355769230769237 0.5 0.2475961538461539 0.5336538461538461 0.2475961538461539
0 0.6177884615384616 0.6490384615384616 0.5889423076923078 0.6490384615384616 0.5889423076923078 0.6706730769230769 0.6177884615384616 0.6706730769230769
0 0.5721153846153846 0.4735576923076924 0.53125 0.4735576923076923 0.53125 0.514423076923077 0.5721153846153846 0.5144230769230771
0 0.5456730769230769 0.3870192307692308 0.5168269230769231 0.3870192307692308 0.5168269230769231 0.40625 0.5456730769230769 0.40625
0 0.6153846153846154 0.6995192307692307 0.5673076923076924 0.6995192307692307 0.5673076923076924 0.7403846153846154 0.6153846153846154 0.7403846153846154
0 0.6105769230769232 0.71875 0.574519230769231 0.71875 0.574519230769231 0.75 0.6105769230769232 0.75
0 0.5528846153846154 0.5120192307692307 0.5168269230769231 0.5120192307692307 0.5168269230769231 0.5432692307692307 0.5528846153846154 0.5432692307692307
0 0.560096153846154 0.5961538461538463 0.528846153846154 0.5961538461538461 0.528846153846154 0.6129807692307693 0.560096153846154 0.6129807692307694
0 0.5456730769230771 0.5793269230769231 0.5144230769230771 0.5793269230769231 0.5144230769230771 0.6057692307692307 0.5456730769230771 0.6057692307692307
0 0.560096153846154 0.7716346153846154 0.5336538461538463 0.7716346153846154 0.5336538461538463 0.7932692307692307 0.560096153846154 0.7932692307692307
0 0.4855769230769231 0.4519230769230769 0.4543269230769231 0.4519230769230769 0.4543269230769231 0.47596153846153844 0.4855769230769231 0.47596153846153844
0 0.43990384615384615 0.25721153846153855 0.41586538461538464 0.25721153846153855 0.41586538461538464 0.27644230769230776 0.43990384615384615 0.27644230769230776
0 0.4495192307692308 0.3076923076923077 0.4110576923076923 0.3076923076923077 0.4110576923076923 0.33653846153846156 0.4495192307692308 0.33653846153846156
0 0.46634615384615385 0.40384615384615385 0.42788461538461536 0.40384615384615385 0.42788461538461536 0.4326923076923077 0.46634615384615385 0.4326923076923077
0 0.5048076923076924 0.6129807692307693 0.4687500000000001 0.6129807692307693 0.4687500000000001 0.6394230769230769 0.5048076923076924 0.6394230769230769
0 0.5312500000000001 0.71875 0.48557692307692324 0.71875 0.48557692307692324 0.7548076923076923 0.5312500000000001 0.7548076923076923
0 0.5216346153846155 0.8004807692307693 0.49038461538461553 0.8004807692307693 0.49038461538461553 0.8245192307692307 0.5216346153846155 0.8245192307692307
0 0.5024038461538463 0.8076923076923077 0.47355769230769246 0.8076923076923077 0.47355769230769246 0.8341346153846154 0.5024038461538463 0.8341346153846154
0 0.4423076923076923 0.5120192307692307 0.40865384615384615 0.5120192307692307 0.40865384615384615 0.5384615384615384 0.4423076923076923 0.5384615384615384
0 0.4807692307692309 0.7283653846153846 0.45192307692307704 0.7283653846153846 0.45192307692307704 0.75 0.4807692307692309 0.75
0 0.47836538461538475 0.6923076923076923 0.4399038461538463 0.6923076923076923 0.4399038461538463 0.7283653846153846 0.47836538461538475 0.7283653846153846
0 0.43990384615384615 0.5264423076923077 0.4014423076923077 0.5264423076923077 0.4014423076923077 0.5528846153846154 0.43990384615384615 0.5528846153846154
0 0.45192307692307704 0.6225961538461539 0.4086538461538463 0.6225961538461539 0.4086538461538463 0.6514423076923077 0.45192307692307704 0.6514423076923077
0 0.4014423076923078 0.5600961538461539 0.3509615384615386 0.5600961538461539 0.3509615384615386 0.5961538461538461 0.4014423076923078 0.5961538461538461
0 0.3822115384615386 0.7451923076923077 0.3509615384615386 0.7451923076923077 0.3509615384615386 0.7716346153846154 0.3822115384615386 0.7716346153846154
0 0.36057692307692324 0.7908653846153846 0.3317307692307694 0.7908653846153846 0.3317307692307694 0.8125 0.36057692307692324 0.8125
0 0.35817307692307704 0.8798076923076923 0.32211538461538475 0.8798076923076923 0.32211538461538475 0.90625 0.35817307692307704 0.90625
0 0.3028846153846155 0.7908653846153846 0.25721153846153855 0.7908653846153846 0.25721153846153855 0.8245192307692307 0.3028846153846155 0.8245192307692307
0 0.1346153846153847 0.4326923076923077 0.10096153846153853 0.4326923076923077 0.10096153846153853 0.4543269230769231 0.1346153846153847 0.4543269230769231