0 0.33413461538461553 0.6322115384615384 0.29807692307692313 0.6322115384615384 0.29807692307692313 0.6682692307692307 0.33413461538461553 0.6682692307692307
0 0.3245192307692309 0.5745192307692307 0.2836538461538462 0.5745192307692307 0.2836538461538462 0.6105769230769231 0.3245192307692309 0.6105769230769231
0 0.4086538461538463 0.7091346153846154 0.37259615384615397 0.7091346153846154 0.37259615384615397 0.7379807692307693 0.4086538461538463 0.7379807692307693
0 0.34615384615384615 0.5192307692307693 0.31490384615384615 0.5192307692307693 0.31490384615384615 0.5480769230769231 0.34615384615384615 0.5480769230769231
0 0.42788461538461553 0.6730769230769231 0.38942307692307704 0.6730769230769231 0.38942307692307704 0.7091346153846154 0.42788461538461553 0.7091346153846154
0 0.36538461538461536 0.4951923076923077 0.34134615384615385 0.4951923076923077 0.34134615384615385 0.5192307692307693 0.36538461538461536 0.5192307692307693
0 0.34615384615384615 0.43990384615384615 0.3173076923076923 0.43990384615384615 0.3173076923076923 0.46875 0.34615384615384615 0.46875
0 0.4759615384615386 0.6802884615384616 0.4447115384615386 0.6802884615384616 0.4447115384615386 0.7091346153846154 0.4759615384615386 0.7091346153846154
0 0.42788461538461553 0.5769230769230769 0.3942307692307694 0.5769230769230769 0.3942307692307694 0.6081730769230769 0.42788461538461553 0.6081730769230769
0 0.41346153846153844 0.5336538461538461 0.38461538461538464 0.5336538461538461 0.38461538461538464 0.5576923076923077 0.41346153846153844 0.5576923076923077
0 0.4807692307692309 0.6610576923076923 0.45192307692307704 0.6610576923076923 0.45192307692307704 0.6899038461538461 0.4807692307692309 0.6899038461538461
0 0.4807692307692309 0.6201923076923077 0.44711538461538475 0.6201923076923077 0.44711538461538475 0.6490384615384616 0.4807692307692309 0.6490384615384616
0 0.5168269230769232 0.6875 0.48317307692307704 0.6875 0.48317307692307704 0.7211538461538461 0.5168269230769232 0.7211538461538461
0 0.37740384615384615 0.42788461538461536 0.3581730769230769 0.42788461538461536 0.3581730769230769 0.44711538461538464 0.37740384615384615 0.44711538461538464
0 0.3918269230769231 0.4206730769230769 0.36538461538461536 0.4206730769230769 0.36538461538461536 0.4495192307692308 0.3918269230769231 0.4495192307692308
0 0.4254807692307692 0.4831730769230769 0.40384615384615385 0.4831730769230769 0.40384615384615385 0.5024038461538461 0.4254807692307692 0.5024038461538461
0 0.4735576923076923 0.5216346153846154 0.43990384615384615 0.5216346153846154 0.43990384615384615 0.5528846153846154 0.4735576923076923 0.5528846153846154
0 0.5576923076923078 0.6466346153846154 0.5216346153846155 0.6466346153846154 0.5216346153846155 0.6802884615384616 0.5576923076923078 0.6802884615384616
0 0.5192307692307694 0.5769230769230769 0.49038461538461553 0.5769230769230769 0.49038461538461553 0.6057692307692307 0.5192307692307694 0.6057692307692307
0 0.4182692307692308 0.3317307692307692 0.375 0.3317307692307692 0.375 0.37259615384615385 0.4182692307692308 0.37259615384615385
0 0.5072115384615384 0.5240384615384616 0.47115384615384615 0.5240384615384616 0.47115384615384615 0.5552884615384616 0.5072115384615384 0.5552884615384616
0 0.4375 0.38221153846153844 0.40865384615384615 0.38221153846153844 0.40865384615384615 0.40865384615384615 0.4375 0.40865384615384615
0 0.47836538461538464 0.46153846153846156 0.4519230769230769 0.46153846153846156 0.4519230769230769 0.49038461538461536 0.47836538461538464 0.49038461538461536
0 0.5937500000000001 0.6466346153846154 0.5552884615384617 0.6466346153846154 0.5552884615384617 0.6802884615384616 0.5937500000000001 0.6802884615384616
0 0.5480769230769231 0.5264423076923077 0.5192307692307693 0.5264423076923077 0.5192307692307693 0.5528846153846154 0.5480769230769231 0.5528846153846154
0 0.6129807692307694 0.6418269230769231 0.5817307692307694 0.6418269230769231 0.5817307692307694 0.6682692307692307 0.6129807692307694 0.6682692307692307
0 0.6322115384615384 0.6153846153846154 0.6033653846153848 0.6153846153846154 0.6033653846153848 0.6442307692307693 0.6322115384615384 0.6442307692307693
0 0.5673076923076923 0.4567307692307693 0.5360576923076923 0.4567307692307692 0.5360576923076923 0.4879807692307693 0.5673076923076923 0.4879807692307694
0 0.4855769230769231 0.28846153846153855 0.44711538461538464 0.28846153846153855 0.44711538461538464 0.31971153846153844 0.4855769230769231 0.31971153846153844
0 0.6009615384615384 0.5096153846153848 0.5721153846153846 0.5096153846153848 0.5721153846153846 0.5384615384615385 0.6009615384615384 0.5384615384615385
0 0.6706730769230769 0.6105769230769232 0.6274038461538461 0.6105769230769232 0.6274038461538461 0.6466346153846154 0.6706730769230769 0.6466346153846154
0 0.5721153846153846 0.44471153846153855 0.5480769230769231 0.44471153846153844 0.5480769230769231 0.46875000000000006 0.5721153846153846 0.4687500000000001
0 0.6466346153846154 0.5673076923076924 0.6177884615384616 0.5673076923076924 0.6177884615384616 0.5937500000000001 0.6466346153846154 0.5937500000000001
0 0.65625 0.591346153846154 0.6322115384615384 0.591346153846154 0.6322115384615384 0.6153846153846154 0.65625 0.6153846153846154
0 0.6514423076923077 0.5240384615384617 0.6153846153846154 0.5240384615384617 0.6153846153846154 0.560096153846154 0.6514423076923077 0.560096153846154
0 0.6706730769230769 0.560096153846154 0.6394230769230769 0.560096153846154 0.6394230769230769 0.5889423076923078 0.6706730769230769 0.5889423076923078
0 0.5841346153846154 0.37019230769230776 0.5552884615384616 0.3701923076923077 0.5552884615384616 0.3990384615384616 0.5841346153846154 0.3990384615384617
0 0.6682692307692307 0.5168269230769232 0.6346153846153846 0.5168269230769232 0.6346153846153846 0.5504807692307694 0.6682692307692307 0.5504807692307694
0 0.6850961538461539 0.46634615384615397 0.65625 0.46634615384615397 0.65625 0.4951923076923078 0.6850961538461539 0.4951923076923078
0 0.7259615384615384 0.5456730769230771 0.6971153846153846 0.5456730769230771 0.6971153846153846 0.574519230769231 0.7259615384615384 0.574519230769231
0 0.7427884615384616 0.5072115384615385 0.7115384615384616 0.5072115384615385 0.7115384615384616 0.5360576923076924 0.7427884615384616 0.5360576923076924
0 0.7836538461538461 0.5360576923076924 0.75 0.5360576923076924 0.75 0.5673076923076924 0.7836538461538461 0.5673076923076924