0 0.6370192307692307 0.21153846153846162 0.6153846153846154 0.21153846153846162 0.6153846153846154 0.24278846153846162 0.6370192307692307 0.24278846153846162
0 0.6802884615384616 0.24278846153846162 0.6634615384615384 0.24278846153846162 0.6634615384615384 0.2740384615384616 0.6802884615384616 0.2740384615384616
0 0.5649038461538461 0.24278846153846162 0.5480769230769231 0.24278846153846162 0.5480769230769231 0.2692307692307693 0.5649038461538461 0.2692307692307693
0 0.5456730769230769 0.2524038461538462 0.5360576923076923 0.2524038461538462 0.5360576923076923 0.2716346153846155 0.5456730769230769 0.2716346153846155
0 0.5745192307692307 0.26201923076923084 0.5625 0.26201923076923084 0.5625 0.2788461538461539 0.5745192307692307 0.2788461538461539
0 0.5072115384615384 0.26201923076923084 0.49038461538461536 0.26201923076923084 0.49038461538461536 0.2860576923076924 0.5072115384615384 0.2860576923076924
0 0.4951923076923077 0.2740384615384616 0.4831730769230769 0.2740384615384616 0.4831730769230769 0.29326923076923084 0.4951923076923077 0.29326923076923084
0 0.6009615384615384 0.28846153846153855 0.5889423076923077 0.28846153846153855 0.5889423076923077 0.3125000000000001 0.6009615384615384 0.3125000000000001
0 0.4495192307692308 0.2860576923076924 0.4375 0.2860576923076924 0.4375 0.3028846153846155 0.4495192307692308 0.3028846153846155
0 0.49759615384615385 0.29807692307692313 0.47596153846153844 0.29807692307692313 0.47596153846153844 0.31971153846153844 0.49759615384615385 0.31971153846153844
0 0.6418269230769231 0.3076923076923078 0.6201923076923077 0.3076923076923078 0.6201923076923077 0.3461538461538463 0.6418269230769231 0.3461538461538463
0 0.6105769230769231 0.3125000000000001 0.5913461538461539 0.3125000000000001 0.5913461538461539 0.3461538461538463 0.6105769230769231 0.3461538461538463
0 0.6225961538461539 0.3245192307692309 0.6105769230769231 0.3245192307692309 0.6105769230769231 0.3461538461538463 0.6225961538461539 0.3461538461538463
0 0.49278846153846156 0.32211538461538464 0.47836538461538464 0.32211538461538464 0.47836538461538464 0.34134615384615385 0.49278846153846156 0.34134615384615385
0 0.44471153846153844 0.34134615384615385 0.4254807692307692 0.34134615384615385 0.4254807692307692 0.3629807692307692 0.44471153846153844 0.3629807692307692
0 0.6514423076923077 0.36057692307692324 0.6394230769230769 0.36057692307692324 0.6394230769230769 0.3822115384615386 0.6514423076923077 0.3822115384615386
0 0.6081730769230769 0.39182692307692324 0.5961538461538461 0.39182692307692324 0.5961538461538461 0.4086538461538463 0.6081730769230769 0.4086538461538463
0 0.5625 0.389423076923077 0.5480769230769231 0.3894230769230769 0.5480769230769231 0.41346153846153855 0.5625 0.4134615384615386
0 0.5024038461538461 0.3942307692307692 0.4855769230769231 0.3942307692307692 0.4855769230769231 0.4110576923076923 0.5024038461538461 0.4110576923076923
0 0.5144230769230769 0.40625 0.5048076923076923 0.40625 0.5048076923076923 0.4230769230769231 0.5144230769230769 0.4230769230769231
0 0.4855769230769231 0.40384615384615385 0.46875 0.40384615384615385 0.46875 0.4230769230769231 0.4855769230769231 0.4230769230769231
0 0.6033653846153846 0.4254807692307694 0.5865384615384616 0.4254807692307694 0.5865384615384616 0.45432692307692324 0.6033653846153846 0.45432692307692324
0 0.5384615384615384 0.42788461538461536 0.5120192307692307 0.42788461538461536 0.5120192307692307 0.4543269230769231 0.5384615384615384 0.4543269230769231
0 0.65625 0.44230769230769246 0.6418269230769231 0.44230769230769246 0.6418269230769231 0.4711538461538463 0.65625 0.4711538461538463
0 0.625 0.4495192307692309 0.6105769230769231 0.4495192307692309 0.6105769230769231 0.47355769230769246 0.625 0.47355769230769246
0 0.5841346153846154 0.44471153846153855 0.5576923076923077 0.44471153846153844 0.5576923076923077 0.4879807692307693 0.5841346153846154 0.4879807692307694
0 0.6274038461538461 0.4639423076923078 0.6057692307692307 0.4639423076923078 0.6057692307692307 0.4927884615384617 0.6274038461538461 0.4927884615384617
0 0.43509615384615385 0.4519230769230769 0.41586538461538464 0.4519230769230769 0.41586538461538464 0.47836538461538464 0.43509615384615385 0.47836538461538464
0 0.6298076923076923 0.48557692307692324 0.6153846153846154 0.48557692307692324 0.6153846153846154 0.5192307692307694 0.6298076923076923 0.5192307692307694
0 0.43990384615384615 0.47596153846153844 0.4230769230769231 0.47596153846153844 0.4230769230769231 0.49759615384615385 0.43990384615384615 0.49759615384615385
0 0.49038461538461536 0.5048076923076923 0.47115384615384615 0.5048076923076923 0.47115384615384615 0.5240384615384616 0.49038461538461536 0.5240384615384616
0 0.6009615384615384 0.5312500000000001 0.5889423076923077 0.5312500000000001 0.5889423076923077 0.5504807692307694 0.6009615384615384 0.5504807692307694
0 0.6370192307692307 0.5408653846153848 0.6153846153846154 0.5408653846153848 0.6153846153846154 0.5721153846153848 0.6370192307692307 0.5721153846153848
0 0.5528846153846154 0.5432692307692307 0.5408653846153846 0.5432692307692307 0.5408653846153847 0.5697115384615384 0.5528846153846155 0.5697115384615384
0 0.5384615384615385 0.59375 0.5216346153846155 0.59375 0.5216346153846155 0.6201923076923077 0.5384615384615385 0.6201923076923077
0 0.6802884615384616 0.6153846153846154 0.6586538461538461 0.6153846153846154 0.6586538461538461 0.6466346153846154 0.6802884615384616 0.6466346153846154
0 0.5360576923076924 0.6418269230769231 0.5240384615384617 0.6418269230769231 0.5240384615384617 0.65625 0.5360576923076924 0.65625
0 0.8533653846153846 0.5096153846153848 0.8365384615384616 0.5096153846153848 0.8365384615384616 0.5336538461538463 0.8533653846153846 0.5336538461538463
0 0.5552884615384616 0.5576923076923077 0.5432692307692307 0.5576923076923077 0.5432692307692308 0.5745192307692307 0.5552884615384617 0.5745192307692307