0 0.5144230769230771 0.8894230769230769 0.4447115384615386 0.8894230769230769 0.4447115384615386 1 0.5144230769230771 1
0 0.6057692307692307 0.03365384615384623 0.5336538461538461 0.03365384615384622 0.5336538461538461 0.19471153846153852 0.6057692307692307 0.19471153846153852
0 0.5625 0.0865384615384616 0.5072115384615384 0.0865384615384616 0.5072115384615384 0.19951923076923084 0.5625 0.19951923076923084
0 0.6658653846153846 0.09615384615384623 0.5985576923076923 0.09615384615384623 0.5985576923076923 0.2163461538461539 0.6658653846153846 0.2163461538461539
0 0.49278846153846156 0.1177884615384616 0.4206730769230769 0.1177884615384616 0.4206730769230769 0.2475961538461539 0.49278846153846156 0.2475961538461539
0 0.1875 0.11298076923076925 0.11057692307692307 0.11298076923076923 0.1105769230769231 0.2644230769230769 0.1875 0.2644230769230769
0 0.8341346153846154 0.18028846153846162 0.7524038461538461 0.18028846153846162 0.7524038461538461 0.3437500000000001 0.8341346153846154 0.3437500000000001
0 0.9807692307692307 0.2572115384615386 0.9086538461538461 0.2572115384615386 0.9086538461538461 0.4062500000000001 0.9807692307692307 0.4062500000000001
0 0.4014423076923077 0.2283653846153847 0.33413461538461536 0.2283653846153847 0.33413461538461536 0.3557692307692308 0.4014423076923077 0.3557692307692308
0 0.6875 0.29807692307692313 0.6153846153846154 0.29807692307692313 0.6153846153846154 0.39663461538461553 0.6875 0.39663461538461553
0 0.31009615384615385 3.4443191226019304e-17 0.25240384615384615 3.091055622847887e-17 0.25240384615384615 0.05769230769230772 0.31009615384615385 0.05769230769230772
0 0.11778846153846154 1.030351874282629e-17 0.05048076923076923 6.182111245695773e-18 0.05048076923076923 0.043269230769230775 0.11778846153846154 0.04326923076923079
0 0.7620192307692307 0.014423076923077012 0.7043269230769231 0.014423076923077009 0.7043269230769231 0.09855769230769242 0.7620192307692307 0.09855769230769242
0 0.8389423076923077 0.39663461538461553 0.7668269230769231 0.39663461538461553 0.7668269230769231 0.49038461538461553 0.8389423076923077 0.49038461538461553
0 0.6225961538461539 0.37500000000000006 0.5552884615384616 0.375 0.5552884615384616 0.4735576923076924 0.6225961538461539 0.47355769230769246
0 0.22355769230769232 2.2814934359115352e-17 0.14903846153846154 1.8251947487292284e-17 0.14903846153846154 0.09134615384615388 0.22355769230769232 0.09134615384615388
0 0.28125000000000006 0.5144230769230769 0.21394230769230776 0.5144230769230769 0.21394230769230776 0.6274038461538461 0.28125000000000006 0.6274038461538461
0 0.36538461538461536 4.0625302471715086e-17 0.2980769230769231 3.650389497458457e-17 0.2980769230769231 0.10576923076923081 0.36538461538461536 0.10576923076923081
0 1 0.03365384615384627 0.9326923076923077 0.03365384615384626 0.9326923076923077 0.15625000000000014 1 0.15625000000000014
0 0.5985576923076924 0.5745192307692308 0.5312500000000001 0.5745192307692307 0.5312500000000001 0.7211538461538461 0.5985576923076924 0.7211538461538461
0 0.6514423076923077 0.6081730769230771 0.5697115384615385 0.6081730769230771 0.5697115384615385 0.7548076923076923 0.6514423076923077 0.7548076923076923
0 0.4951923076923077 0.031250000000000056 0.43509615384615385 0.03125000000000005 0.43509615384615385 0.12500000000000006 0.4951923076923077 0.12500000000000006
0 0.5504807692307694 0.7692307692307693 0.4759615384615386 0.7692307692307693 0.4759615384615386 0.8701923076923077 0.5504807692307694 0.8701923076923077
0 0.65625 0.7764423076923077 0.5817307692307694 0.7764423076923077 0.5817307692307694 0.8846153846153846 0.65625 0.8846153846153846
0 0.8028846153846154 0.8004807692307693 0.7283653846153846 0.8004807692307693 0.7283653846153846 0.9399038461538461 0.8028846153846154 0.9399038461538461
0 0.5817307692307694 0.8509615384615384 0.5048076923076924 0.8509615384615384 0.5048076923076924 0.9735576923076923 0.5817307692307694 0.9735576923076923
0 0.8894230769230769 0.8677884615384616 0.8125 0.8677884615384616 0.8125 1 0.8894230769230769 1