0 0.2163461538461539 0.4879807692307692 0.20192307692307698 0.4879807692307692 0.20192307692307698 0.5120192307692307 0.2163461538461539 0.5120192307692307
0 0.29326923076923084 0.5841346153846154 0.27644230769230776 0.5841346153846154 0.27644230769230776 0.6105769230769231 0.29326923076923084 0.6105769230769231
0 0.3125 0.40865384615384615 0.295673076923077 0.40865384615384615 0.295673076923077 0.43028846153846156 0.3125 0.43028846153846156
0 0.4206730769230769 0.41586538461538464 0.40384615384615385 0.41586538461538464 0.40384615384615385 0.43990384615384615 0.4206730769230769 0.43990384615384615
0 0.34615384615384615 0.38221153846153844 0.3293269230769231 0.38221153846153844 0.3293269230769231 0.4014423076923077 0.34615384615384615 0.4014423076923077
0 0.3629807692307694 0.5649038461538461 0.34855769230769246 0.5649038461538461 0.34855769230769246 0.5841346153846154 0.3629807692307694 0.5841346153846154
0 0.3822115384615386 0.5625 0.36538461538461553 0.5625 0.36538461538461553 0.5817307692307693 0.3822115384615386 0.5817307692307693
0 0.4567307692307692 0.44471153846153844 0.4423076923076923 0.44471153846153844 0.4423076923076923 0.46153846153846156 0.4567307692307692 0.46153846153846156
0 0.46875 0.4639423076923077 0.4519230769230769 0.4639423076923077 0.4519230769230769 0.4855769230769231 0.46875 0.4855769230769231
0 0.4543269230769231 0.46634615384615385 0.4326923076923077 0.46634615384615385 0.4326923076923077 0.4807692307692308 0.4543269230769231 0.4807692307692308
0 0.4375000000000001 0.6201923076923077 0.42307692307692324 0.6201923076923077 0.42307692307692324 0.6442307692307693 0.4375000000000001 0.6442307692307693
0 0.39182692307692324 0.6706730769230769 0.3774038461538463 0.6706730769230769 0.3774038461538463 0.7019230769230769 0.39182692307692324 0.7019230769230769
0 0.41105769230769246 0.7355769230769231 0.3942307692307694 0.7355769230769231 0.3942307692307694 0.7620192307692307 0.41105769230769246 0.7620192307692307
0 0.44711538461538475 0.7427884615384616 0.42788461538461553 0.7427884615384616 0.42788461538461553 0.7644230769230769 0.44711538461538475 0.7644230769230769
0 0.49759615384615397 0.7019230769230769 0.4807692307692309 0.7019230769230769 0.4807692307692309 0.7163461538461539 0.49759615384615397 0.7163461538461539
0 0.5552884615384616 0.5456730769230769 0.5384615384615384 0.5456730769230769 0.5384615384615385 0.5721153846153846 0.5552884615384617 0.5721153846153846
0 0.5576923076923078 0.5721153846153846 0.543269230769231 0.5721153846153846 0.543269230769231 0.5865384615384616 0.5576923076923078 0.5865384615384616
0 0.5504807692307694 0.5841346153846154 0.528846153846154 0.5841346153846154 0.528846153846154 0.6153846153846154 0.5504807692307694 0.6153846153846154
0 0.5480769230769232 0.6394230769230769 0.5336538461538463 0.6394230769230769 0.5336538461538463 0.6610576923076923 0.5480769230769232 0.6610576923076923
0 0.5649038461538463 0.6514423076923077 0.5456730769230771 0.6514423076923077 0.5456730769230771 0.6730769230769231 0.5649038461538463 0.6730769230769231
0 0.5793269230769232 0.6298076923076923 0.5576923076923078 0.6298076923076923 0.5576923076923078 0.6466346153846154 0.5793269230769232 0.6466346153846154
0 0.5841346153846155 0.6081730769230771 0.5649038461538463 0.6081730769230771 0.5649038461538463 0.6274038461538461 0.5841346153846155 0.6274038461538461
0 0.5769230769230771 0.5889423076923078 0.560096153846154 0.5889423076923078 0.560096153846154 0.605769230769231 0.5769230769230771 0.605769230769231
0 0.6009615384615385 0.5961538461538463 0.5841346153846155 0.5961538461538463 0.5841346153846155 0.6129807692307694 0.6009615384615385 0.6129807692307694
0 0.6346153846153846 0.5721153846153848 0.6153846153846154 0.5721153846153848 0.6153846153846154 0.5937500000000001 0.6346153846153846 0.5937500000000001
0 0.6153846153846154 0.5216346153846155 0.5841346153846154 0.5216346153846155 0.5841346153846154 0.5456730769230771 0.6153846153846154 0.5456730769230771
0 0.5889423076923077 0.4447115384615386 0.5721153846153846 0.4447115384615386 0.5721153846153846 0.4711538461538463 0.5889423076923077 0.4711538461538463
0 0.5528846153846154 0.3870192307692308 0.5336538461538461 0.3870192307692308 0.5336538461538461 0.40865384615384615 0.5528846153846154 0.40865384615384615
0 0.5625 0.31250000000000006 0.5456730769230769 0.3125 0.5456730769230769 0.3341346153846155 0.5625 0.33413461538461553
0 0.5865384615384616 0.3774038461538463 0.5721153846153846 0.3774038461538463 0.5721153846153846 0.3942307692307694 0.5865384615384616 0.3942307692307694
0 0.6105769230769231 0.3461538461538463 0.59375 0.3461538461538463 0.59375 0.3701923076923078 0.6105769230769231 0.3701923076923078
0 0.6394230769230769 0.3557692307692309 0.625 0.3557692307692309 0.625 0.37259615384615397 0.6394230769230769 0.37259615384615397
0 0.6370192307692307 0.3870192307692309 0.6177884615384616 0.3870192307692309 0.6177884615384616 0.4086538461538463 0.6370192307692307 0.4086538461538463