0 0.47115384615384615 0.23557692307692316 0.4519230769230769 0.23557692307692316 0.4519230769230769 0.2716346153846155 0.47115384615384615 0.2716346153846155
0 0.37740384615384615 0.3317307692307692 0.3581730769230769 0.3317307692307692 0.3581730769230769 0.36778846153846156 0.37740384615384615 0.36778846153846156
0 0.5432692307692307 0.33653846153846156 0.5192307692307693 0.33653846153846156 0.5192307692307693 0.38461538461538464 0.5432692307692307 0.38461538461538464
0 0.4735576923076923 0.3701923076923077 0.4519230769230769 0.3701923076923077 0.4519230769230769 0.39903846153846156 0.4735576923076923 0.39903846153846156
0 0.5985576923076923 0.34134615384615397 0.5673076923076923 0.34134615384615397 0.5673076923076923 0.39663461538461553 0.5985576923076923 0.39663461538461553
0 0.5192307692307693 0.3918269230769231 0.4951923076923077 0.3918269230769231 0.4951923076923077 0.4423076923076923 0.5192307692307693 0.4423076923076923
0 0.3870192307692308 0.4423076923076923 0.3557692307692308 0.4423076923076923 0.3557692307692308 0.5024038461538461 0.3870192307692308 0.5024038461538461
0 0.4182692307692308 0.4495192307692308 0.4014423076923077 0.4495192307692308 0.4014423076923077 0.47596153846153844 0.4182692307692308 0.47596153846153844
0 0.5432692307692307 0.46634615384615385 0.5264423076923077 0.46634615384615385 0.5264423076923077 0.49278846153846156 0.5432692307692307 0.49278846153846156
0 0.6081730769230769 0.4495192307692309 0.5817307692307693 0.4495192307692309 0.5817307692307693 0.48557692307692324 0.6081730769230769 0.48557692307692324
0 0.4014423076923077 0.49759615384615385 0.37740384615384615 0.49759615384615385 0.37740384615384615 0.5456730769230769 0.4014423076923077 0.5456730769230769
0 0.5168269230769231 0.47115384615384615 0.49278846153846156 0.47115384615384615 0.49278846153846156 0.5168269230769231 0.5168269230769231 0.5168269230769231
0 0.46875 0.49759615384615385 0.44471153846153844 0.49759615384615385 0.44471153846153844 0.5480769230769231 0.46875 0.5480769230769231
0 0.6610576923076923 0.4639423076923078 0.6346153846153846 0.4639423076923078 0.6346153846153846 0.512019230769231 0.6610576923076923 0.512019230769231
0 0.6394230769230769 0.4807692307692309 0.625 0.4807692307692309 0.625 0.5072115384615385 0.6394230769230769 0.5072115384615385
0 0.3846153846153847 0.5480769230769231 0.36538461538461536 0.5480769230769231 0.3653846153846155 0.5745192307692307 0.38461538461538475 0.5745192307692307
0 0.5096153846153846 0.5216346153846154 0.4831730769230769 0.5216346153846154 0.4831730769230769 0.5552884615384616 0.5096153846153846 0.5552884615384616
0 0.6418269230769231 0.4951923076923078 0.6201923076923077 0.4951923076923078 0.6201923076923077 0.5456730769230771 0.6418269230769231 0.5456730769230771
0 0.6706730769230769 0.49759615384615397 0.6538461538461539 0.49759615384615397 0.6538461538461539 0.528846153846154 0.6706730769230769 0.528846153846154
0 0.5793269230769231 0.5264423076923078 0.5673076923076923 0.5264423076923078 0.5673076923076923 0.5456730769230771 0.5793269230769231 0.5456730769230771
0 0.6418269230769231 0.5192307692307694 0.6225961538461539 0.5192307692307694 0.6225961538461539 0.5625000000000001 0.6418269230769231 0.5625000000000001
0 0.5456730769230771 0.5600961538461539 0.528846153846154 0.5600961538461539 0.528846153846154 0.5913461538461539 0.5456730769230771 0.5913461538461539
0 0.6442307692307693 0.5552884615384617 0.625 0.5552884615384617 0.625 0.5961538461538463 0.6442307692307693 0.5961538461538463
0 0.6009615384615385 0.574519230769231 0.5793269230769232 0.574519230769231 0.5793269230769232 0.6009615384615385 0.6009615384615385 0.6009615384615385
0 0.6201923076923077 0.5625000000000001 0.5937500000000001 0.5625000000000001 0.5937500000000001 0.6129807692307694 0.6201923076923077 0.6129807692307694
0 0.6418269230769231 0.5721153846153848 0.6177884615384616 0.5721153846153848 0.6177884615384616 0.6177884615384616 0.6418269230769231 0.6177884615384616
0 0.5528846153846155 0.6177884615384616 0.5336538461538463 0.6177884615384616 0.5336538461538463 0.6490384615384616 0.5528846153846155 0.6490384615384616
0 0.44230769230769246 0.6466346153846154 0.4134615384615386 0.6466346153846154 0.4134615384615386 0.6826923076923077 0.44230769230769246 0.6826923076923077
0 0.591346153846154 0.6081730769230771 0.5649038461538463 0.6081730769230771 0.5649038461538463 0.6610576923076923 0.591346153846154 0.6610576923076923
0 0.65625 0.625 0.6418269230769231 0.625 0.6418269230769231 0.6514423076923077 0.65625 0.6514423076923077
0 0.6298076923076923 0.6418269230769231 0.605769230769231 0.6418269230769231 0.605769230769231 0.6971153846153846 0.6298076923076923 0.6971153846153846
0 0.46634615384615397 0.6899038461538461 0.44230769230769246 0.6899038461538461 0.44230769230769246 0.7355769230769231 0.46634615384615397 0.7355769230769231
0 0.5721153846153848 0.6706730769230769 0.5456730769230771 0.6706730769230769 0.5456730769230771 0.7211538461538461 0.5721153846153848 0.7211538461538461
0 0.5240384615384617 0.6995192307692307 0.5072115384615385 0.6995192307692307 0.5072115384615385 0.7283653846153846 0.5240384615384617 0.7283653846153846
0 0.5456730769230771 0.6923076923076923 0.5216346153846155 0.6923076923076923 0.5216346153846155 0.7427884615384616 0.5456730769230771 0.7427884615384616
0 0.6153846153846154 0.6875 0.5889423076923078 0.6875 0.5889423076923078 0.7331730769230769 0.6153846153846154 0.7331730769230769
0 0.6442307692307693 0.7067307692307693 0.6201923076923077 0.7067307692307693 0.6201923076923077 0.7427884615384616 0.6442307692307693 0.7427884615384616
0 0.543269230769231 0.7596153846153846 0.5264423076923078 0.7596153846153846 0.5264423076923078 0.7860576923076923 0.543269230769231 0.7860576923076923
0 0.9206730769230769 0.25961538461538475 0.8798076923076923 0.25961538461538475 0.8798076923076923 0.31009615384615397 0.9206730769230769 0.31009615384615397