0 0.23317307692307693 0.009615384615384638 0.14423076923076922 0.009615384615384633 0.14423076923076922 0.13461538461538464 0.23317307692307693 0.13461538461538464
0 0.08894230769230771 0.06490384615384616 0.03365384615384616 0.06490384615384616 0.033653846153846166 0.15144230769230768 0.08894230769230772 0.15144230769230768
0 0.32211538461538464 0.08894230769230772 0.24278846153846154 0.08894230769230772 0.24278846153846154 0.19711538461538464 0.32211538461538464 0.1971153846153847
0 0.5528846153846154 0.108173076923077 0.47596153846153844 0.108173076923077 0.47596153846153844 0.2283653846153847 0.5528846153846154 0.2283653846153847
0 0.1514423076923077 0.10576923076923078 0.0889423076923077 0.10576923076923077 0.08894230769230771 0.19230769230769232 0.15144230769230774 0.19230769230769232
0 0.8341346153846154 0.20913461538461545 0.7572115384615384 0.20913461538461545 0.7572115384615384 0.3197115384615386 0.8341346153846154 0.3197115384615386
0 0.1778846153846154 0.18028846153846154 0.11298076923076926 0.18028846153846154 0.11298076923076926 0.27884615384615385 0.1778846153846154 0.27884615384615385
0 0.5889423076923077 0.1971153846153847 0.5120192307692307 0.1971153846153847 0.5120192307692307 0.31971153846153855 0.5889423076923077 0.3197115384615386
0 0.26682692307692313 0.19471153846153846 0.18990384615384615 0.19471153846153846 0.1899038461538462 0.3004807692307692 0.26682692307692313 0.3004807692307692
0 0.9903846153846154 0.2572115384615386 0.8990384615384616 0.2572115384615386 0.8990384615384616 0.3870192307692309 0.9903846153846154 0.3870192307692309
0 0.06490384615384619 0.23557692307692307 0.009615384615384645 0.23557692307692307 0.009615384615384649 0.3173076923076923 0.06490384615384619 0.3173076923076923
0 0.33413461538461536 0.0072115384615384975 0.2620192307692308 0.007211538461538493 0.2620192307692308 0.06009615384615388 0.33413461538461536 0.06009615384615388
0 0.3125 0.2620192307692308 0.22596153846153846 0.2620192307692308 0.2259615384615385 0.41586538461538464 0.3125 0.41586538461538464
0 0.18028846153846154 0.012019230769230789 0.125 0.012019230769230786 0.125 0.048076923076923093 0.18028846153846154 0.048076923076923093
0 0.5096153846153846 0.3557692307692308 0.43509615384615385 0.3557692307692308 0.43509615384615385 0.4735576923076923 0.5096153846153846 0.4735576923076923
0 0.29326923076923084 0.6153846153846154 0.22355769230769237 0.6153846153846154 0.22355769230769237 0.7235576923076923 0.29326923076923084 0.7235576923076923
0 0.038461538461538554 0.6826923076923077 0.007211538461538545 0.6826923076923077 0.00721153846153855 0.7740384615384616 0.03846153846153856 0.7740384615384616
0 0.1346153846153846 0.012019230769230782 0.0673076923076923 0.012019230769230779 0.06730769230769232 0.09615384615384616 0.1346153846153846 0.09615384615384616
0 0.8846153846153846 0.06730769230769242 0.8052884615384616 0.06730769230769242 0.8052884615384616 0.17548076923076933 0.8846153846153846 0.17548076923076936