0 0.11057692307692314 0.49038461538461536 6.005479495818751e-17 0.49038461538461536 6.417620245531803e-17 0.5576923076923077 0.11057692307692314 0.5576923076923077
0 0.9399038461538461 0.23557692307692318 0.7836538461538461 0.23557692307692316 0.7836538461538461 0.3052884615384616 0.9399038461538461 0.3052884615384617
0 0.8966346153846154 0.37259615384615397 0.75 0.37259615384615397 0.75 0.4447115384615386 0.8966346153846154 0.4447115384615386
0 0.8485576923076923 0.5625000000000001 0.7427884615384616 0.5625000000000001 0.7427884615384616 0.6346153846153846 0.8485576923076923 0.6346153846153846
0 0.8798076923076923 0.4326923076923078 0.7283653846153846 0.4326923076923078 0.7283653846153846 0.5024038461538463 0.8798076923076923 0.5024038461538463
0 0.8990384615384616 0.22115384615384626 0.7451923076923077 0.22115384615384623 0.7451923076923077 0.30048076923076933 0.8990384615384616 0.3004807692307694
0 0.9807692307692307 0.6850961538461539 0.9230769230769231 0.6850961538461539 0.9230769230769231 0.7307692307692307 0.9807692307692307 0.7307692307692307
0 0.8028846153846154 0.32211538461538475 0.6538461538461539 0.32211538461538475 0.6538461538461539 0.3990384615384617 0.8028846153846154 0.3990384615384617
0 0.7139423076923077 0.3677884615384617 0.6177884615384616 0.3677884615384617 0.6177884615384616 0.4375000000000001 0.7139423076923077 0.4375000000000001
0 0.9663461538461539 0.8509615384615384 0.8894230769230769 0.8509615384615384 0.8894230769230769 0.9158653846153846 0.9663461538461539 0.9158653846153846
0 0.6274038461538461 0.4903846153846155 0.53125 0.49038461538461536 0.5312500000000001 0.5625000000000001 0.6274038461538461 0.5625000000000001
0 0.6033653846153846 0.2596153846153847 0.4543269230769231 0.2596153846153847 0.4543269230769231 0.326923076923077 0.6033653846153846 0.32692307692307704
0 0.5504807692307693 0.31009615384615385 0.4495192307692308 0.31009615384615385 0.4495192307692308 0.36778846153846156 0.5504807692307693 0.36778846153846156
0 0.43509615384615385 0.22355769230769237 0.33653846153846156 0.22355769230769237 0.33653846153846156 0.28846153846153855 0.43509615384615385 0.28846153846153855
0 0.9663461538461539 0.4639423076923078 0.8774038461538461 0.4639423076923078 0.8774038461538461 0.5240384615384617 0.9663461538461539 0.5240384615384617
0 0.9326923076923077 0.6538461538461539 0.8293269230769231 0.6538461538461539 0.8293269230769231 0.7211538461538461 0.9326923076923077 0.7211538461538461
0 0.12740384615384623 0.43990384615384615 0.026442307692307744 0.43990384615384615 0.026442307692307748 0.5096153846153846 0.12740384615384623 0.5096153846153846
0 0.49278846153846156 0.23317307692307698 0.34134615384615385 0.23317307692307698 0.34134615384615385 0.3052884615384616 0.49278846153846156 0.3052884615384616