0 0.6490384615384616 0.2740384615384616 0.6298076923076923 0.2740384615384616 0.6298076923076923 0.3076923076923078 0.6490384615384616 0.3076923076923078
0 0.6682692307692307 0.3076923076923078 0.6514423076923077 0.3076923076923078 0.6514423076923077 0.34134615384615397 0.6682692307692307 0.34134615384615397
0 0.7067307692307693 0.3245192307692309 0.6899038461538461 0.3245192307692309 0.6899038461538461 0.34855769230769246 0.7067307692307693 0.34855769230769246
0 0.5649038461538461 0.37019230769230776 0.5504807692307693 0.3701923076923077 0.5504807692307693 0.3942307692307693 0.5649038461538461 0.3942307692307694
0 0.6538461538461539 0.3822115384615386 0.6418269230769231 0.3822115384615386 0.6418269230769231 0.4086538461538463 0.6538461538461539 0.4086538461538463
0 0.8725961538461539 0.39182692307692324 0.8557692307692307 0.39182692307692324 0.8557692307692307 0.4182692307692309 0.8725961538461539 0.4182692307692309
0 0.5432692307692307 0.4110576923076923 0.5264423076923077 0.4110576923076923 0.5264423076923077 0.43509615384615385 0.5432692307692307 0.43509615384615385
0 0.6322115384615384 0.4447115384615386 0.6153846153846154 0.4447115384615386 0.6153846153846154 0.47355769230769246 0.6322115384615384 0.47355769230769246
0 0.7427884615384616 0.4639423076923078 0.7331730769230769 0.4639423076923078 0.7331730769230769 0.49038461538461553 0.7427884615384616 0.49038461538461553
0 0.71875 0.4759615384615386 0.7091346153846154 0.4759615384615386 0.7091346153846154 0.4951923076923078 0.71875 0.4951923076923078
0 0.8004807692307693 0.48317307692307704 0.7860576923076923 0.48317307692307704 0.7860576923076923 0.512019230769231 0.8004807692307693 0.512019230769231
0 0.7596153846153846 0.49038461538461553 0.7451923076923077 0.49038461538461553 0.7451923076923077 0.5264423076923078 0.7596153846153846 0.5264423076923078
0 0.6850961538461539 0.5000000000000001 0.6706730769230769 0.5000000000000001 0.6706730769230769 0.5216346153846155 0.6850961538461539 0.5216346153846155
0 0.7451923076923077 0.5216346153846155 0.7307692307692307 0.5216346153846155 0.7307692307692307 0.5528846153846155 0.7451923076923077 0.5528846153846155
0 0.7067307692307693 0.5336538461538463 0.6947115384615384 0.5336538461538463 0.6947115384615384 0.560096153846154 0.7067307692307693 0.560096153846154
0 0.6802884615384616 0.543269230769231 0.6706730769230769 0.543269230769231 0.6706730769230769 0.5697115384615385 0.6802884615384616 0.5697115384615385
0 0.7980769230769231 0.560096153846154 0.78125 0.560096153846154 0.78125 0.591346153846154 0.7980769230769231 0.591346153846154
0 0.5360576923076924 0.5576923076923077 0.5168269230769231 0.5576923076923077 0.5168269230769231 0.5889423076923077 0.5360576923076924 0.5889423076923077
0 0.7211538461538461 0.5721153846153848 0.7091346153846154 0.5721153846153848 0.7091346153846154 0.6033653846153848 0.7211538461538461 0.6033653846153848
0 0.7692307692307693 0.5865384615384617 0.7596153846153846 0.5865384615384617 0.7596153846153846 0.6129807692307694 0.7692307692307693 0.6129807692307694
0 0.7259615384615384 0.591346153846154 0.71875 0.591346153846154 0.71875 0.6153846153846154 0.7259615384615384 0.6153846153846154
0 0.7259615384615384 0.6129807692307694 0.7067307692307693 0.6129807692307694 0.7067307692307693 0.6442307692307693 0.7259615384615384 0.6442307692307693
0 0.574519230769231 0.6153846153846154 0.560096153846154 0.6153846153846154 0.560096153846154 0.6418269230769231 0.574519230769231 0.6418269230769231
0 0.6442307692307693 0.6225961538461539 0.6322115384615384 0.6225961538461539 0.6322115384615384 0.6466346153846154 0.6442307692307693 0.6466346153846154
0 0.5961538461538463 0.6201923076923077 0.5865384615384617 0.6201923076923077 0.5865384615384617 0.6514423076923077 0.5961538461538463 0.6514423076923077
0 0.65625 0.6322115384615384 0.6442307692307693 0.6322115384615384 0.6442307692307693 0.6538461538461539 0.65625 0.6538461538461539
0 0.605769230769231 0.6322115384615384 0.5961538461538463 0.6322115384615384 0.5961538461538463 0.6610576923076923 0.605769230769231 0.6610576923076923
0 0.6850961538461539 0.6442307692307693 0.6682692307692307 0.6442307692307693 0.6682692307692307 0.6706730769230769 0.6850961538461539 0.6706730769230769
0 0.6394230769230769 0.6514423076923077 0.6225961538461539 0.6514423076923077 0.6225961538461539 0.6706730769230769 0.6394230769230769 0.6706730769230769
0 0.6225961538461539 0.6538461538461539 0.605769230769231 0.6538461538461539 0.605769230769231 0.6730769230769231 0.6225961538461539 0.6730769230769231
0 0.7043269230769231 0.6586538461538461 0.6899038461538461 0.6586538461538461 0.6899038461538461 0.6802884615384616 0.7043269230769231 0.6802884615384616
0 0.7668269230769231 0.6586538461538461 0.7524038461538461 0.6586538461538461 0.7524038461538461 0.6923076923076923 0.7668269230769231 0.6923076923076923
0 0.7259615384615384 0.6706730769230769 0.7139423076923077 0.6706730769230769 0.7139423076923077 0.6923076923076923 0.7259615384615384 0.6923076923076923
0 0.5793269230769232 0.6634615384615384 0.5625000000000001 0.6634615384615384 0.5625000000000001 0.6923076923076923 0.5793269230769232 0.6923076923076923
0 0.6081730769230771 0.6754807692307693 0.5937500000000001 0.6754807692307693 0.5937500000000001 0.6995192307692307 0.6081730769230771 0.6995192307692307
0 0.7043269230769231 0.6778846153846154 0.6923076923076923 0.6778846153846154 0.6923076923076923 0.7043269230769231 0.7043269230769231 0.7043269230769231
0 0.6610576923076923 0.6826923076923077 0.6466346153846154 0.6826923076923077 0.6466346153846154 0.7139423076923077 0.6610576923076923 0.7139423076923077
0 0.6418269230769231 0.7043269230769231 0.6298076923076923 0.7043269230769231 0.6298076923076923 0.7403846153846154 0.6418269230769231 0.7403846153846154
0 0.6442307692307693 0.7524038461538461 0.6346153846153846 0.7524038461538461 0.6346153846153846 0.7668269230769231 0.6442307692307693 0.7668269230769231
0 0.1850961538461539 0.31971153846153844 0.16826923076923084 0.31971153846153844 0.16826923076923084 0.3557692307692308 0.1850961538461539 0.3557692307692308