0 0.90625 0.036057692307692416 0.8052884615384616 0.03605769230769241 0.8052884615384616 0.17307692307692318 0.90625 0.1730769230769232
0 1 0.10817307692307704 0.9447115384615384 0.10817307692307702 0.9447115384615384 0.1995192307692309 1 0.1995192307692309
0 0.7980769230769231 0.10817307692307702 0.7091346153846154 0.10817307692307702 0.7091346153846154 0.22355769230769237 0.7980769230769231 0.22355769230769237
0 0.5576923076923077 0.108173076923077 0.4807692307692308 0.108173076923077 0.4807692307692308 0.23076923076923084 0.5576923076923077 0.23076923076923084
0 0.9495192307692307 0.14663461538461547 0.8822115384615384 0.14663461538461547 0.8822115384615384 0.2355769230769232 0.9495192307692307 0.2355769230769232
0 0.2692307692307693 0.18028846153846154 0.18990384615384615 0.18028846153846154 0.1899038461538462 0.2932692307692308 0.2692307692307693 0.2932692307692308
0 0.9206730769230769 0.216346153846154 0.84375 0.216346153846154 0.84375 0.3197115384615386 0.9206730769230769 0.3197115384615386
0 0.5216346153846154 0.18750000000000006 0.42788461538461536 0.18750000000000006 0.42788461538461536 0.32211538461538464 0.5216346153846154 0.32211538461538464
0 0.8461538461538461 0.2187500000000001 0.7524038461538461 0.21875000000000006 0.7524038461538461 0.33413461538461553 0.8461538461538461 0.33413461538461553
0 0.12259615384615388 0.21153846153846154 0.028846153846153872 0.21153846153846154 0.02884615384615388 0.34134615384615385 0.12259615384615388 0.34134615384615385
0 1 0.2836538461538463 0.9495192307692307 0.2836538461538463 0.9495192307692307 0.3701923076923078 1 0.3701923076923078
0 0.7908653846153846 0.024038461538461627 0.7163461538461539 0.024038461538461623 0.7163461538461539 0.08413461538461549 0.7908653846153846 0.08413461538461549
0 0.7908653846153846 0.2860576923076924 0.7019230769230769 0.2860576923076924 0.7019230769230769 0.44230769230769246 0.7908653846153846 0.44230769230769246
0 0.9278846153846154 0.04086538461538473 0.8653846153846154 0.04086538461538472 0.8653846153846154 0.08653846153846165 0.9278846153846154 0.08653846153846165
0 0.5841346153846154 0.35096153846153855 0.4879807692307692 0.35096153846153844 0.4879807692307692 0.48076923076923084 0.5841346153846154 0.4807692307692309
0 0.7644230769230769 0.6346153846153846 0.6850961538461539 0.6346153846153846 0.6850961538461539 0.75 0.7644230769230769 0.75
0 0.9735576923076923 0.7379807692307693 0.9350961538461539 0.7379807692307693 0.9350961538461539 0.8269230769230769 0.9735576923076923 0.8269230769230769
0 0.9783653846153846 0.05528846153846166 0.9134615384615384 0.05528846153846166 0.9134615384615384 0.14423076923076936 0.9783653846153846 0.14423076923076936
0 0.23798076923076922 0.03365384615384617 0.16105769230769232 0.03365384615384617 0.16105769230769232 0.1418269230769231 0.23798076923076922 0.1418269230769231