0 0.8293269230769231 0.8990384615384616 0.75 0.8990384615384616 0.75 1 0.8293269230769231 1
0 0.6610576923076923 0.9326923076923077 0.6009615384615385 0.9326923076923077 0.6009615384615385 1 0.6610576923076923 1
0 0.5144230769230769 0.11057692307692314 0.4375 0.11057692307692314 0.4375 0.20913461538461545 0.5144230769230769 0.20913461538461545
0 0.8293269230769231 0.08653846153846165 0.71875 0.08653846153846165 0.71875 0.2524038461538462 0.8293269230769231 0.2524038461538462
0 0.5961538461538461 0.108173076923077 0.49278846153846156 0.108173076923077 0.49278846153846156 0.24519230769230776 0.5961538461538461 0.24519230769230776
0 0.21394230769230768 0.13942307692307696 0.1466346153846154 0.13942307692307696 0.1466346153846154 0.23557692307692307 0.21394230769230768 0.23557692307692307
0 0.44471153846153844 0.15625000000000006 0.375 0.15625000000000006 0.375 0.25721153846153855 0.44471153846153844 0.25721153846153855
0 0.41346153846153844 0.1971153846153847 0.31971153846153844 0.1971153846153847 0.31971153846153844 0.31490384615384615 0.41346153846153844 0.31490384615384615
0 0.5769230769230769 0.22115384615384623 0.4879807692307692 0.22115384615384623 0.4879807692307692 0.3341346153846155 0.5769230769230769 0.33413461538461553
0 0.4375 0.24278846153846162 0.3701923076923077 0.24278846153846162 0.3701923076923077 0.33413461538461536 0.4375 0.33413461538461536
0 0.59375 0.3221153846153847 0.5168269230769231 0.32211538461538464 0.5168269230769231 0.420673076923077 0.59375 0.42067307692307704
0 0.8389423076923077 0.3028846153846155 0.7331730769230769 0.3028846153846155 0.7331730769230769 0.4615384615384617 0.8389423076923077 0.4615384615384617
0 0.5889423076923077 0.358173076923077 0.5168269230769231 0.3581730769230769 0.5168269230769231 0.45432692307692313 0.5889423076923077 0.45432692307692324
0 0.2932692307692308 3.0174590603991277e-17 0.19951923076923078 2.4434058732988057e-17 0.19951923076923078 0.10817307692307696 0.2932692307692308 0.10817307692307696
0 0.5048076923076924 0.41346153846153844 0.3942307692307692 0.41346153846153844 0.3942307692307693 0.5865384615384616 0.5048076923076924 0.5865384615384616
0 0.326923076923077 0.4375 0.23076923076923084 0.4375 0.23076923076923084 0.5600961538461539 0.32692307692307704 0.5600961538461539
0 0.48076923076923084 0.5024038461538461 0.37259615384615385 0.5024038461538461 0.3725961538461539 0.6538461538461539 0.4807692307692309 0.6538461538461539
0 0.6129807692307693 0.5360576923076924 0.5120192307692307 0.5360576923076923 0.5120192307692308 0.6826923076923077 0.6129807692307694 0.6826923076923077
0 0.6586538461538461 0.5889423076923078 0.5841346153846155 0.5889423076923078 0.5841346153846155 0.6995192307692307 0.6586538461538461 0.6995192307692307
0 0.41105769230769246 0.6658653846153846 0.33413461538461553 0.6658653846153846 0.33413461538461553 0.7620192307692307 0.41105769230769246 0.7620192307692307
0 0.45913461538461553 0.6802884615384616 0.37259615384615397 0.6802884615384616 0.37259615384615397 0.7884615384615384 0.45913461538461553 0.7884615384615384
0 0.6442307692307693 0.6971153846153846 0.574519230769231 0.6971153846153846 0.574519230769231 0.7860576923076923 0.6442307692307693 0.7860576923076923
0 0.512019230769231 0.6995192307692307 0.4062500000000001 0.6995192307692307 0.4062500000000001 0.8581730769230769 0.512019230769231 0.8581730769230769
0 0.4326923076923077 0.016826923076923125 0.34134615384615385 0.01682692307692312 0.34134615384615385 0.1490384615384616 0.4326923076923077 0.14903846153846162
0 0.5721153846153848 0.7764423076923077 0.4711538461538463 0.7764423076923077 0.4711538461538463 0.9182692307692307 0.5721153846153848 0.9182692307692307
0 0.9423076923076923 0.8076923076923077 0.8557692307692307 0.8076923076923077 0.8557692307692307 0.9158653846153846 0.9423076923076923 0.9158653846153846
0 0.8317307692307693 0.8990384615384616 0.7427884615384616 0.8990384615384616 0.7427884615384616 1 0.8317307692307693 1