0 0.84375 0.5360576923076924 0.8100961538461539 0.5360576923076924 0.8100961538461539 0.5649038461538463 0.84375 0.5649038461538463
0 0.7788461538461539 0.5985576923076924 0.7427884615384616 0.5985576923076924 0.7427884615384616 0.6274038461538461 0.7788461538461539 0.6274038461538461
0 0.7908653846153846 0.5528846153846155 0.7427884615384616 0.5528846153846155 0.7427884615384616 0.5865384615384617 0.7908653846153846 0.5865384615384617
0 0.7908653846153846 0.4375000000000001 0.75 0.4375000000000001 0.75 0.4639423076923078 0.7908653846153846 0.4639423076923078
0 0.7451923076923077 0.6033653846153848 0.7139423076923077 0.6033653846153848 0.7139423076923077 0.6274038461538461 0.7451923076923077 0.6274038461538461
0 0.7716346153846154 0.4687500000000001 0.7331730769230769 0.4687500000000001 0.7331730769230769 0.5096153846153848 0.7716346153846154 0.5096153846153848
0 0.7427884615384616 0.528846153846154 0.7115384615384616 0.528846153846154 0.7115384615384616 0.5528846153846155 0.7427884615384616 0.5528846153846155
0 0.6923076923076923 0.6490384615384616 0.6586538461538461 0.6490384615384616 0.6586538461538461 0.6730769230769231 0.6923076923076923 0.6730769230769231
0 0.7235576923076923 0.4927884615384617 0.6826923076923077 0.4927884615384617 0.6826923076923077 0.5192307692307694 0.7235576923076923 0.5192307692307694
0 0.7307692307692307 0.4182692307692309 0.6947115384615384 0.4182692307692309 0.6947115384615384 0.44711538461538475 0.7307692307692307 0.44711538461538475
0 0.7115384615384616 0.5096153846153848 0.6706730769230769 0.5096153846153848 0.6706730769230769 0.5312500000000001 0.7115384615384616 0.5312500000000001
0 0.6754807692307693 0.625 0.6442307692307693 0.625 0.6442307692307693 0.6490384615384616 0.6754807692307693 0.6490384615384616
0 1 0.4302884615384617 0.9519230769230769 0.4302884615384617 0.9519230769230769 0.5048076923076924 1 0.5048076923076924
0 0.6682692307692307 0.5504807692307694 0.6370192307692307 0.5504807692307694 0.6370192307692307 0.574519230769231 0.6682692307692307 0.574519230769231
0 0.6826923076923077 0.4639423076923078 0.6538461538461539 0.4639423076923078 0.6538461538461539 0.47836538461538475 0.6826923076923077 0.47836538461538475
0 0.6298076923076923 0.6394230769230769 0.591346153846154 0.6394230769230769 0.591346153846154 0.6754807692307693 0.6298076923076923 0.6754807692307693
0 0.6346153846153846 0.6129807692307694 0.5937500000000001 0.6129807692307694 0.5937500000000001 0.6346153846153846 0.6346153846153846 0.6346153846153846
0 0.625 0.6009615384615385 0.5961538461538463 0.6009615384615385 0.5961538461538463 0.6225961538461539 0.625 0.6225961538461539
0 0.6875 0.3004807692307693 0.65625 0.3004807692307693 0.65625 0.32211538461538475 0.6875 0.32211538461538475
0 0.6490384615384616 0.44230769230769246 0.6177884615384616 0.44230769230769246 0.6177884615384616 0.46634615384615397 0.6490384615384616 0.46634615384615397
0 0.5937500000000001 0.6298076923076923 0.560096153846154 0.6298076923076923 0.560096153846154 0.6514423076923077 0.5937500000000001 0.6514423076923077
0 0.5961538461538463 0.5985576923076924 0.5649038461538463 0.5985576923076924 0.5649038461538463 0.6201923076923077 0.5961538461538463 0.6201923076923077
0 0.6538461538461539 0.3437500000000001 0.6201923076923077 0.3437500000000001 0.6201923076923077 0.3701923076923078 0.6538461538461539 0.3701923076923078
0 0.6274038461538461 0.4302884615384617 0.5961538461538461 0.4302884615384617 0.5961538461538461 0.45432692307692324 0.6274038461538461 0.45432692307692324
0 0.5793269230769231 0.5504807692307693 0.5480769230769231 0.5504807692307693 0.5480769230769231 0.5697115384615385 0.5793269230769232 0.5697115384615385
0 0.5504807692307694 0.6466346153846154 0.5192307692307694 0.6466346153846154 0.5192307692307694 0.6682692307692307 0.5504807692307694 0.6682692307692307
0 0.5625000000000001 0.5721153846153847 0.5336538461538463 0.5721153846153846 0.5336538461538463 0.591346153846154 0.5625000000000001 0.591346153846154
0 0.5793269230769231 0.4927884615384616 0.5504807692307693 0.49278846153846156 0.5504807692307693 0.514423076923077 0.5793269230769231 0.5144230769230771
0 0.5625000000000001 0.5384615384615385 0.5384615384615384 0.5384615384615384 0.5384615384615385 0.560096153846154 0.5625000000000001 0.560096153846154
0 0.5673076923076923 0.4879807692307693 0.5336538461538461 0.4879807692307692 0.5336538461538461 0.5192307692307693 0.5673076923076923 0.5192307692307694
0 0.5961538461538461 0.3437500000000001 0.5673076923076923 0.3437500000000001 0.5673076923076923 0.3750000000000001 0.5961538461538461 0.3750000000000001
0 0.5600961538461539 0.4350961538461539 0.53125 0.43509615384615385 0.53125 0.45432692307692313 0.5600961538461539 0.45432692307692324
0 0.5168269230769231 0.5336538461538461 0.4831730769230769 0.5336538461538461 0.4831730769230769 0.5552884615384616 0.5168269230769231 0.5552884615384616
0 0.47836538461538475 0.5769230769230769 0.4495192307692309 0.5769230769230769 0.4495192307692309 0.5985576923076923 0.47836538461538475 0.5985576923076923
0 0.47355769230769246 0.5985576923076923 0.4447115384615386 0.5985576923076923 0.4447115384615386 0.6201923076923077 0.47355769230769246 0.6201923076923077
0 0.43509615384615397 0.6682692307692307 0.3990384615384617 0.6682692307692307 0.3990384615384617 0.6875 0.43509615384615397 0.6875
0 0.49759615384615385 0.375 0.46634615384615385 0.375 0.46634615384615385 0.40384615384615385 0.49759615384615385 0.40384615384615385
0 0.4302884615384617 0.5865384615384616 0.3942307692307694 0.5865384615384616 0.3942307692307694 0.6129807692307693 0.4302884615384617 0.6129807692307693
0 0.4062500000000001 0.6274038461538461 0.3750000000000001 0.6274038461538461 0.3750000000000001 0.6514423076923077 0.4062500000000001 0.6514423076923077
0 0.34134615384615397 0.7139423076923077 0.31009615384615397 0.7139423076923077 0.31009615384615397 0.7451923076923077 0.34134615384615397 0.7451923076923077
0 0.3485576923076923 0.4326923076923077 0.3173076923076923 0.4326923076923077 0.3173076923076923 0.4567307692307692 0.3485576923076923 0.4567307692307692