0 0.09855769230769242 0.7211538461538461 0.06250000000000008 0.7211538461538461 0.06250000000000008 0.7620192307692307 0.09855769230769242 0.7620192307692307
0 0.4375000000000001 0.6730769230769231 0.4086538461538463 0.6730769230769231 0.4086538461538463 0.7067307692307693 0.4375000000000001 0.7067307692307693
0 0.4447115384615386 0.6370192307692307 0.41586538461538475 0.6370192307692307 0.41586538461538475 0.6730769230769231 0.4447115384615386 0.6730769230769231
0 0.5240384615384617 0.5769230769230769 0.4687500000000001 0.5769230769230769 0.4687500000000001 0.6322115384615384 0.5240384615384617 0.6322115384615384
0 0.5841346153846154 0.38701923076923084 0.5504807692307693 0.3870192307692308 0.5504807692307693 0.4254807692307693 0.5841346153846154 0.4254807692307694
0 0.5649038461538461 0.3798076923076924 0.5384615384615384 0.3798076923076923 0.5384615384615384 0.4110576923076924 0.5649038461538461 0.41105769230769246
0 0.5769230769230769 0.2548076923076924 0.5408653846153846 0.2548076923076924 0.5408653846153846 0.29807692307692313 0.5769230769230769 0.29807692307692313
0 0.5456730769230769 0.24278846153846162 0.5096153846153846 0.24278846153846162 0.5096153846153846 0.2836538461538462 0.5456730769230769 0.2836538461538462
0 0.5144230769230769 0.26682692307692313 0.4831730769230769 0.26682692307692313 0.4831730769230769 0.3076923076923077 0.5144230769230769 0.3076923076923077
0 0.5336538461538461 0.31009615384615385 0.5 0.31009615384615385 0.5 0.3485576923076923 0.5336538461538461 0.3485576923076923
0 0.46634615384615385 0.25000000000000006 0.43028846153846156 0.25000000000000006 0.43028846153846156 0.29326923076923084 0.46634615384615385 0.29326923076923084
0 0.45913461538461536 0.3125 0.4326923076923077 0.3125 0.4326923076923077 0.34375 0.45913461538461536 0.34375
0 0.49038461538461536 0.39663461538461536 0.4495192307692308 0.39663461538461536 0.4495192307692308 0.43990384615384615 0.49038461538461536 0.43990384615384615
0 0.49278846153846156 0.45913461538461536 0.4567307692307692 0.45913461538461536 0.4567307692307692 0.5024038461538461 0.49278846153846156 0.5024038461538461
0 0.5144230769230769 0.4543269230769231 0.47596153846153844 0.4543269230769231 0.47596153846153844 0.5 0.5144230769230769 0.5
0 0.43990384615384615 0.49278846153846156 0.4110576923076923 0.49278846153846156 0.4110576923076923 0.5264423076923077 0.43990384615384615 0.5264423076923077
0 0.40384615384615385 0.4735576923076923 0.37740384615384615 0.4735576923076923 0.37740384615384615 0.5072115384615384 0.40384615384615385 0.5072115384615384
0 0.4110576923076924 0.5504807692307693 0.38461538461538464 0.5504807692307693 0.3846153846153847 0.5841346153846154 0.41105769230769246 0.5841346153846154
0 0.3750000000000001 0.59375 0.3437500000000001 0.59375 0.3437500000000001 0.6346153846153846 0.3750000000000001 0.6346153846153846
0 0.2836538461538462 0.5120192307692307 0.25000000000000006 0.5120192307692307 0.25000000000000006 0.5504807692307693 0.2836538461538462 0.5504807692307693
0 0.29326923076923084 0.5528846153846154 0.26201923076923084 0.5528846153846154 0.26201923076923084 0.59375 0.29326923076923084 0.59375
0 0.32932692307692313 0.5216346153846154 0.28846153846153855 0.5216346153846154 0.28846153846153855 0.5649038461538461 0.32932692307692324 0.5649038461538461
0 0.3533653846153847 0.5384615384615384 0.3125 0.5384615384615384 0.31250000000000006 0.5817307692307693 0.35336538461538475 0.5817307692307693
0 0.38221153846153855 0.5192307692307693 0.3485576923076923 0.5192307692307693 0.3485576923076924 0.5600961538461539 0.3822115384615386 0.5600961538461539
0 0.3918269230769231 0.5072115384615384 0.3605769230769231 0.5072115384615384 0.3605769230769231 0.5384615384615384 0.3918269230769231 0.5384615384615384
0 0.31009615384615385 0.4326923076923077 0.28125000000000006 0.4326923076923077 0.28125000000000006 0.46634615384615385 0.31009615384615385 0.46634615384615385
0 0.31971153846153844 0.47596153846153844 0.28125000000000006 0.47596153846153844 0.28125000000000006 0.5216346153846154 0.31971153846153844 0.5216346153846154
0 0.33653846153846156 0.47596153846153844 0.3004807692307693 0.47596153846153844 0.3004807692307693 0.5168269230769231 0.33653846153846156 0.5168269230769231
0 0.32211538461538464 0.375 0.28125000000000006 0.375 0.28125000000000006 0.4230769230769231 0.32211538461538464 0.4230769230769231
0 0.37259615384615385 0.36778846153846156 0.33653846153846156 0.36778846153846156 0.33653846153846156 0.40865384615384615 0.37259615384615385 0.40865384615384615
0 0.3076923076923077 0.2716346153846154 0.27403846153846156 0.27163461538461536 0.27403846153846156 0.31490384615384615 0.3076923076923077 0.31490384615384615
0 0.3317307692307692 0.31009615384615385 0.295673076923077 0.31009615384615385 0.295673076923077 0.35336538461538464 0.3317307692307692 0.35336538461538464
0 0.3269230769230769 0.2692307692307693 0.2860576923076923 0.2692307692307693 0.28605769230769235 0.31971153846153844 0.3269230769230769 0.31971153846153844
0 0.35096153846153844 0.2596153846153847 0.32211538461538464 0.2596153846153847 0.32211538461538464 0.2908653846153847 0.35096153846153844 0.2908653846153847
0 0.3894230769230769 0.2524038461538462 0.35336538461538464 0.2524038461538462 0.35336538461538464 0.29326923076923084 0.3894230769230769 0.29326923076923084
0 0.3918269230769231 0.2379807692307693 0.3629807692307692 0.2379807692307693 0.3629807692307692 0.2740384615384616 0.3918269230769231 0.2740384615384616
0 0.4254807692307692 0.2548076923076924 0.3870192307692308 0.2548076923076924 0.3870192307692308 0.29807692307692313 0.4254807692307692 0.29807692307692313
0 0.40625 0.29807692307692313 0.36538461538461536 0.29807692307692313 0.36538461538461536 0.34134615384615385 0.40625 0.34134615384615385
0 0.36538461538461536 0.3004807692307693 0.3293269230769231 0.3004807692307693 0.3293269230769231 0.34375 0.36538461538461536 0.34375
0 0.3942307692307692 0.28846153846153855 0.3605769230769231 0.28846153846153855 0.3605769230769231 0.33413461538461536 0.3942307692307692 0.33413461538461536
0 0.32211538461538464 0.31971153846153844 0.29326923076923084 0.31971153846153844 0.29326923076923084 0.3557692307692308 0.32211538461538464 0.3557692307692308
0 0.4567307692307692 0.3004807692307693 0.4230769230769231 0.3004807692307693 0.4230769230769231 0.3485576923076923 0.4567307692307692 0.3485576923076923