0 0.21634615384615385 0.20673076923076922 0.11057692307692311 0.20673076923076922 0.11057692307692311 0.25240384615384615 0.21634615384615385 0.25240384615384615
0 0.26682692307692313 0.5889423076923077 0.18028846153846162 0.5889423076923077 0.18028846153846162 0.6370192307692307 0.26682692307692313 0.6370192307692307
0 0.31730769230769246 0.8197115384615384 0.2524038461538462 0.8197115384615384 0.25240384615384626 0.8629807692307693 0.31730769230769246 0.8629807692307693
0 0.3389423076923078 0.7548076923076923 0.22355769230769237 0.7548076923076923 0.22355769230769237 0.7980769230769231 0.3389423076923078 0.7980769230769231
0 0.3389423076923078 0.7716346153846154 0.2475961538461539 0.7716346153846154 0.2475961538461539 0.8125 0.3389423076923078 0.8125
0 0.4086538461538463 0.8846153846153846 0.3365384615384617 0.8846153846153846 0.3365384615384617 0.9230769230769231 0.4086538461538463 0.9230769230769231
0 0.3942307692307692 0.40625 0.3076923076923077 0.40625 0.3076923076923077 0.4495192307692308 0.3942307692307692 0.4495192307692308
0 0.45192307692307704 0.8317307692307693 0.3557692307692309 0.8317307692307693 0.3557692307692309 0.8822115384615384 0.45192307692307704 0.8822115384615384
0 0.4711538461538463 0.8966346153846154 0.3701923076923078 0.8966346153846154 0.3701923076923078 0.9399038461538461 0.4711538461538463 0.9399038461538461
0 0.44230769230769246 0.7163461538461539 0.3629807692307694 0.7163461538461539 0.3629807692307694 0.7644230769230769 0.44230769230769246 0.7644230769230769
0 0.41586538461538464 0.3173076923076923 0.34134615384615385 0.3173076923076923 0.34134615384615385 0.3629807692307692 0.41586538461538464 0.3629807692307692
0 0.5024038461538463 0.8605769230769231 0.4182692307692309 0.8605769230769231 0.4182692307692309 0.9038461538461539 0.5024038461538463 0.9038461538461539
0 0.4927884615384617 0.7043269230769231 0.4134615384615386 0.7043269230769231 0.4134615384615386 0.7475961538461539 0.4927884615384617 0.7475961538461539
0 0.5336538461538463 0.7475961538461539 0.4495192307692309 0.7475961538461539 0.4495192307692309 0.7836538461538461 0.5336538461538463 0.7836538461538461
0 0.560096153846154 0.8533653846153846 0.47355769230769246 0.8533653846153846 0.47355769230769246 0.9038461538461539 0.560096153846154 0.9038461538461539
0 0.574519230769231 0.7620192307692307 0.4807692307692309 0.7620192307692307 0.4807692307692309 0.8028846153846154 0.574519230769231 0.8028846153846154
0 0.5625000000000001 0.6322115384615384 0.46634615384615397 0.6322115384615384 0.46634615384615397 0.6778846153846154 0.5625000000000001 0.6778846153846154
0 0.5697115384615385 0.5480769230769231 0.49038461538461536 0.5480769230769231 0.4903846153846155 0.5937500000000001 0.5697115384615385 0.5937500000000001
0 0.5985576923076924 0.6610576923076923 0.5168269230769232 0.6610576923076923 0.5168269230769232 0.7043269230769231 0.5985576923076924 0.7043269230769231
0 0.6538461538461539 0.8605769230769231 0.5865384615384617 0.8605769230769231 0.5865384615384617 0.8990384615384616 0.6538461538461539 0.8990384615384616
0 0.6514423076923077 0.7115384615384616 0.5576923076923078 0.7115384615384616 0.5576923076923078 0.7548076923076923 0.6514423076923077 0.7548076923076923
0 0.6875 0.8317307692307693 0.5817307692307694 0.8317307692307693 0.5817307692307694 0.875 0.6875 0.875
0 0.6658653846153846 0.7331730769230769 0.5937500000000001 0.7331730769230769 0.5937500000000001 0.7716346153846154 0.6658653846153846 0.7716346153846154
0 0.7019230769230769 0.8100961538461539 0.605769230769231 0.8100961538461539 0.605769230769231 0.8557692307692307 0.7019230769230769 0.8557692307692307
0 0.7067307692307693 0.9254807692307693 0.625 0.9254807692307693 0.625 0.9663461538461539 0.7067307692307693 0.9663461538461539
0 0.7139423076923077 0.6418269230769231 0.6201923076923077 0.6418269230769231 0.6201923076923077 0.6826923076923077 0.7139423076923077 0.6826923076923077
0 0.7572115384615384 0.8581730769230769 0.6706730769230769 0.8581730769230769 0.6706730769230769 0.9014423076923077 0.7572115384615384 0.9014423076923077
0 0.7283653846153846 0.5985576923076924 0.65625 0.5985576923076924 0.65625 0.6490384615384616 0.7283653846153846 0.6490384615384616
0 0.7572115384615384 0.6730769230769231 0.6682692307692307 0.6730769230769231 0.6682692307692307 0.7139423076923077 0.7572115384615384 0.7139423076923077
0 0.8798076923076923 0.8293269230769231 0.8076923076923077 0.8293269230769231 0.8076923076923077 0.8653846153846154 0.8798076923076923 0.8653846153846154
0 0.8894230769230769 0.7572115384615384 0.8076923076923077 0.7572115384615384 0.8076923076923077 0.7980769230769231 0.8894230769230769 0.7980769230769231
0 0.90625 0.7163461538461539 0.8293269230769231 0.7163461538461539 0.8293269230769231 0.7596153846153846 0.90625 0.7596153846153846
0 0.9567307692307693 0.6442307692307693 0.8870192307692307 0.6442307692307693 0.8870192307692307 0.6875 0.9567307692307693 0.6875