0 0.7307692307692307 0.21153846153846162 0.7067307692307693 0.21153846153846162 0.7067307692307693 0.2475961538461539 0.7307692307692307 0.2475961538461539
0 0.5072115384615384 0.25721153846153855 0.4807692307692308 0.25721153846153855 0.4807692307692308 0.29807692307692313 0.5072115384615384 0.29807692307692313
0 0.46153846153846156 0.2692307692307693 0.43509615384615385 0.2692307692307693 0.43509615384615385 0.31490384615384615 0.46153846153846156 0.31490384615384615
0 0.7524038461538461 0.2716346153846155 0.7259615384615384 0.2716346153846155 0.7259615384615384 0.31730769230769246 0.7524038461538461 0.31730769230769246
0 0.8629807692307693 0.27884615384615397 0.8317307692307693 0.2788461538461539 0.8317307692307693 0.3149038461538463 0.8629807692307693 0.3149038461538463
0 0.37259615384615385 0.3605769230769231 0.3485576923076923 0.3605769230769231 0.3485576923076923 0.3870192307692308 0.37259615384615385 0.3870192307692308
0 0.7019230769230769 0.3245192307692309 0.6778846153846154 0.3245192307692309 0.6778846153846154 0.3701923076923078 0.7019230769230769 0.3701923076923078
0 0.38221153846153844 0.375 0.3605769230769231 0.375 0.3605769230769231 0.40384615384615385 0.38221153846153844 0.40384615384615385
0 0.9254807692307693 0.3245192307692309 0.8966346153846154 0.3245192307692309 0.8966346153846154 0.3461538461538463 0.9254807692307693 0.3461538461538463
0 0.5264423076923077 0.37259615384615385 0.49278846153846156 0.37259615384615385 0.49278846153846156 0.4206730769230769 0.5264423076923077 0.4206730769230769
0 0.9230769230769231 0.3461538461538463 0.8990384615384616 0.3461538461538463 0.8990384615384616 0.3701923076923078 0.9230769230769231 0.3701923076923078
0 0.59375 0.38461538461538475 0.5697115384615384 0.38461538461538475 0.5697115384615384 0.42067307692307704 0.59375 0.42067307692307704
0 0.8846153846153846 0.3557692307692309 0.8557692307692307 0.3557692307692309 0.8557692307692307 0.39182692307692324 0.8846153846153846 0.39182692307692324
0 0.4519230769230769 0.41346153846153844 0.42788461538461536 0.41346153846153844 0.42788461538461536 0.4567307692307692 0.4519230769230769 0.4567307692307692
0 0.5168269230769231 0.4182692307692308 0.49759615384615385 0.4182692307692308 0.49759615384615385 0.43990384615384615 0.5168269230769231 0.43990384615384615
0 0.9471153846153846 0.3701923076923078 0.9254807692307693 0.3701923076923078 0.9254807692307693 0.3990384615384617 0.9471153846153846 0.3990384615384617
0 0.3389423076923077 0.44711538461538464 0.31490384615384615 0.44711538461538464 0.31490384615384615 0.47596153846153844 0.3389423076923077 0.47596153846153844
0 0.53125 0.43028846153846156 0.5072115384615384 0.43028846153846156 0.5072115384615384 0.4567307692307692 0.53125 0.4567307692307692
0 0.9615384615384616 0.39182692307692324 0.9350961538461539 0.39182692307692324 0.9350961538461539 0.41586538461538475 0.9615384615384616 0.41586538461538475
0 0.3942307692307692 0.46153846153846156 0.37259615384615385 0.46153846153846156 0.37259615384615385 0.49759615384615385 0.3942307692307692 0.49759615384615385
0 0.5240384615384616 0.44471153846153844 0.5024038461538461 0.44471153846153844 0.5024038461538461 0.4855769230769231 0.5240384615384616 0.4855769230769231
0 0.7139423076923077 0.42788461538461553 0.6850961538461539 0.42788461538461553 0.6850961538461539 0.4615384615384617 0.7139423076923077 0.4615384615384617
0 0.3894230769230769 0.4951923076923077 0.36778846153846156 0.4951923076923077 0.36778846153846156 0.5264423076923077 0.3894230769230769 0.5264423076923077
0 0.6658653846153846 0.45432692307692324 0.6346153846153846 0.45432692307692324 0.6346153846153846 0.5048076923076924 0.6658653846153846 0.5048076923076924
0 0.7355769230769231 0.45432692307692324 0.7043269230769231 0.45432692307692324 0.7043269230769231 0.4951923076923078 0.7355769230769231 0.4951923076923078
0 0.625 0.47355769230769246 0.5985576923076923 0.47355769230769246 0.5985576923076923 0.5144230769230771 0.625 0.5144230769230771
0 0.5264423076923077 0.5 0.5 0.5 0.5 0.5384615384615384 0.5264423076923077 0.5384615384615384
0 0.8052884615384616 0.4951923076923078 0.7644230769230769 0.4951923076923078 0.7644230769230769 0.5528846153846155 0.8052884615384616 0.5528846153846155
0 0.4110576923076924 0.5552884615384616 0.3918269230769231 0.5552884615384616 0.39182692307692313 0.5889423076923077 0.41105769230769246 0.5889423076923077
0 0.5889423076923077 0.5336538461538463 0.5625 0.5336538461538463 0.5625000000000001 0.5673076923076924 0.5889423076923078 0.5673076923076924
0 0.6826923076923077 0.5384615384615385 0.6610576923076923 0.5384615384615385 0.6610576923076923 0.5817307692307694 0.6826923076923077 0.5817307692307694
0 0.6274038461538461 0.5697115384615385 0.6033653846153848 0.5697115384615385 0.6033653846153848 0.605769230769231 0.6274038461538461 0.605769230769231
0 0.5552884615384617 0.6009615384615384 0.5192307692307694 0.6009615384615384 0.5192307692307694 0.65625 0.5552884615384617 0.65625
0 0.7379807692307693 0.6514423076923077 0.7115384615384616 0.6514423076923077 0.7115384615384616 0.6947115384615384 0.7379807692307693 0.6947115384615384
0 0.5841346153846155 0.6778846153846154 0.560096153846154 0.6778846153846154 0.560096153846154 0.7163461538461539 0.5841346153846155 0.7163461538461539