0 0.7403846153846154 0.528846153846154 0.7091346153846154 0.528846153846154 0.7091346153846154 0.5552884615384617 0.7403846153846154 0.5552884615384617
0 0.7355769230769231 0.5649038461538463 0.6923076923076923 0.5649038461538463 0.6923076923076923 0.5985576923076924 0.7355769230769231 0.5985576923076924
0 0.6826923076923077 0.5072115384615385 0.6514423076923077 0.5072115384615385 0.6514423076923077 0.5336538461538463 0.6826923076923077 0.5336538461538463
0 0.6778846153846154 0.42788461538461553 0.6442307692307693 0.42788461538461553 0.6442307692307693 0.4495192307692309 0.6778846153846154 0.4495192307692309
0 0.6274038461538461 0.6899038461538461 0.5937500000000001 0.6899038461538461 0.5937500000000001 0.71875 0.6274038461538461 0.71875
0 0.6538461538461539 0.4399038461538463 0.6274038461538461 0.4399038461538463 0.6274038461538461 0.46634615384615397 0.6538461538461539 0.46634615384615397
0 0.6009615384615384 0.5360576923076924 0.5769230769230769 0.5360576923076924 0.5769230769230769 0.5576923076923078 0.6009615384615384 0.5576923076923078
0 0.6057692307692307 0.49038461538461553 0.5721153846153846 0.49038461538461553 0.5721153846153846 0.5168269230769232 0.6057692307692307 0.5168269230769232
0 0.5841346153846154 0.32211538461538475 0.5649038461538461 0.32211538461538475 0.5649038461538461 0.3461538461538463 0.5841346153846154 0.3461538461538463
0 0.5985576923076923 0.28125000000000006 0.5528846153846154 0.28125000000000006 0.5528846153846154 0.3173076923076924 0.5985576923076923 0.31730769230769246
0 0.5408653846153846 0.39903846153846156 0.5144230769230769 0.39903846153846156 0.5144230769230769 0.4254807692307692 0.5408653846153846 0.4254807692307692
0 0.5288461538461539 0.43028846153846156 0.4951923076923077 0.43028846153846156 0.4951923076923077 0.4567307692307692 0.5288461538461539 0.4567307692307692
0 0.5024038461538463 0.5625 0.46634615384615397 0.5625 0.46634615384615397 0.59375 0.5024038461538463 0.59375
0 0.5192307692307693 0.2908653846153847 0.4831730769230769 0.2908653846153847 0.4831730769230769 0.32211538461538464 0.5192307692307693 0.32211538461538464
0 0.49278846153846156 0.5144230769230769 0.4543269230769231 0.5144230769230769 0.4543269230769231 0.5408653846153846 0.49278846153846156 0.5408653846153846
0 0.5024038461538461 0.43028846153846156 0.4639423076923077 0.43028846153846156 0.4639423076923077 0.46153846153846156 0.5024038461538461 0.46153846153846156
0 0.49759615384615385 0.4110576923076923 0.45913461538461536 0.4110576923076923 0.45913461538461536 0.43509615384615385 0.49759615384615385 0.43509615384615385
0 0.5048076923076923 0.2596153846153847 0.4639423076923077 0.2596153846153847 0.4639423076923077 0.2908653846153847 0.5048076923076923 0.2908653846153847
0 0.4831730769230769 0.3870192307692308 0.44471153846153844 0.3870192307692308 0.44471153846153844 0.41586538461538464 0.4831730769230769 0.41586538461538464
0 0.42788461538461553 0.7451923076923077 0.39182692307692324 0.7451923076923077 0.39182692307692324 0.7740384615384616 0.42788461538461553 0.7740384615384616
0 0.47596153846153844 0.29807692307692313 0.43509615384615385 0.29807692307692313 0.43509615384615385 0.3389423076923077 0.47596153846153844 0.3389423076923077
0 0.4567307692307692 0.2860576923076924 0.41586538461538464 0.2860576923076924 0.41586538461538464 0.31490384615384615 0.4567307692307692 0.31490384615384615
0 0.43028846153846156 0.3028846153846155 0.3918269230769231 0.3028846153846155 0.3918269230769231 0.3317307692307692 0.43028846153846156 0.3317307692307692
0 0.4206730769230769 0.34375 0.3894230769230769 0.34375 0.3894230769230769 0.375 0.4206730769230769 0.375
0 0.4206730769230769 0.28846153846153855 0.3798076923076923 0.28846153846153855 0.3798076923076923 0.3125 0.4206730769230769 0.3125
0 0.3918269230769231 0.44711538461538464 0.3605769230769231 0.44711538461538464 0.3605769230769231 0.4735576923076923 0.3918269230769231 0.4735576923076923
0 0.3798076923076923 0.43509615384615385 0.3485576923076923 0.43509615384615385 0.3485576923076923 0.4639423076923077 0.3798076923076923 0.4639423076923077
0 0.358173076923077 0.5408653846153846 0.3317307692307692 0.5408653846153846 0.3317307692307693 0.5673076923076923 0.35817307692307704 0.5673076923076923
0 0.34855769230769246 0.6153846153846154 0.31009615384615397 0.6153846153846154 0.31009615384615397 0.6442307692307693 0.34855769230769246 0.6442307692307693
0 0.36778846153846156 0.3052884615384616 0.33653846153846156 0.3052884615384616 0.33653846153846156 0.3317307692307692 0.36778846153846156 0.3317307692307692
0 0.32932692307692324 0.5697115384615384 0.3076923076923078 0.5697115384615384 0.3076923076923078 0.5913461538461539 0.32932692307692324 0.5913461538461539
0 0.3557692307692308 0.31971153846153844 0.3245192307692308 0.31971153846153844 0.3245192307692308 0.34615384615384615 0.3557692307692308 0.34615384615384615
0 0.3125 0.375 0.2788461538461539 0.375 0.2788461538461539 0.39663461538461536 0.3125 0.39663461538461536
0 0.3173076923076923 0.34375 0.2836538461538462 0.34375 0.2836538461538462 0.36778846153846156 0.3173076923076923 0.36778846153846156
0 0.3076923076923077 0.41346153846153844 0.26682692307692313 0.41346153846153844 0.26682692307692313 0.43990384615384615 0.3076923076923077 0.43990384615384615
0 0.28125000000000006 0.5576923076923077 0.25000000000000006 0.5576923076923077 0.25000000000000006 0.5817307692307693 0.28125000000000006 0.5817307692307693
0 0.26201923076923084 0.43990384615384615 0.24038461538461545 0.43990384615384615 0.24038461538461545 0.46153846153846156 0.26201923076923084 0.46153846153846156
0 0.24038461538461545 0.46875 0.20913461538461545 0.46875 0.20913461538461545 0.49278846153846156 0.24038461538461545 0.49278846153846156
0 0.23557692307692316 0.3870192307692308 0.2067307692307693 0.3870192307692308 0.2067307692307693 0.40384615384615385 0.23557692307692316 0.40384615384615385
0 0.23317307692307698 0.3870192307692308 0.19471153846153852 0.3870192307692308 0.19471153846153852 0.4182692307692308 0.23317307692307698 0.4182692307692308
0 0.16105769230769237 0.6009615384615384 0.12980769230769237 0.6009615384615384 0.12980769230769237 0.6274038461538461 0.16105769230769237 0.6274038461538461
0 0.1346153846153847 0.5384615384615384 0.10096153846153853 0.5384615384615384 0.10096153846153853 0.5649038461538461 0.1346153846153847 0.5649038461538461
0 0.12019230769230776 0.6370192307692307 0.08894230769230776 0.6370192307692307 0.08894230769230776 0.6634615384615384 0.12019230769230776 0.6634615384615384