0 0.5072115384615384 0.20192307692307698 0.4831730769230769 0.20192307692307698 0.4831730769230769 0.21875000000000006 0.5072115384615384 0.21875000000000006
0 0.6081730769230769 0.27644230769230776 0.5817307692307693 0.27644230769230776 0.5817307692307693 0.29326923076923084 0.6081730769230769 0.29326923076923084
0 0.4254807692307692 0.29807692307692313 0.40625 0.29807692307692313 0.40625 0.31490384615384615 0.4254807692307692 0.31490384615384615
0 0.43990384615384615 0.40625 0.41586538461538464 0.40625 0.41586538461538464 0.4230769230769231 0.43990384615384615 0.4230769230769231
0 0.39903846153846156 0.3317307692307692 0.3798076923076923 0.3317307692307692 0.3798076923076923 0.3485576923076923 0.39903846153846156 0.3485576923076923
0 0.5817307692307693 0.34855769230769246 0.5625 0.34855769230769246 0.5625 0.3629807692307694 0.5817307692307693 0.3629807692307694
0 0.5817307692307693 0.3629807692307694 0.5600961538461539 0.3629807692307694 0.5600961538461539 0.37980769230769246 0.5817307692307693 0.37980769230769246
0 0.46153846153846156 0.44471153846153844 0.4423076923076923 0.44471153846153844 0.4423076923076923 0.45913461538461536 0.46153846153846156 0.45913461538461536
0 0.4855769230769231 0.4519230769230769 0.4639423076923077 0.4519230769230769 0.4639423076923077 0.46875 0.4855769230769231 0.46875
0 0.4807692307692308 0.4326923076923077 0.4639423076923077 0.4326923076923077 0.4639423076923077 0.4543269230769231 0.4807692307692308 0.4543269230769231
0 0.6418269230769231 0.42067307692307704 0.6177884615384616 0.42067307692307704 0.6177884615384616 0.4375000000000001 0.6418269230769231 0.4375000000000001
0 0.6995192307692307 0.37259615384615397 0.6682692307692307 0.37259615384615397 0.6682692307692307 0.38942307692307704 0.6995192307692307 0.38942307692307704
0 0.7620192307692307 0.38942307692307704 0.7355769230769231 0.38942307692307704 0.7355769230769231 0.4086538461538463 0.7620192307692307 0.4086538461538463
0 0.7644230769230769 0.42307692307692324 0.7427884615384616 0.42307692307692324 0.7427884615384616 0.44230769230769246 0.7644230769230769 0.44230769230769246
0 0.71875 0.47836538461538475 0.7019230769230769 0.47836538461538475 0.7019230769230769 0.4951923076923078 0.71875 0.4951923076923078
0 0.5745192307692307 0.5384615384615385 0.5480769230769231 0.5384615384615384 0.5480769230769231 0.5528846153846154 0.5745192307692307 0.5528846153846155
0 0.5889423076923077 0.543269230769231 0.5721153846153846 0.543269230769231 0.5721153846153846 0.5576923076923078 0.5889423076923077 0.5576923076923078
0 0.6177884615384616 0.5264423076923078 0.5841346153846154 0.5264423076923078 0.5841346153846154 0.5504807692307694 0.6177884615384616 0.5504807692307694
0 0.6634615384615384 0.5312500000000001 0.6418269230769231 0.5312500000000001 0.6418269230769231 0.5456730769230771 0.6634615384615384 0.5456730769230771
0 0.6754807692307693 0.543269230769231 0.6514423076923077 0.543269230769231 0.6514423076923077 0.5625000000000001 0.6754807692307693 0.5625000000000001
0 0.6490384615384616 0.5552884615384617 0.6298076923076923 0.5552884615384617 0.6298076923076923 0.5793269230769232 0.6490384615384616 0.5793269230769232
0 0.6298076923076923 0.5625000000000001 0.6105769230769232 0.5625000000000001 0.6105769230769232 0.5817307692307694 0.6298076923076923 0.5817307692307694
0 0.6081730769230771 0.560096153846154 0.5889423076923078 0.560096153846154 0.5889423076923078 0.5769230769230771 0.6081730769230771 0.5769230769230771
0 0.6153846153846154 0.5817307692307694 0.5985576923076924 0.5817307692307694 0.5985576923076924 0.5985576923076924 0.6153846153846154 0.5985576923076924
0 0.5961538461538463 0.6153846153846154 0.574519230769231 0.6153846153846154 0.574519230769231 0.6346153846153846 0.5961538461538463 0.6346153846153846
0 0.5456730769230771 0.5841346153846154 0.5216346153846155 0.5841346153846154 0.5216346153846155 0.6153846153846154 0.5456730769230771 0.6153846153846154
0 0.47355769230769246 0.5745192307692307 0.44711538461538475 0.5745192307692307 0.44711538461538475 0.5889423076923077 0.47355769230769246 0.5889423076923077
0 0.4110576923076923 0.5360576923076923 0.3870192307692308 0.5360576923076923 0.3870192307692308 0.5552884615384616 0.4110576923076923 0.5552884615384616
0 0.3341346153846155 0.5480769230769231 0.3125 0.5480769230769231 0.31250000000000006 0.5673076923076923 0.33413461538461553 0.5673076923076923
0 0.39663461538461553 0.5745192307692307 0.3774038461538463 0.5745192307692307 0.3774038461538463 0.5913461538461539 0.39663461538461553 0.5913461538461539
0 0.37259615384615397 0.5961538461538461 0.34855769230769246 0.5961538461538461 0.34855769230769246 0.6153846153846154 0.37259615384615397 0.6153846153846154
0 0.3750000000000001 0.6274038461538461 0.35817307692307704 0.6274038461538461 0.35817307692307704 0.6418269230769231 0.3750000000000001 0.6418269230769231
0 0.41105769230769246 0.6177884615384616 0.38942307692307704 0.6177884615384616 0.38942307692307704 0.6370192307692307 0.41105769230769246 0.6370192307692307