0 0.8798076923076923 0.4927884615384617 0.8149038461538461 0.4927884615384617 0.8149038461538461 0.528846153846154 0.8798076923076923 0.528846153846154
0 0.8125 0.543269230769231 0.7716346153846154 0.543269230769231 0.7716346153846154 0.5769230769230771 0.8125 0.5769230769230771
0 0.8245192307692307 0.42307692307692324 0.7764423076923077 0.42307692307692324 0.7764423076923077 0.45432692307692324 0.8245192307692307 0.45432692307692324
0 0.7740384615384616 0.605769230769231 0.7235576923076923 0.605769230769231 0.7235576923076923 0.6370192307692307 0.7740384615384616 0.6370192307692307
0 0.7548076923076923 0.6490384615384616 0.7115384615384616 0.6490384615384616 0.7115384615384616 0.6802884615384616 0.7548076923076923 0.6802884615384616
0 0.7884615384615384 0.48317307692307704 0.7331730769230769 0.48317307692307704 0.7331730769230769 0.5216346153846155 0.7884615384615384 0.5216346153846155
0 0.7331730769230769 0.5841346153846155 0.6947115384615384 0.5841346153846155 0.6947115384615384 0.6153846153846154 0.7331730769230769 0.6153846153846154
0 0.7235576923076923 0.5625000000000001 0.6802884615384616 0.5625000000000001 0.6802884615384616 0.5937500000000001 0.7235576923076923 0.5937500000000001
0 0.7091346153846154 0.605769230769231 0.6730769230769231 0.605769230769231 0.6730769230769231 0.6346153846153846 0.7091346153846154 0.6346153846153846
0 0.7572115384615384 0.37980769230769246 0.6971153846153846 0.37980769230769246 0.6971153846153846 0.41586538461538475 0.7572115384615384 0.41586538461538475
0 0.6802884615384616 0.7019230769230769 0.6346153846153846 0.7019230769230769 0.6346153846153846 0.7355769230769231 0.6802884615384616 0.7355769230769231
0 0.6923076923076923 0.6177884615384616 0.65625 0.6177884615384616 0.65625 0.6466346153846154 0.6923076923076923 0.6466346153846154
0 0.7355769230769231 0.4326923076923078 0.6923076923076923 0.4326923076923078 0.6923076923076923 0.4687500000000001 0.7355769230769231 0.4687500000000001
0 0.6682692307692307 0.6754807692307693 0.6274038461538461 0.6754807692307693 0.6274038461538461 0.7043269230769231 0.6682692307692307 0.7043269230769231
0 0.6706730769230769 0.5625000000000001 0.6346153846153846 0.5625000000000001 0.6346153846153846 0.5937500000000001 0.6706730769230769 0.5937500000000001
0 0.6610576923076923 0.6298076923076923 0.605769230769231 0.6298076923076923 0.605769230769231 0.6610576923076923 0.6610576923076923 0.6610576923076923
0 0.7067307692307693 0.3245192307692309 0.6586538461538461 0.3245192307692309 0.6586538461538461 0.35817307692307704 0.7067307692307693 0.35817307692307704
0 0.6129807692307694 0.6682692307692307 0.5528846153846155 0.6682692307692307 0.5528846153846155 0.7043269230769231 0.6129807692307694 0.7043269230769231
0 0.5937500000000001 0.6586538461538461 0.5504807692307694 0.6586538461538461 0.5504807692307694 0.6850961538461539 0.5937500000000001 0.6850961538461539
0 0.5961538461538463 0.5673076923076924 0.5480769230769232 0.5673076923076923 0.5480769230769232 0.6033653846153847 0.5961538461538463 0.6033653846153848
0 0.5649038461538463 0.6586538461538461 0.512019230769231 0.6586538461538461 0.512019230769231 0.6923076923076923 0.5649038461538463 0.6923076923076923
0 0.5504807692307694 0.59375 0.49759615384615397 0.59375 0.49759615384615397 0.6274038461538461 0.5504807692307694 0.6274038461538461
0 0.5168269230769232 0.5625 0.47836538461538475 0.5625 0.47836538461538475 0.59375 0.5168269230769232 0.59375
0 0.5673076923076923 0.3629807692307693 0.5120192307692307 0.3629807692307692 0.5120192307692307 0.40144230769230776 0.5673076923076923 0.4014423076923078
0 0.4879807692307694 0.6610576923076923 0.42307692307692324 0.6610576923076923 0.42307692307692324 0.6995192307692307 0.4879807692307694 0.6995192307692307
0 0.5336538461538461 0.4326923076923077 0.47596153846153844 0.4326923076923077 0.47596153846153844 0.46875 0.5336538461538461 0.46875
0 0.5216346153846154 0.47836538461538464 0.46153846153846156 0.47836538461538464 0.46153846153846156 0.5168269230769231 0.5216346153846154 0.5168269230769231
0 0.4807692307692309 0.6033653846153846 0.44230769230769246 0.6033653846153846 0.44230769230769246 0.6322115384615384 0.4807692307692309 0.6322115384615384
0 0.45192307692307704 0.5889423076923077 0.4086538461538463 0.5889423076923077 0.4086538461538463 0.6225961538461539 0.45192307692307704 0.6225961538461539
0 0.4495192307692309 0.6153846153846154 0.4014423076923078 0.6153846153846154 0.4014423076923078 0.6490384615384616 0.4495192307692309 0.6490384615384616
0 0.46875 0.4543269230769231 0.42788461538461536 0.4543269230769231 0.42788461538461536 0.49038461538461536 0.46875 0.49038461538461536
0 0.47115384615384615 0.4014423076923077 0.41346153846153844 0.4014423076923077 0.41346153846153844 0.4423076923076923 0.47115384615384615 0.4423076923076923
0 0.3822115384615386 0.6418269230769231 0.34134615384615397 0.6418269230769231 0.34134615384615397 0.6706730769230769 0.3822115384615386 0.6706730769230769
0 0.3774038461538462 0.5528846153846154 0.3245192307692308 0.5528846153846154 0.32451923076923084 0.5889423076923077 0.3774038461538463 0.5889423076923077
0 0.3701923076923077 0.5240384615384616 0.3269230769230769 0.5240384615384616 0.3269230769230769 0.5552884615384616 0.3701923076923077 0.5552884615384616
0 0.34855769230769246 0.5673076923076923 0.31009615384615397 0.5673076923076923 0.31009615384615397 0.5985576923076923 0.34855769230769246 0.5985576923076923
0 0.2692307692307693 0.44471153846153844 0.23076923076923084 0.44471153846153844 0.23076923076923084 0.47836538461538464 0.2692307692307693 0.47836538461538464
0 0.2475961538461539 0.41586538461538464 0.20432692307692316 0.41586538461538464 0.20432692307692316 0.44471153846153844 0.2475961538461539 0.44471153846153844
0 0.16826923076923084 0.5745192307692307 0.13221153846153852 0.5745192307692307 0.13221153846153852 0.6009615384615384 0.16826923076923084 0.6009615384615384