0 0.6225961538461539 0.6153846153846154 0.6009615384615385 0.6153846153846154 0.6009615384615385 0.6370192307692307 0.6225961538461539 0.6370192307692307
0 0.6394230769230769 0.49038461538461553 0.6153846153846154 0.49038461538461553 0.6153846153846154 0.5216346153846155 0.6394230769230769 0.5216346153846155
0 0.6033653846153848 0.6418269230769231 0.5793269230769232 0.6418269230769231 0.5793269230769232 0.6658653846153846 0.6033653846153848 0.6658653846153846
0 0.6129807692307693 0.5024038461538463 0.5889423076923077 0.5024038461538463 0.5889423076923077 0.5312500000000001 0.6129807692307693 0.5312500000000001
0 0.6009615384615385 0.5625000000000001 0.5697115384615385 0.5625000000000001 0.5697115384615385 0.5865384615384617 0.6009615384615385 0.5865384615384617
0 0.560096153846154 0.6322115384615384 0.5408653846153848 0.6322115384615384 0.5408653846153848 0.6514423076923077 0.560096153846154 0.6514423076923077
0 0.5625 0.5072115384615385 0.5456730769230769 0.5072115384615384 0.5456730769230769 0.5264423076923077 0.5625 0.5264423076923078
0 0.5480769230769232 0.6394230769230769 0.528846153846154 0.6394230769230769 0.528846153846154 0.6610576923076923 0.5480769230769232 0.6610576923076923
0 0.5456730769230771 0.5649038461538461 0.5240384615384617 0.5649038461538461 0.5240384615384617 0.5841346153846154 0.5456730769230771 0.5841346153846154
0 0.543269230769231 0.6418269230769231 0.5144230769230771 0.6418269230769231 0.5144230769230771 0.6658653846153846 0.543269230769231 0.6658653846153846
0 0.5456730769230771 0.5913461538461539 0.5144230769230771 0.5913461538461539 0.5144230769230771 0.6105769230769231 0.5456730769230771 0.6105769230769231
0 0.5408653846153846 0.5 0.5216346153846154 0.5 0.5216346153846154 0.5192307692307693 0.5408653846153846 0.5192307692307693
0 0.5528846153846154 0.34375 0.5240384615384616 0.34375 0.5240384615384616 0.36778846153846156 0.5528846153846154 0.36778846153846156
0 0.5240384615384616 0.49759615384615385 0.4951923076923077 0.49759615384615385 0.4951923076923077 0.5192307692307693 0.5240384615384616 0.5192307692307693
0 0.53125 0.43028846153846156 0.5072115384615384 0.43028846153846156 0.5072115384615384 0.4495192307692308 0.53125 0.4495192307692308
0 0.5264423076923077 0.44711538461538464 0.5 0.44711538461538464 0.5 0.46634615384615385 0.5264423076923077 0.46634615384615385
0 0.4927884615384617 0.5745192307692307 0.46634615384615397 0.5745192307692307 0.46634615384615397 0.5961538461538461 0.4927884615384617 0.5961538461538461
0 0.4951923076923077 0.5048076923076923 0.47115384615384615 0.5048076923076923 0.47115384615384615 0.5192307692307693 0.4951923076923077 0.5192307692307693
0 0.49038461538461536 0.5216346153846154 0.46875 0.5216346153846154 0.46875 0.5432692307692307 0.49038461538461536 0.5432692307692307
0 0.47355769230769246 0.6394230769230769 0.44711538461538475 0.6394230769230769 0.44711538461538475 0.6634615384615384 0.47355769230769246 0.6634615384615384
0 0.46634615384615397 0.5745192307692307 0.44230769230769246 0.5745192307692307 0.44230769230769246 0.5961538461538461 0.46634615384615397 0.5961538461538461
0 0.44951923076923084 0.5528846153846154 0.43028846153846156 0.5528846153846154 0.4302884615384616 0.5697115384615384 0.4495192307692309 0.5697115384615384
0 0.4375000000000001 0.6274038461538461 0.41586538461538475 0.6274038461538461 0.41586538461538475 0.6442307692307693 0.4375000000000001 0.6442307692307693
0 0.46153846153846156 0.45913461538461536 0.4326923076923077 0.45913461538461536 0.4326923076923077 0.4831730769230769 0.46153846153846156 0.4831730769230769
0 0.4399038461538463 0.5769230769230769 0.4182692307692309 0.5769230769230769 0.4182692307692309 0.5961538461538461 0.4399038461538463 0.5961538461538461
0 0.4807692307692308 0.3076923076923077 0.4495192307692308 0.3076923076923077 0.4495192307692308 0.3317307692307692 0.4807692307692308 0.3317307692307692
0 0.4543269230769231 0.44471153846153844 0.4254807692307692 0.44471153846153844 0.4254807692307692 0.4639423076923077 0.4543269230769231 0.4639423076923077
0 0.4423076923076923 0.46634615384615385 0.4182692307692308 0.46634615384615385 0.4182692307692308 0.4855769230769231 0.4423076923076923 0.4855769230769231
0 0.42788461538461536 0.5144230769230769 0.40625 0.5144230769230769 0.40625 0.5288461538461539 0.42788461538461536 0.5288461538461539
0 0.41586538461538464 0.43509615384615385 0.39663461538461536 0.43509615384615385 0.39663461538461536 0.4567307692307692 0.41586538461538464 0.4567307692307692
0 0.3990384615384616 0.5552884615384616 0.3701923076923077 0.5552884615384616 0.37019230769230776 0.5769230769230769 0.3990384615384617 0.5769230769230769
0 0.38461538461538475 0.5721153846153846 0.3509615384615386 0.5721153846153846 0.3509615384615386 0.59375 0.38461538461538475 0.59375
0 0.4014423076923077 0.4110576923076923 0.37259615384615385 0.4110576923076923 0.37259615384615385 0.43509615384615385 0.4014423076923077 0.43509615384615385
0 0.3557692307692309 0.65625 0.3317307692307694 0.65625 0.3317307692307694 0.6778846153846154 0.3557692307692309 0.6778846153846154
0 0.375 0.5216346153846154 0.34375 0.5216346153846154 0.34375 0.5504807692307693 0.375 0.5504807692307693
0 0.3677884615384616 0.5552884615384616 0.34615384615384615 0.5552884615384616 0.3461538461538462 0.5769230769230769 0.3677884615384617 0.5769230769230769
0 0.3581730769230769 0.4735576923076923 0.34134615384615385 0.4735576923076923 0.34134615384615385 0.49278846153846156 0.3581730769230769 0.49278846153846156
0 0.34375 0.40865384615384615 0.3269230769230769 0.40865384615384615 0.3269230769230769 0.42788461538461536 0.34375 0.42788461538461536
0 0.3269230769230769 0.4879807692307692 0.3028846153846155 0.4879807692307692 0.3028846153846155 0.5072115384615384 0.3269230769230769 0.5072115384615384
0 0.3076923076923077 0.4807692307692308 0.28846153846153855 0.4807692307692308 0.28846153846153855 0.49759615384615385 0.3076923076923077 0.49759615384615385
0 0.3076923076923077 0.47115384615384615 0.29326923076923084 0.47115384615384615 0.29326923076923084 0.4855769230769231 0.3076923076923077 0.4855769230769231
0 0.29807692307692313 0.4495192307692308 0.28125000000000006 0.4495192307692308 0.28125000000000006 0.46875 0.29807692307692313 0.46875