0 0.7379807692307693 0.28125000000000006 0.7163461538461539 0.28125000000000006 0.7163461538461539 0.3125000000000001 0.7379807692307693 0.3125000000000001
0 0.6778846153846154 0.3076923076923078 0.6538461538461539 0.3076923076923078 0.6538461538461539 0.33413461538461553 0.6778846153846154 0.33413461538461553
0 0.6009615384615384 0.3197115384615386 0.5793269230769231 0.3197115384615386 0.5793269230769231 0.3509615384615386 0.6009615384615384 0.3509615384615386
0 0.2644230769230769 0.23557692307692307 0.24519230769230768 0.23557692307692307 0.24519230769230768 0.25961538461538464 0.2644230769230769 0.25961538461538464
0 0.5264423076923077 0.33413461538461536 0.5048076923076923 0.33413461538461536 0.5048076923076923 0.36538461538461536 0.5264423076923077 0.36538461538461536
0 0.33413461538461536 0.2860576923076924 0.31009615384615385 0.2860576923076924 0.31009615384615385 0.3125 0.33413461538461536 0.3125
0 0.5264423076923077 0.3605769230769231 0.5096153846153846 0.3605769230769231 0.5096153846153846 0.3798076923076923 0.5264423076923077 0.3798076923076923
0 0.6538461538461539 0.3942307692307694 0.625 0.3942307692307694 0.625 0.4254807692307694 0.6538461538461539 0.4254807692307694
0 0.3605769230769231 0.3245192307692308 0.34134615384615385 0.3245192307692308 0.34134615384615385 0.35096153846153844 0.3605769230769231 0.35096153846153844
0 0.6346153846153846 0.4062500000000001 0.6129807692307693 0.4062500000000001 0.6129807692307693 0.4254807692307694 0.6346153846153846 0.4254807692307694
0 0.5024038461538461 0.37259615384615385 0.4807692307692308 0.37259615384615385 0.4807692307692308 0.39903846153846156 0.5024038461538461 0.39903846153846156
0 0.3870192307692308 0.34375 0.3605769230769231 0.34375 0.3605769230769231 0.3798076923076923 0.3870192307692308 0.3798076923076923
0 0.6081730769230769 0.41105769230769246 0.5865384615384616 0.41105769230769246 0.5865384615384616 0.43509615384615397 0.6081730769230769 0.43509615384615397
0 0.5889423076923077 0.40384615384615397 0.5673076923076923 0.40384615384615397 0.5673076923076923 0.4302884615384617 0.5889423076923077 0.4302884615384617
0 0.5144230769230769 0.40384615384615385 0.49038461538461536 0.40384615384615385 0.49038461538461536 0.4326923076923077 0.5144230769230769 0.4326923076923077
0 0.6442307692307693 0.4495192307692309 0.6225961538461539 0.4495192307692309 0.6225961538461539 0.47355769230769246 0.6442307692307693 0.47355769230769246
0 0.6177884615384616 0.44230769230769246 0.5961538461538461 0.44230769230769246 0.5961538461538461 0.4711538461538463 0.6177884615384616 0.4711538461538463
0 0.5985576923076923 0.4375000000000001 0.5745192307692307 0.4375000000000001 0.5745192307692307 0.4639423076923078 0.5985576923076923 0.4639423076923078
0 0.5841346153846154 0.46634615384615397 0.5625 0.46634615384615397 0.5625 0.49759615384615397 0.5841346153846154 0.49759615384615397
0 0.19951923076923084 0.37259615384615385 0.17788461538461545 0.37259615384615385 0.17788461538461545 0.39663461538461536 0.19951923076923084 0.39663461538461536
0 0.6129807692307693 0.48317307692307704 0.5865384615384616 0.48317307692307704 0.5865384615384616 0.5096153846153848 0.6129807692307693 0.5096153846153848
0 0.5625 0.4711538461538462 0.5384615384615384 0.47115384615384615 0.5384615384615384 0.49519230769230776 0.5625 0.4951923076923078
0 0.4014423076923077 0.42788461538461536 0.38221153846153844 0.42788461538461536 0.38221153846153844 0.4567307692307692 0.4014423076923077 0.4567307692307692
0 0.5456730769230769 0.4735576923076923 0.5264423076923077 0.4735576923076923 0.5264423076923077 0.49278846153846156 0.5456730769230769 0.49278846153846156
0 0.3894230769230769 0.4326923076923077 0.3701923076923077 0.4326923076923077 0.3701923076923077 0.45913461538461536 0.3894230769230769 0.45913461538461536
0 0.4807692307692308 0.47596153846153844 0.45913461538461536 0.47596153846153844 0.45913461538461536 0.5048076923076923 0.4807692307692308 0.5048076923076923
0 0.29326923076923084 0.47115384615384615 0.2716346153846155 0.47115384615384615 0.2716346153846155 0.49278846153846156 0.29326923076923084 0.49278846153846156
0 0.5312500000000001 0.5480769230769231 0.5120192307692307 0.5480769230769231 0.5120192307692308 0.5673076923076923 0.5312500000000001 0.5673076923076923
0 0.5216346153846154 0.5576923076923077 0.5 0.5576923076923077 0.5000000000000001 0.5817307692307693 0.5216346153846155 0.5817307692307693
0 0.4975961538461539 0.5480769230769231 0.4639423076923077 0.5480769230769231 0.46394230769230776 0.5745192307692307 0.49759615384615397 0.5745192307692307
0 0.43750000000000006 0.5432692307692307 0.40865384615384615 0.5432692307692307 0.4086538461538462 0.5697115384615384 0.4375000000000001 0.5697115384615384
0 0.26682692307692313 0.5096153846153846 0.24519230769230776 0.5096153846153846 0.24519230769230776 0.53125 0.26682692307692313 0.53125
0 0.47355769230769246 0.5600961538461539 0.4495192307692309 0.5600961538461539 0.4495192307692309 0.5913461538461539 0.47355769230769246 0.5913461538461539
0 0.18269230769230776 0.5048076923076923 0.15865384615384623 0.5048076923076923 0.15865384615384623 0.5336538461538461 0.18269230769230776 0.5336538461538461
0 0.4014423076923078 0.5745192307692307 0.3774038461538463 0.5745192307692307 0.3774038461538463 0.6009615384615384 0.4014423076923078 0.6009615384615384
0 0.3052884615384616 0.5528846153846154 0.2860576923076924 0.5528846153846154 0.2860576923076924 0.5769230769230769 0.3052884615384616 0.5769230769230769
0 0.264423076923077 0.5432692307692307 0.24038461538461545 0.5432692307692307 0.24038461538461545 0.5793269230769231 0.264423076923077 0.5793269230769231
0 0.4399038461538463 0.59375 0.4134615384615386 0.59375 0.4134615384615386 0.6322115384615384 0.4399038461538463 0.6322115384615384
0 0.28125000000000006 0.6177884615384616 0.26201923076923084 0.6177884615384616 0.26201923076923084 0.6394230769230769 0.28125000000000006 0.6394230769230769
0 0.3701923076923078 0.6370192307692307 0.3461538461538463 0.6370192307692307 0.3461538461538463 0.6754807692307693 0.3701923076923078 0.6754807692307693