0 0.9519230769230769 0.8076923076923077 0.8942307692307693 0.8076923076923077 0.8942307692307693 0.8942307692307693 0.9519230769230769 0.8942307692307693
0 0.8365384615384616 0.8653846153846154 0.7692307692307693 0.8653846153846154 0.7692307692307693 0.9447115384615384 0.8365384615384616 0.9447115384615384
0 0.4014423076923078 0.96875 0.33413461538461553 0.96875 0.33413461538461553 1 0.4014423076923078 1
0 0.8461538461538461 9.920816618092742e-17 0.7740384615384616 9.479237243400186e-17 0.7740384615384616 0.09855769230769242 0.8461538461538461 0.09855769230769242
0 0.5168269230769231 0.12980769230769237 0.44471153846153844 0.12980769230769237 0.44471153846153844 0.25721153846153855 0.5168269230769231 0.25721153846153855
0 0.6586538461538461 0.23557692307692316 0.5889423076923077 0.23557692307692316 0.5889423076923077 0.3750000000000001 0.6586538461538461 0.3750000000000001
0 0.6105769230769231 0.295673076923077 0.5384615384615384 0.295673076923077 0.5384615384615384 0.43750000000000006 0.6105769230769231 0.4375000000000001
0 0.19471153846153852 0.45913461538461536 0.13701923076923084 0.45913461538461536 0.13701923076923084 0.5600961538461539 0.19471153846153852 0.5600961538461539
0 0.4110576923076923 0.4567307692307692 0.3557692307692308 0.4567307692307692 0.3557692307692308 0.5288461538461539 0.4110576923076923 0.5288461538461539
0 0.5817307692307693 0.4302884615384616 0.5168269230769231 0.43028846153846156 0.5168269230769231 0.5240384615384616 0.5817307692307693 0.5240384615384617
0 0.8822115384615384 0.31730769230769246 0.8004807692307693 0.31730769230769246 0.8004807692307693 0.48317307692307704 0.8822115384615384 0.48317307692307704
0 0.40625000000000006 0.47836538461538464 0.3485576923076923 0.47836538461538464 0.3485576923076924 0.5697115384615384 0.4062500000000001 0.5697115384615384
0 0.24759615384615385 0.055288461538461564 0.18028846153846154 0.05528846153846156 0.18028846153846154 0.15384615384615385 0.24759615384615385 0.15384615384615385
0 0.6923076923076923 0.4182692307692309 0.6105769230769231 0.4182692307692309 0.6105769230769231 0.574519230769231 0.6923076923076923 0.574519230769231
0 0.9230769230769231 0.3870192307692309 0.8557692307692307 0.3870192307692309 0.8557692307692307 0.5048076923076924 0.9230769230769231 0.5048076923076924
0 0.5889423076923077 0.4783653846153847 0.5120192307692307 0.47836538461538464 0.5120192307692308 0.6225961538461539 0.5889423076923078 0.6225961538461539
0 0.49759615384615397 0.5625 0.43509615384615397 0.5625 0.43509615384615397 0.6634615384615384 0.49759615384615397 0.6634615384615384
0 0.4326923076923077 0.0072115384615385105 0.36538461538461536 0.007211538461538506 0.36538461538461536 0.11778846153846159 0.4326923076923077 0.1177884615384616
0 0.5336538461538463 0.6442307692307693 0.4639423076923078 0.6442307692307693 0.4639423076923078 0.7403846153846154 0.5336538461538463 0.7403846153846154
0 0.6418269230769231 7.418533494834926e-17 0.5697115384615384 6.976954120142373e-17 0.5697115384615384 0.09855769230769237 0.6418269230769231 0.09855769230769237
0 0.3125000000000001 0.7475961538461539 0.23557692307692316 0.7475961538461539 0.23557692307692318 0.8918269230769231 0.3125000000000001 0.8918269230769231
0 0.8918269230769231 1.0509589117682816e-16 0.8245192307692307 1.0097448367969763e-16 0.8245192307692307 0.019230769230769336 0.8918269230769231 0.019230769230769343
0 0.8293269230769231 0.6995192307692307 0.7620192307692307 0.6995192307692307 0.7620192307692307 0.8028846153846154 0.8293269230769231 0.8028846153846154
0 0.3774038461538463 0.875 0.3149038461538463 0.875 0.3149038461538463 0.9831730769230769 0.3774038461538463 0.9831730769230769