0 0.09375000000000006 0.36538461538461536 0.01682692307692312 0.36538461538461536 0.016826923076923125 0.4206730769230769 0.09375000000000007 0.4206730769230769
0 0.14423076923076927 0.14423076923076925 0.07932692307692311 0.14423076923076922 0.07932692307692311 0.19951923076923078 0.14423076923076927 0.19951923076923078
0 0.8485576923076923 0.6418269230769231 0.7764423076923077 0.6418269230769231 0.7764423076923077 0.6947115384615384 0.8485576923076923 0.6947115384615384
0 0.8701923076923077 0.42067307692307704 0.8052884615384616 0.42067307692307704 0.8052884615384616 0.4759615384615386 0.8701923076923077 0.4759615384615386
0 0.7716346153846154 0.7908653846153846 0.6923076923076923 0.7908653846153846 0.6923076923076923 0.8509615384615384 0.7716346153846154 0.8509615384615384
0 0.6538461538461539 0.9831730769230769 0.574519230769231 0.9831730769230769 0.574519230769231 1 0.6538461538461539 1
0 0.7956730769230769 0.37980769230769246 0.71875 0.37980769230769246 0.71875 0.4495192307692309 0.7956730769230769 0.4495192307692309
0 0.6875 0.8004807692307693 0.605769230769231 0.8004807692307693 0.605769230769231 0.8653846153846154 0.6875 0.8653846153846154
0 0.75 0.5024038461538463 0.6778846153846154 0.5024038461538463 0.6778846153846154 0.5649038461538463 0.75 0.5649038461538463
0 0.7475961538461539 0.44230769230769246 0.6634615384615384 0.44230769230769246 0.6634615384615384 0.5048076923076924 0.7475961538461539 0.5048076923076924
0 0.6538461538461539 0.6826923076923077 0.5769230769230771 0.6826923076923077 0.5769230769230771 0.7403846153846154 0.6538461538461539 0.7403846153846154
0 0.6634615384615384 0.29807692307692313 0.5841346153846154 0.29807692307692313 0.5841346153846154 0.36538461538461553 0.6634615384615384 0.36538461538461553
0 0.6201923076923077 0.4399038461538462 0.5576923076923077 0.43990384615384615 0.5576923076923077 0.4927884615384616 0.6201923076923077 0.4927884615384617
0 0.5048076923076924 0.6923076923076923 0.4254807692307694 0.6923076923076923 0.4254807692307694 0.7475961538461539 0.5048076923076924 0.7475961538461539
0 0.5192307692307694 0.59375 0.45432692307692324 0.59375 0.45432692307692324 0.6466346153846154 0.5192307692307694 0.6466346153846154
0 0.5264423076923077 0.37740384615384615 0.45913461538461536 0.37740384615384615 0.45913461538461536 0.4495192307692308 0.5264423076923077 0.4495192307692308
0 0.5192307692307693 0.26201923076923084 0.45913461538461536 0.26201923076923084 0.45913461538461536 0.31490384615384615 0.5192307692307693 0.31490384615384615
0 0.4086538461538463 0.6346153846153846 0.3317307692307694 0.6346153846153846 0.3317307692307694 0.6923076923076923 0.4086538461538463 0.6923076923076923
0 0.2932692307692309 0.8798076923076923 0.21875000000000014 0.8798076923076923 0.21875000000000014 0.9399038461538461 0.2932692307692309 0.9399038461538461
0 0.4110576923076923 0.25721153846153855 0.35096153846153844 0.25721153846153855 0.35096153846153844 0.3004807692307693 0.4110576923076923 0.3004807692307693
0 0.40384615384615385 0.2788461538461539 0.3269230769230769 0.2788461538461539 0.3269230769230769 0.3485576923076923 0.40384615384615385 0.3485576923076923
0 0.40625 0.1658653846153847 0.3269230769230769 0.1658653846153847 0.3269230769230769 0.22355769230769237 0.40625 0.22355769230769237
0 0.3100961538461539 0.5336538461538461 0.22355769230769237 0.5336538461538461 0.22355769230769237 0.6057692307692307 0.31009615384615397 0.6057692307692307
0 0.18269230769230776 0.6875 0.1129807692307693 0.6875 0.11298076923076932 0.75 0.18269230769230776 0.75
0 0.23076923076923084 0.4254807692307692 0.15625000000000006 0.4254807692307692 0.15625000000000006 0.4807692307692308 0.23076923076923084 0.4807692307692308
0 0.19951923076923078 0.12500000000000003 0.12259615384615384 0.125 0.12259615384615387 0.1971153846153846 0.19951923076923078 0.1971153846153846
0 0.7355769230769231 0.5024038461538463 0.6682692307692307 0.5024038461538463 0.6682692307692307 0.5841346153846155 0.7355769230769231 0.5841346153846155
0 0.6225961538461539 0.44951923076923084 0.5576923076923077 0.4495192307692308 0.5576923076923077 0.5000000000000001 0.6225961538461539 0.5000000000000001
0 0.12980769230769232 0.13221153846153846 0.09134615384615384 0.13221153846153846 0.09134615384615387 0.16826923076923078 0.12980769230769235 0.16826923076923078