0 0.8052884615384616 0.9759615384615384 0.7427884615384616 0.9759615384615384 0.7427884615384616 1 0.8052884615384616 1
0 0.5048076923076923 0.15144230769230776 0.42788461538461536 0.15144230769230776 0.42788461538461536 0.3125 0.5048076923076923 0.3125
0 0.9230769230769231 0.21875000000000014 0.8557692307692307 0.21875000000000014 0.8557692307692307 0.34855769230769246 0.9230769230769231 0.34855769230769246
0 0.8413461538461539 0.23557692307692318 0.7668269230769231 0.23557692307692316 0.7668269230769231 0.38942307692307704 0.8413461538461539 0.38942307692307704
0 0.5336538461538461 0.2548076923076924 0.46875 0.2548076923076924 0.46875 0.37259615384615385 0.5336538461538461 0.37259615384615385
0 0.8774038461538461 0.2764423076923078 0.7980769230769231 0.27644230769230776 0.7980769230769231 0.4807692307692309 0.8774038461538461 0.4807692307692309
0 0.6514423076923077 0.31009615384615397 0.5745192307692307 0.31009615384615397 0.5745192307692307 0.4879807692307694 0.6514423076923077 0.4879807692307694
0 0.5528846153846154 0.40865384615384615 0.4831730769230769 0.40865384615384615 0.4831730769230769 0.5336538461538461 0.5528846153846154 0.5336538461538461
0 0.35336538461538464 0.3870192307692308 0.2860576923076924 0.3870192307692308 0.2860576923076924 0.5120192307692307 0.35336538461538464 0.5120192307692307
0 0.18750000000000006 0.5360576923076923 0.108173076923077 0.5360576923076923 0.10817307692307701 0.7043269230769231 0.18750000000000006 0.7043269230769231
0 0.9807692307692307 0.7043269230769231 0.9206730769230769 0.7043269230769231 0.9206730769230769 0.8028846153846154 0.9807692307692307 0.8028846153846154
0 0.3605769230769231 3.900617809784238e-17 0.2764423076923077 3.3854418726429234e-17 0.2764423076923077 0.1322115384615385 0.3605769230769231 0.1322115384615385
0 0.6754807692307693 0.009615384615384692 0.59375 0.009615384615384689 0.59375 0.17067307692307698 0.6754807692307693 0.17067307692307698