0 0.16826923076923084 0.5552884615384616 0.040865384615384685 0.5552884615384616 0.04086538461538469 0.65625 0.16826923076923084 0.65625
0 0.3004807692307693 0.3293269230769231 0.1322115384615385 0.3293269230769231 0.13221153846153852 0.4519230769230769 0.3004807692307693 0.4519230769230769
0 0.32211538461538475 0.8774038461538461 0.18028846153846168 0.8774038461538461 0.18028846153846168 0.9807692307692307 0.32211538461538475 0.9807692307692307
0 0.47596153846153844 0.038461538461538505 0.31490384615384615 0.0384615384615385 0.31490384615384615 0.16346153846153852 0.47596153846153844 0.16346153846153852
0 0.483173076923077 0.46634615384615385 0.3389423076923077 0.46634615384615385 0.33894230769230776 0.5841346153846154 0.48317307692307704 0.5841346153846154
0 0.49759615384615385 0.26682692307692313 0.3605769230769231 0.26682692307692313 0.3605769230769231 0.37259615384615385 0.49759615384615385 0.37259615384615385
0 0.5168269230769232 0.6298076923076923 0.38461538461538475 0.6298076923076923 0.38461538461538475 0.7355769230769231 0.5168269230769232 0.7355769230769231
0 0.5144230769230771 0.8341346153846154 0.38942307692307704 0.8341346153846154 0.38942307692307704 0.9399038461538461 0.5144230769230771 0.9399038461538461
0 0.560096153846154 0.5721153846153847 0.44711538461538475 0.5721153846153846 0.44711538461538475 0.6658653846153846 0.560096153846154 0.6658653846153846
0 0.6153846153846154 0.4735576923076924 0.46875 0.4735576923076923 0.46875000000000006 0.591346153846154 0.6153846153846154 0.591346153846154
0 0.625 0.2475961538461539 0.46875 0.2475961538461539 0.46875 0.36057692307692313 0.625 0.36057692307692324
0 0.6274038461538461 0.608173076923077 0.4567307692307694 0.6081730769230769 0.4567307692307694 0.7403846153846154 0.6274038461538461 0.7403846153846154
0 0.6586538461538461 0.28846153846153855 0.44471153846153844 0.28846153846153855 0.44471153846153844 0.4399038461538462 0.6586538461538461 0.4399038461538463
0 0.11298076923076933 0.7788461538461539 0.04326923076923087 0.7788461538461539 0.04326923076923087 0.8677884615384616 0.11298076923076933 0.8677884615384616
0 0.6850961538461539 0.9350961538461539 0.5625000000000001 0.9350961538461539 0.5625000000000001 0.9951923076923077 0.6850961538461539 0.9951923076923077
0 0.14423076923076933 0.6081730769230769 0.014423076923076995 0.6081730769230769 0.014423076923077004 0.7307692307692307 0.14423076923076933 0.7307692307692307
0 0.12259615384615388 0.15384615384615385 1.8840719986882357e-17 0.15384615384615385 2.5758796857065724e-17 0.2668269230769231 0.12259615384615388 0.2668269230769231
0 0.16586538461538464 0.17307692307692307 2.1195809985242653e-17 0.17307692307692307 2.9438624979503685e-17 0.3076923076923077 0.1658653846153847 0.3076923076923077
0 0.8605769230769231 0.9158653846153846 0.7548076923076923 0.9158653846153846 0.7548076923076923 0.9615384615384616 0.8605769230769231 0.9615384615384616
0 0.9350961538461539 0.09855769230769242 0.8341346153846154 0.09855769230769242 0.8341346153846154 0.20432692307692318 0.9350961538461539 0.2043269230769232
0 0.10336538461538465 0.14903846153846154 1.8251947487292284e-17 0.14903846153846154 2.310932060891039e-17 0.2283653846153846 0.10336538461538465 0.2283653846153846