0 0.19230769230769235 0.20192307692307693 0.05528846153846156 0.20192307692307693 0.055288461538461564 0.30528846153846156 0.19230769230769237 0.30528846153846156
0 0.7860576923076923 0.8221153846153846 0.6105769230769232 0.8221153846153846 0.6105769230769232 0.9399038461538461 0.7860576923076923 0.9399038461538461
0 0.8149038461538461 0.6899038461538461 0.6538461538461539 0.6899038461538461 0.6538461538461539 0.7980769230769231 0.8149038461538461 0.7980769230769231
0 0.8629807692307693 0.5192307692307694 0.7451923076923077 0.5192307692307694 0.7451923076923077 0.6105769230769232 0.8629807692307693 0.6105769230769232
0 0.8341346153846154 0.6177884615384616 0.6586538461538461 0.6177884615384616 0.6586538461538461 0.7427884615384616 0.8341346153846154 0.7427884615384616
0 0.7475961538461539 0.8028846153846154 0.5721153846153848 0.8028846153846154 0.5721153846153848 0.9326923076923077 0.7475961538461539 0.9326923076923077
0 1 0.512019230769231 0.9591346153846154 0.512019230769231 0.9591346153846154 0.574519230769231 1 0.574519230769231
0 0.7139423076923077 0.6778846153846154 0.5456730769230771 0.6778846153846154 0.5456730769230771 0.7956730769230769 0.7139423076923077 0.7956730769230769
0 0.6514423076923077 0.6225961538461539 0.5384615384615385 0.6225961538461539 0.5384615384615385 0.7139423076923077 0.6514423076923077 0.7139423076923077
0 0.6394230769230769 0.46875000000000006 0.5264423076923077 0.46875 0.5264423076923077 0.5649038461538463 0.6394230769230769 0.5649038461538463
0 0.5048076923076924 0.6370192307692307 0.3365384615384617 0.6370192307692307 0.3365384615384617 0.7524038461538461 0.5048076923076924 0.7524038461538461
0 0.4807692307692309 0.5889423076923077 0.35817307692307704 0.5889423076923077 0.35817307692307704 0.6875 0.4807692307692309 0.6875
0 0.3317307692307694 0.6081730769230769 0.22115384615384623 0.6081730769230769 0.22115384615384623 0.6971153846153846 0.3317307692307694 0.6971153846153846
0 0.9134615384615384 0.6754807692307693 0.8100961538461539 0.6754807692307693 0.8100961538461539 0.7596153846153846 0.9134615384615384 0.7596153846153846
0 0.9807692307692307 0.48317307692307704 0.8677884615384616 0.48317307692307704 0.8677884615384616 0.5721153846153848 0.9807692307692307 0.5721153846153848
0 0.18028846153846156 0.2644230769230769 0.06250000000000003 0.2644230769230769 0.06250000000000004 0.3581730769230769 0.18028846153846162 0.3581730769230769
0 0.3942307692307694 0.6009615384615384 0.2283653846153847 0.6009615384615384 0.2283653846153847 0.7115384615384616 0.3942307692307694 0.7115384615384616