0 0.3629807692307692 0.28125000000000006 0.3389423076923077 0.28125000000000006 0.3389423076923077 0.31490384615384615 0.3629807692307692 0.31490384615384615
0 0.34375 0.31490384615384615 0.32211538461538464 0.31490384615384615 0.32211538461538464 0.35096153846153844 0.34375 0.35096153846153844
0 0.3052884615384616 0.33413461538461536 0.2836538461538462 0.33413461538461536 0.2836538461538462 0.3605769230769231 0.3052884615384616 0.3605769230769231
0 0.44471153846153844 0.37259615384615385 0.42788461538461536 0.37259615384615385 0.42788461538461536 0.39663461538461536 0.44471153846153844 0.39663461538461536
0 0.3581730769230769 0.3918269230769231 0.34134615384615385 0.3918269230769231 0.34134615384615385 0.4182692307692308 0.3581730769230769 0.4182692307692308
0 0.14423076923076927 0.40865384615384615 0.12259615384615388 0.40865384615384615 0.1225961538461539 0.4375 0.1442307692307693 0.4375
0 0.47115384615384615 0.41346153846153844 0.4519230769230769 0.41346153846153844 0.4519230769230769 0.4375 0.47115384615384615 0.4375
0 0.38461538461538464 0.4519230769230769 0.36538461538461536 0.4519230769230769 0.36538461538461536 0.4807692307692308 0.38461538461538464 0.4807692307692308
0 0.26682692307692313 0.47596153846153844 0.2548076923076924 0.47596153846153844 0.2548076923076924 0.5024038461538461 0.26682692307692313 0.5024038461538461
0 0.2908653846153847 0.4855769230769231 0.28125000000000006 0.4855769230769231 0.28125000000000006 0.5048076923076923 0.2908653846153847 0.5048076923076923
0 0.2163461538461539 0.5 0.19951923076923084 0.5 0.19951923076923084 0.5288461538461539 0.2163461538461539 0.5288461538461539
0 0.2596153846153847 0.5048076923076923 0.24038461538461545 0.5048076923076923 0.24038461538461545 0.5408653846153846 0.2596153846153847 0.5408653846153846
0 0.3317307692307692 0.5096153846153846 0.3173076923076923 0.5096153846153846 0.3173076923076923 0.5288461538461539 0.3317307692307692 0.5288461538461539
0 0.27644230769230776 0.5336538461538461 0.2548076923076924 0.5336538461538461 0.2548076923076924 0.5649038461538461 0.27644230769230776 0.5649038461538461
0 0.3100961538461539 0.5456730769230769 0.295673076923077 0.5456730769230769 0.295673076923077 0.5721153846153846 0.31009615384615397 0.5721153846153846
0 0.3341346153846155 0.5528846153846154 0.32211538461538464 0.5528846153846154 0.3221153846153847 0.5793269230769231 0.33413461538461553 0.5793269230769231
0 0.2283653846153847 0.5745192307692307 0.2067307692307693 0.5745192307692307 0.2067307692307693 0.6057692307692307 0.2283653846153847 0.6057692307692307
0 0.4879807692307693 0.5576923076923077 0.46634615384615385 0.5576923076923077 0.4663461538461539 0.5889423076923077 0.4879807692307694 0.5889423076923077
0 0.29807692307692313 0.5841346153846154 0.2836538461538462 0.5841346153846154 0.2836538461538462 0.6129807692307693 0.29807692307692313 0.6129807692307693
0 0.25000000000000006 0.6009615384615384 0.23557692307692316 0.6009615384615384 0.23557692307692316 0.6274038461538461 0.25000000000000006 0.6274038461538461
0 0.28846153846153855 0.6033653846153846 0.2788461538461539 0.6033653846153846 0.2788461538461539 0.6274038461538461 0.28846153846153855 0.6274038461538461
0 0.3052884615384616 0.6225961538461539 0.28125000000000006 0.6225961538461539 0.28125000000000006 0.65625 0.3052884615384616 0.65625
0 0.45192307692307704 0.6177884615384616 0.4326923076923078 0.6177884615384616 0.4326923076923078 0.6442307692307693 0.45192307692307704 0.6442307692307693
0 0.3774038461538463 0.6298076923076923 0.3629807692307694 0.6298076923076923 0.3629807692307694 0.6538461538461539 0.3774038461538463 0.6538461538461539
0 0.42307692307692324 0.625 0.41105769230769246 0.625 0.41105769230769246 0.65625 0.42307692307692324 0.65625
0 0.36538461538461553 0.6370192307692307 0.34855769230769246 0.6370192307692307 0.34855769230769246 0.6610576923076923 0.36538461538461553 0.6610576923076923
0 0.4134615384615386 0.6370192307692307 0.4014423076923078 0.6370192307692307 0.4014423076923078 0.6658653846153846 0.4134615384615386 0.6658653846153846
0 0.3437500000000001 0.6538461538461539 0.3245192307692309 0.6538461538461539 0.3245192307692309 0.6802884615384616 0.3437500000000001 0.6802884615384616
0 0.3870192307692309 0.6586538461538461 0.3701923076923078 0.6586538461538461 0.3701923076923078 0.6778846153846154 0.3870192307692309 0.6778846153846154
0 0.40384615384615397 0.6586538461538461 0.3870192307692309 0.6586538461538461 0.3870192307692309 0.6778846153846154 0.40384615384615397 0.6778846153846154
0 0.32211538461538475 0.6682692307692307 0.3076923076923078 0.6682692307692307 0.3076923076923078 0.6899038461538461 0.32211538461538475 0.6899038461538461
0 0.26201923076923084 0.6706730769230769 0.24038461538461545 0.6706730769230769 0.24038461538461545 0.7067307692307693 0.26201923076923084 0.7067307692307693
0 0.3004807692307693 0.6802884615384616 0.2836538461538462 0.6802884615384616 0.2836538461538462 0.7043269230769231 0.3004807692307693 0.7043269230769231
0 0.4495192307692309 0.6682692307692307 0.42788461538461553 0.6682692307692307 0.42788461538461553 0.6971153846153846 0.4495192307692309 0.6971153846153846
0 0.4182692307692309 0.6802884615384616 0.4014423076923078 0.6802884615384616 0.4014423076923078 0.7043269230769231 0.4182692307692309 0.7043269230769231
0 0.32211538461538475 0.6875 0.3052884615384616 0.6875 0.3052884615384616 0.7139423076923077 0.32211538461538475 0.7139423076923077
0 0.3677884615384617 0.6899038461538461 0.3509615384615386 0.6899038461538461 0.3509615384615386 0.7211538461538461 0.3677884615384617 0.7211538461538461
0 0.3870192307692309 0.7115384615384616 0.3701923076923078 0.7115384615384616 0.3701923076923078 0.7475961538461539 0.3870192307692309 0.7475961538461539
0 0.37980769230769246 0.7596153846153846 0.3701923076923078 0.7596153846153846 0.3701923076923078 0.7740384615384616 0.37980769230769246 0.7740384615384616
0 0.8269230769230769 0.3028846153846155 0.8052884615384616 0.3028846153846155 0.8052884615384616 0.3389423076923078 0.8269230769230769 0.3389423076923078