0 0.625 0.20432692307692316 0.6033653846153846 0.20432692307692316 0.6033653846153846 0.23557692307692316 0.625 0.23557692307692316
0 0.5841346153846154 0.2524038461538462 0.5576923076923077 0.2524038461538462 0.5576923076923077 0.2788461538461539 0.5841346153846154 0.2788461538461539
0 0.5192307692307693 0.29807692307692313 0.49759615384615385 0.29807692307692313 0.49759615384615385 0.3269230769230769 0.5192307692307693 0.3269230769230769
0 0.1754807692307693 0.36778846153846156 0.15625000000000006 0.36778846153846156 0.15625000000000006 0.3918269230769231 0.1754807692307693 0.3918269230769231
0 0.45913461538461536 0.34134615384615385 0.43509615384615385 0.34134615384615385 0.43509615384615385 0.375 0.45913461538461536 0.375
0 0.264423076923077 0.38221153846153844 0.24038461538461545 0.38221153846153844 0.24038461538461545 0.4110576923076923 0.264423076923077 0.4110576923076923
0 0.46634615384615385 0.36538461538461536 0.4519230769230769 0.36538461538461536 0.4519230769230769 0.38461538461538464 0.46634615384615385 0.38461538461538464
0 0.5985576923076923 0.34134615384615397 0.5721153846153846 0.34134615384615397 0.5721153846153846 0.37259615384615397 0.5985576923076923 0.37259615384615397
0 0.3052884615384616 0.40625 0.2860576923076924 0.40625 0.2860576923076924 0.4326923076923077 0.3052884615384616 0.4326923076923077
0 0.5865384615384616 0.36057692307692324 0.5625 0.36057692307692324 0.5625 0.37980769230769246 0.5865384615384616 0.37980769230769246
0 0.4543269230769231 0.3894230769230769 0.43028846153846156 0.3894230769230769 0.43028846153846156 0.4182692307692308 0.4543269230769231 0.4182692307692308
0 0.34134615384615385 0.41346153846153844 0.31009615384615385 0.41346153846153844 0.31009615384615385 0.4495192307692308 0.34134615384615385 0.4495192307692308
0 0.5673076923076923 0.37500000000000006 0.5432692307692307 0.375 0.5432692307692307 0.3990384615384616 0.5673076923076923 0.3990384615384617
0 0.5456730769230769 0.3798076923076923 0.5240384615384616 0.3798076923076923 0.5240384615384616 0.40625 0.5456730769230769 0.40625
0 0.47836538461538464 0.4110576923076923 0.4543269230769231 0.4110576923076923 0.4543269230769231 0.4423076923076923 0.47836538461538464 0.4423076923076923
0 0.6153846153846154 0.39663461538461553 0.5913461538461539 0.39663461538461553 0.5913461538461539 0.42307692307692324 0.6153846153846154 0.42307692307692324
0 0.5889423076923077 0.4014423076923078 0.5697115384615384 0.4014423076923078 0.5697115384615384 0.42788461538461553 0.5889423076923077 0.42788461538461553
0 0.5673076923076923 0.40625000000000006 0.5432692307692307 0.40625 0.5432692307692307 0.43269230769230776 0.5673076923076923 0.4326923076923078
0 0.5697115384615384 0.4350961538461539 0.5456730769230769 0.43509615384615385 0.5456730769230769 0.46875000000000006 0.5697115384615384 0.4687500000000001
0 0.18269230769230776 0.5192307692307693 0.15865384615384623 0.5192307692307693 0.15865384615384623 0.5408653846153846 0.18269230769230776 0.5408653846153846
0 0.6009615384615384 0.4399038461538463 0.5745192307692307 0.4399038461538463 0.5745192307692307 0.4687500000000001 0.6009615384615384 0.4687500000000001
0 0.5504807692307693 0.4543269230769231 0.5288461538461539 0.4543269230769231 0.5288461538461539 0.47596153846153844 0.5504807692307693 0.47596153846153844
0 0.3870192307692308 0.4807692307692308 0.36538461538461536 0.4807692307692308 0.36538461538461536 0.5096153846153846 0.3870192307692308 0.5096153846153846
0 0.5360576923076923 0.45913461538461536 0.5168269230769231 0.45913461538461536 0.5168269230769231 0.47836538461538464 0.5360576923076923 0.47836538461538464
0 0.375 0.49038461538461536 0.3581730769230769 0.49038461538461536 0.3581730769230769 0.5144230769230769 0.375 0.5144230769230769
0 0.47836538461538464 0.4879807692307692 0.4567307692307692 0.4879807692307692 0.4567307692307692 0.5192307692307693 0.47836538461538464 0.5192307692307693
0 0.3052884615384616 0.5673076923076923 0.2860576923076924 0.5673076923076923 0.2860576923076924 0.5889423076923077 0.3052884615384616 0.5889423076923077
0 0.5552884615384616 0.5336538461538461 0.5360576923076923 0.5336538461538461 0.5360576923076923 0.5528846153846154 0.5552884615384616 0.5528846153846154
0 0.5504807692307693 0.5480769230769231 0.5288461538461539 0.5480769230769231 0.528846153846154 0.5721153846153846 0.5504807692307694 0.5721153846153846
0 0.5264423076923077 0.5504807692307693 0.49278846153846156 0.5504807692307693 0.4927884615384616 0.5769230769230769 0.5264423076923078 0.5769230769230769
0 0.4711538461538463 0.5697115384615384 0.4399038461538463 0.5697115384615384 0.4399038461538463 0.5985576923076923 0.4711538461538463 0.5985576923076923
0 0.3004807692307693 0.6129807692307693 0.2788461538461539 0.6129807692307693 0.2788461538461539 0.6370192307692307 0.3004807692307693 0.6370192307692307
0 0.512019230769231 0.5721153846153846 0.4879807692307694 0.5721153846153846 0.4879807692307694 0.6009615384615384 0.512019230769231 0.6009615384615384
0 0.22355769230769237 0.6490384615384616 0.19951923076923084 0.6490384615384616 0.19951923076923084 0.6754807692307693 0.22355769230769237 0.6754807692307693
0 0.4495192307692309 0.6153846153846154 0.42788461538461553 0.6153846153846154 0.42788461538461553 0.6394230769230769 0.4495192307692309 0.6394230769230769
0 0.3557692307692309 0.6370192307692307 0.3365384615384617 0.6370192307692307 0.3365384615384617 0.6610576923076923 0.3557692307692309 0.6610576923076923
0 0.31730769230769246 0.6466346153846154 0.29326923076923084 0.6466346153846154 0.29326923076923084 0.6802884615384616 0.31730769230769246 0.6802884615384616
0 0.5000000000000001 0.6153846153846154 0.4687500000000001 0.6153846153846154 0.4687500000000001 0.6538461538461539 0.5000000000000001 0.6538461538461539
0 0.36057692307692324 0.7067307692307693 0.34134615384615397 0.7067307692307693 0.34134615384615397 0.7283653846153846 0.36057692307692324 0.7283653846153846
0 0.45192307692307704 0.6850961538461539 0.4302884615384617 0.6850961538461539 0.4302884615384617 0.7235576923076923 0.45192307692307704 0.7235576923076923