0 0.4182692307692308 0.1322115384615385 0.37259615384615385 0.1322115384615385 0.37259615384615385 0.19951923076923084 0.4182692307692308 0.19951923076923084
0 0.21875 0.16826923076923078 0.16105769230769232 0.16826923076923078 0.16105769230769232 0.25240384615384615 0.21875 0.25240384615384615
0 0.1899038461538462 0.20432692307692307 0.13942307692307696 0.20432692307692307 0.13942307692307696 0.28365384615384615 0.18990384615384623 0.28365384615384615
0 0.21875000000000003 0.24759615384615385 0.1658653846153846 0.24759615384615385 0.16586538461538464 0.33653846153846156 0.21875000000000006 0.33653846153846156
0 0.3389423076923077 0.28125000000000006 0.3004807692307693 0.28125000000000006 0.3004807692307693 0.33653846153846156 0.3389423076923077 0.33653846153846156
0 0.2548076923076924 0.2860576923076923 0.2067307692307693 0.2860576923076923 0.2067307692307693 0.3557692307692308 0.2548076923076924 0.3557692307692308
0 0.1971153846153847 0.3076923076923077 0.15625000000000006 0.3076923076923077 0.15625000000000006 0.375 0.1971153846153847 0.375
0 0.43990384615384615 0.31971153846153844 0.3894230769230769 0.31971153846153844 0.3894230769230769 0.3870192307692308 0.43990384615384615 0.3870192307692308
0 0.1274038461538462 0.3605769230769231 0.08173076923076926 0.3605769230769231 0.08173076923076929 0.4254807692307692 0.12740384615384623 0.4254807692307692
0 0.16105769230769237 0.35336538461538464 0.10576923076923081 0.35336538461538464 0.10576923076923082 0.4423076923076923 0.16105769230769237 0.4423076923076923
0 0.19951923076923084 0.38221153846153844 0.14903846153846156 0.38221153846153844 0.1490384615384616 0.4495192307692308 0.19951923076923084 0.4495192307692308
0 0.3293269230769231 0.4014423076923077 0.2788461538461539 0.4014423076923077 0.2788461538461539 0.4735576923076923 0.3293269230769231 0.4735576923076923
0 0.4639423076923077 0.3918269230769231 0.4110576923076923 0.3918269230769231 0.4110576923076923 0.46875 0.4639423076923077 0.46875
0 0.17788461538461545 0.4326923076923077 0.12740384615384623 0.4326923076923077 0.12740384615384623 0.5048076923076923 0.17788461538461545 0.5048076923076923
0 0.3581730769230769 0.4182692307692308 0.3125 0.4182692307692308 0.3125 0.4951923076923077 0.3581730769230769 0.4951923076923077
0 0.21153846153846162 0.4375 0.15625000000000006 0.4375 0.15625000000000006 0.5288461538461539 0.21153846153846162 0.5288461538461539
0 0.3076923076923077 0.4567307692307692 0.2524038461538462 0.4567307692307692 0.2524038461538462 0.5432692307692307 0.3076923076923077 0.5432692307692307
0 0.34375 0.49038461538461536 0.3052884615384616 0.49038461538461536 0.3052884615384616 0.5432692307692307 0.34375 0.5432692307692307
0 0.22596153846153852 0.5096153846153846 0.18750000000000006 0.5096153846153846 0.18750000000000006 0.5721153846153846 0.22596153846153852 0.5721153846153846
0 0.37019230769230776 0.5168269230769231 0.31971153846153844 0.5168269230769231 0.31971153846153855 0.5913461538461539 0.3701923076923078 0.5913461538461539
0 0.1538461538461539 0.5576923076923077 0.1129807692307693 0.5576923076923077 0.1129807692307693 0.6201923076923077 0.1538461538461539 0.6201923076923077
0 0.16826923076923084 0.5697115384615384 0.12740384615384623 0.5697115384615384 0.12740384615384623 0.6394230769230769 0.16826923076923084 0.6394230769230769
0 0.6009615384615385 0.5264423076923078 0.5649038461538461 0.5264423076923078 0.5649038461538463 0.5817307692307694 0.6009615384615385 0.5817307692307694
0 0.40144230769230776 0.5480769230769231 0.35096153846153844 0.5480769230769231 0.35096153846153855 0.6274038461538461 0.4014423076923078 0.6274038461538461
0 0.19951923076923084 0.6009615384615384 0.15625000000000006 0.6009615384615384 0.15625000000000006 0.6634615384615384 0.19951923076923084 0.6634615384615384
0 0.24278846153846162 0.6274038461538461 0.1971153846153847 0.6274038461538461 0.1971153846153847 0.6899038461538461 0.24278846153846162 0.6899038461538461
0 0.3317307692307694 0.6370192307692307 0.28846153846153855 0.6370192307692307 0.28846153846153855 0.6778846153846154 0.3317307692307694 0.6778846153846154
0 0.45913461538461553 0.6033653846153846 0.4062500000000001 0.6033653846153846 0.4062500000000001 0.6899038461538461 0.45913461538461553 0.6899038461538461
0 0.3750000000000001 0.6418269230769231 0.3317307692307694 0.6418269230769231 0.3317307692307694 0.7019230769230769 0.3750000000000001 0.7019230769230769
0 0.2692307692307693 0.6490384615384616 0.22115384615384623 0.6490384615384616 0.22115384615384623 0.7211538461538461 0.2692307692307693 0.7211538461538461
0 0.5889423076923078 0.608173076923077 0.5384615384615385 0.6081730769230769 0.5384615384615385 0.6875 0.5889423076923078 0.6875
0 0.36057692307692324 0.6706730769230769 0.3197115384615386 0.6706730769230769 0.3197115384615386 0.7283653846153846 0.36057692307692324 0.7283653846153846
0 0.2283653846153847 0.7019230769230769 0.18990384615384623 0.7019230769230769 0.18990384615384623 0.7427884615384616 0.2283653846153847 0.7427884615384616
0 0.37980769230769246 0.6850961538461539 0.3365384615384617 0.6850961538461539 0.3365384615384617 0.7403846153846154 0.37980769230769246 0.7403846153846154
0 0.24278846153846162 0.7235576923076923 0.19951923076923084 0.7235576923076923 0.19951923076923084 0.7764423076923077 0.24278846153846162 0.7764423076923077
0 0.4399038461538463 0.6971153846153846 0.39663461538461553 0.6971153846153846 0.39663461538461553 0.7548076923076923 0.4399038461538463 0.7548076923076923
0 0.3437500000000001 0.7211538461538461 0.29326923076923084 0.7211538461538461 0.29326923076923084 0.7932692307692307 0.3437500000000001 0.7932692307692307
0 0.29807692307692313 0.7379807692307693 0.24519230769230776 0.7379807692307693 0.24519230769230776 0.8076923076923077 0.29807692307692313 0.8076923076923077
0 0.32211538461538475 0.7331730769230769 0.28125000000000006 0.7331730769230769 0.28125000000000006 0.8052884615384616 0.32211538461538475 0.8052884615384616
0 0.3990384615384617 0.7548076923076923 0.34855769230769246 0.7548076923076923 0.34855769230769246 0.8365384615384616 0.3990384615384617 0.8365384615384616
0 0.32211538461538475 0.8028846153846154 0.2692307692307693 0.8028846153846154 0.26923076923076933 0.8774038461538461 0.32211538461538475 0.8774038461538461