0 0.5937500000000001 0.8822115384615384 0.5024038461538463 0.8822115384615384 0.5024038461538463 1 0.5937500000000001 1
0 0.5673076923076923 0.01682692307692314 0.44711538461538464 0.01682692307692313 0.44711538461538464 0.19951923076923084 0.5673076923076923 0.19951923076923084
0 0.5264423076923077 0.076923076923077 0.4326923076923077 0.076923076923077 0.4326923076923077 0.20913461538461545 0.5264423076923077 0.20913461538461545
0 0.625 0.07211538461538468 0.5264423076923077 0.07211538461538468 0.5264423076923077 0.20913461538461545 0.625 0.20913461538461545
0 0.46634615384615385 0.11778846153846159 0.35336538461538464 0.11778846153846158 0.35336538461538464 0.2692307692307693 0.46634615384615385 0.2692307692307693
0 0.1682692307692308 0.16346153846153846 0.04326923076923079 0.16346153846153846 0.043269230769230796 0.33653846153846156 0.16826923076923084 0.33653846153846156
0 0.8125 0.12740384615384623 0.6899038461538461 0.12740384615384623 0.6899038461538461 0.31009615384615397 0.8125 0.31009615384615397
0 0.9735576923076923 0.18269230769230782 0.8533653846153846 0.18269230769230782 0.8533653846153846 0.3509615384615386 0.9735576923076923 0.3509615384615386
0 0.3870192307692308 0.24519230769230776 0.2860576923076923 0.24519230769230776 0.28605769230769235 0.3870192307692308 0.3870192307692308 0.3870192307692308
0 0.6706730769230769 0.2692307692307693 0.5769230769230769 0.2692307692307693 0.5769230769230769 0.3822115384615386 0.6706730769230769 0.3822115384615386
0 0.24519230769230768 0.043269230769230796 0.17548076923076922 0.04326923076923079 0.17548076923076922 0.10336538461538465 0.24519230769230768 0.10336538461538465
0 0.052884615384615405 0.07932692307692307 9.714746243236215e-18 0.07932692307692307 1.2364222491391546e-17 0.12259615384615384 0.052884615384615405 0.12259615384615384
0 0.6995192307692307 8.080902556873762e-17 0.6201923076923077 7.59516524471195e-17 0.6201923076923077 0.07451923076923085 0.6995192307692307 0.07451923076923085
0 0.8389423076923077 0.3365384615384617 0.7403846153846154 0.3365384615384617 0.7403846153846154 0.45192307692307704 0.8389423076923077 0.45192307692307704
0 0.6225961538461539 0.3533653846153847 0.53125 0.35336538461538464 0.53125 0.46875000000000006 0.6225961538461539 0.4687500000000001
0 0.16826923076923078 0.060096153846153855 0.06971153846153846 0.06009615384615385 0.06971153846153846 0.15865384615384615 0.16826923076923078 0.15865384615384615
0 0.31250000000000006 0.5408653846153846 0.20913461538461545 0.5408653846153846 0.20913461538461545 0.6754807692307693 0.3125000000000001 0.6754807692307693
0 0.31490384615384615 0.031250000000000035 0.21394230769230768 0.03125000000000003 0.21394230769230768 0.14903846153846156 0.31490384615384615 0.14903846153846156
0 0.9278846153846154 1.0818694679967603e-16 0.8389423076923077 1.0274080117846787e-16 0.8389423076923077 0.09615384615384626 0.9278846153846154 0.09615384615384626
0 0.6490384615384616 0.5504807692307693 0.5288461538461539 0.5504807692307693 0.528846153846154 0.71875 0.6490384615384616 0.71875
0 0.7019230769230769 0.5793269230769232 0.5793269230769232 0.5793269230769232 0.5793269230769232 0.7451923076923077 0.7019230769230769 0.7451923076923077
0 0.43990384615384615 0.03605769230769235 0.3605769230769231 0.03605769230769235 0.3605769230769231 0.13942307692307698 0.43990384615384615 0.13942307692307698
0 0.6129807692307694 0.7524038461538461 0.5096153846153848 0.7524038461538461 0.5096153846153848 0.875 0.6129807692307694 0.875
0 0.7211538461538461 0.7427884615384616 0.6153846153846154 0.7427884615384616 0.6153846153846154 0.8725961538461539 0.7211538461538461 0.8725961538461539
0 0.8798076923076923 0.7427884615384616 0.7620192307692307 0.7427884615384616 0.7620192307692307 0.90625 0.8798076923076923 0.90625
0 0.6658653846153846 0.8269230769230769 0.5504807692307694 0.8269230769230769 0.5504807692307694 0.9735576923076923 0.6658653846153846 0.9735576923076923
0 0.9639423076923077 0.7980769230769231 0.8581730769230769 0.7980769230769231 0.8581730769230769 0.9350961538461539 0.9639423076923077 0.9350961538461539