0 0.6682692307692307 0.6850961538461539 0.6274038461538461 0.6850961538461539 0.6274038461538461 0.71875 0.6682692307692307 0.71875
0 0.6322115384615384 0.6947115384615384 0.591346153846154 0.6947115384615384 0.591346153846154 0.7235576923076923 0.6322115384615384 0.7235576923076923
0 0.6033653846153848 0.7283653846153846 0.5697115384615385 0.7283653846153846 0.5697115384615385 0.7572115384615384 0.6033653846153848 0.7572115384615384
0 0.605769230769231 0.5841346153846155 0.5793269230769232 0.5841346153846155 0.5793269230769232 0.6081730769230771 0.605769230769231 0.6081730769230771
0 0.5625000000000001 0.6634615384615384 0.5336538461538463 0.6634615384615384 0.5336538461538463 0.6850961538461539 0.5625000000000001 0.6850961538461539
0 0.48557692307692324 0.8605769230769231 0.4495192307692309 0.8605769230769231 0.4495192307692309 0.8894230769230769 0.48557692307692324 0.8894230769230769
0 0.5745192307692308 0.5480769230769231 0.5456730769230769 0.5480769230769231 0.545673076923077 0.5721153846153847 0.574519230769231 0.5721153846153848
0 0.5168269230769232 0.6177884615384616 0.47836538461538475 0.6177884615384616 0.47836538461538475 0.6466346153846154 0.5168269230769232 0.6466346153846154
0 0.45192307692307704 0.7235576923076923 0.4254807692307694 0.7235576923076923 0.4254807692307694 0.7403846153846154 0.45192307692307704 0.7403846153846154
0 0.45192307692307704 0.6995192307692307 0.4302884615384617 0.6995192307692307 0.4302884615384617 0.7163461538461539 0.45192307692307704 0.7163461538461539
0 0.4182692307692309 0.7668269230769231 0.3870192307692309 0.7668269230769231 0.3870192307692309 0.7908653846153846 0.4182692307692309 0.7908653846153846
0 0.42788461538461553 0.7211538461538461 0.3870192307692309 0.7211538461538461 0.3870192307692309 0.7475961538461539 0.42788461538461553 0.7475961538461539
0 0.4447115384615386 0.6514423076923077 0.4182692307692309 0.6514423076923077 0.4182692307692309 0.6754807692307693 0.4447115384615386 0.6754807692307693
0 0.40384615384615397 0.6971153846153846 0.3677884615384617 0.6971153846153846 0.3677884615384617 0.7235576923076923 0.40384615384615397 0.7235576923076923
0 0.40384615384615397 0.6634615384615384 0.37259615384615397 0.6634615384615384 0.37259615384615397 0.6826923076923077 0.40384615384615397 0.6826923076923077
0 0.4014423076923078 0.6370192307692307 0.3701923076923078 0.6370192307692307 0.3701923076923078 0.65625 0.4014423076923078 0.65625
0 0.34855769230769246 0.7307692307692307 0.3125000000000001 0.7307692307692307 0.3125000000000001 0.7596153846153846 0.34855769230769246 0.7596153846153846
0 0.44711538461538464 0.4855769230769231 0.40625 0.4855769230769231 0.40625 0.5168269230769231 0.44711538461538464 0.5168269230769231
0 0.36057692307692324 0.6634615384615384 0.32932692307692324 0.6634615384615384 0.32932692307692324 0.6826923076923077 0.36057692307692324 0.6826923076923077
0 0.3317307692307694 0.7043269230769231 0.3004807692307693 0.7043269230769231 0.3004807692307693 0.7259615384615384 0.3317307692307694 0.7259615384615384
0 0.34134615384615397 0.6658653846153846 0.3149038461538463 0.6658653846153846 0.3149038461538463 0.6826923076923077 0.34134615384615397 0.6826923076923077
0 0.32692307692307704 0.6442307692307693 0.2860576923076924 0.6442307692307693 0.2860576923076924 0.6754807692307693 0.32692307692307704 0.6754807692307693
0 0.37259615384615385 0.5072115384615384 0.34134615384615385 0.5072115384615384 0.34134615384615385 0.53125 0.37259615384615385 0.53125
0 0.34134615384615397 0.5745192307692307 0.3125000000000001 0.5745192307692307 0.3125000000000001 0.59375 0.34134615384615397 0.59375
0 0.3605769230769231 0.5288461538461539 0.3245192307692308 0.5288461538461539 0.3245192307692308 0.5504807692307693 0.3605769230769231 0.5504807692307693
0 0.32932692307692324 0.5817307692307693 0.3028846153846155 0.5817307692307693 0.3028846153846155 0.6033653846153846 0.32932692307692324 0.6033653846153846
0 0.34615384615384615 0.5336538461538461 0.31009615384615385 0.5336538461538461 0.31009615384615385 0.5576923076923077 0.34615384615384615 0.5576923076923077
0 0.31009615384615397 0.5961538461538461 0.2740384615384616 0.5961538461538461 0.2740384615384616 0.625 0.31009615384615397 0.625
0 0.3173076923076924 0.5576923076923077 0.29326923076923084 0.5576923076923077 0.29326923076923084 0.5817307692307693 0.31730769230769246 0.5817307692307693
0 0.31971153846153855 0.5432692307692307 0.29807692307692313 0.5432692307692307 0.29807692307692313 0.5649038461538461 0.3197115384615386 0.5649038461538461
0 0.28846153846153855 0.6177884615384616 0.26201923076923084 0.6177884615384616 0.26201923076923084 0.6394230769230769 0.28846153846153855 0.6394230769230769
0 0.2692307692307693 0.6682692307692307 0.2283653846153847 0.6682692307692307 0.2283653846153847 0.6995192307692307 0.2692307692307693 0.6995192307692307
0 0.2692307692307693 0.6322115384615384 0.24278846153846162 0.6322115384615384 0.24278846153846162 0.65625 0.2692307692307693 0.65625
0 0.3269230769230769 0.49278846153846156 0.2908653846153847 0.49278846153846156 0.2908653846153847 0.5216346153846154 0.3269230769230769 0.5216346153846154
0 0.3052884615384616 0.5192307692307693 0.27644230769230776 0.5192307692307693 0.27644230769230776 0.5432692307692307 0.3052884615384616 0.5432692307692307
0 0.2692307692307693 0.6105769230769231 0.2379807692307693 0.6105769230769231 0.2379807692307693 0.6322115384615384 0.2692307692307693 0.6322115384615384
0 0.2788461538461539 0.5600961538461539 0.24519230769230776 0.5600961538461539 0.24519230769230776 0.5865384615384616 0.2788461538461539 0.5865384615384616
0 0.264423076923077 0.5384615384615384 0.22596153846153852 0.5384615384615384 0.22596153846153852 0.5649038461538461 0.264423076923077 0.5649038461538461
0 0.21875000000000006 0.5360576923076923 0.20192307692307698 0.5360576923076923 0.20192307692307698 0.5480769230769231 0.21875000000000006 0.5480769230769231
0 0.7860576923076923 0.23557692307692316 0.7427884615384616 0.23557692307692316 0.7427884615384616 0.26682692307692313 0.7860576923076923 0.26682692307692313