0 0.8004807692307693 0.4615384615384617 0.78125 0.4615384615384617 0.78125 0.4879807692307694 0.8004807692307693 0.4879807692307694
0 0.7331730769230769 0.5649038461538463 0.7139423076923077 0.5649038461538463 0.7139423076923077 0.5937500000000001 0.7331730769230769 0.5937500000000001
0 0.6971153846153846 0.39182692307692324 0.6778846153846154 0.39182692307692324 0.6778846153846154 0.4134615384615386 0.6971153846153846 0.4134615384615386
0 0.5913461538461539 0.4086538461538463 0.5721153846153846 0.4086538461538463 0.5721153846153846 0.43509615384615397 0.5913461538461539 0.43509615384615397
0 0.6634615384615384 0.3677884615384617 0.6418269230769231 0.3677884615384617 0.6418269230769231 0.38942307692307704 0.6634615384615384 0.38942307692307704
0 0.6610576923076923 0.5504807692307694 0.6418269230769231 0.5504807692307694 0.6418269230769231 0.5721153846153848 0.6610576923076923 0.5721153846153848
0 0.6442307692307693 0.5504807692307694 0.625 0.5504807692307694 0.625 0.5721153846153848 0.6442307692307693 0.5721153846153848
0 0.5552884615384616 0.4375 0.5384615384615384 0.4375 0.5384615384615384 0.4567307692307692 0.5552884615384616 0.4567307692307692
0 0.5480769230769231 0.45913461538461536 0.5288461538461539 0.45913461538461536 0.5288461538461539 0.4831730769230769 0.5480769230769231 0.4831730769230769
0 0.5673076923076923 0.4591346153846155 0.5432692307692307 0.45913461538461536 0.5432692307692307 0.4783653846153847 0.5673076923076923 0.47836538461538475
0 0.591346153846154 0.6129807692307694 0.5721153846153848 0.6129807692307694 0.5721153846153848 0.6394230769230769 0.591346153846154 0.6394230769230769
0 0.6418269230769231 0.6586538461538461 0.6225961538461539 0.6586538461538461 0.6225961538461539 0.6923076923076923 0.6418269230769231 0.6923076923076923
0 0.6298076923076923 0.7259615384615384 0.6081730769230771 0.7259615384615384 0.6081730769230771 0.7548076923076923 0.6298076923076923 0.7548076923076923
0 0.5961538461538463 0.7355769230769231 0.574519230769231 0.7355769230769231 0.574519230769231 0.7596153846153846 0.5961538461538463 0.7596153846153846
0 0.5384615384615385 0.6995192307692307 0.5216346153846155 0.6995192307692307 0.5216346153846155 0.7163461538461539 0.5384615384615385 0.7163461538461539
0 0.46875000000000006 0.5504807692307693 0.4519230769230769 0.5504807692307693 0.451923076923077 0.5769230769230769 0.4687500000000001 0.5769230769230769
0 0.46634615384615397 0.5745192307692307 0.4495192307692309 0.5745192307692307 0.4495192307692309 0.5913461538461539 0.46634615384615397 0.5913461538461539
0 0.48317307692307704 0.5865384615384616 0.4567307692307694 0.5865384615384616 0.4567307692307694 0.6225961538461539 0.48317307692307704 0.6225961538461539
0 0.4807692307692309 0.6418269230769231 0.4639423076923078 0.6418269230769231 0.4639423076923078 0.6634615384615384 0.4807692307692309 0.6634615384615384
0 0.4711538461538463 0.6514423076923077 0.4495192307692309 0.6514423076923077 0.4495192307692309 0.6778846153846154 0.4711538461538463 0.6778846153846154
0 0.4567307692307694 0.6346153846153846 0.4302884615384617 0.6346153846153846 0.4302884615384617 0.65625 0.4567307692307694 0.65625
0 0.44711538461538475 0.6129807692307693 0.4254807692307694 0.6129807692307693 0.4254807692307694 0.6346153846153846 0.44711538461538475 0.6346153846153846
0 0.4495192307692309 0.5913461538461539 0.4302884615384617 0.5913461538461539 0.4302884615384617 0.6129807692307693 0.4495192307692309 0.6129807692307693
0 0.42788461538461553 0.6033653846153846 0.4086538461538463 0.6033653846153846 0.4086538461538463 0.6225961538461539 0.42788461538461553 0.6225961538461539
0 0.3942307692307694 0.5817307692307693 0.37259615384615397 0.5817307692307693 0.37259615384615397 0.6081730769230769 0.3942307692307694 0.6081730769230769
0 0.4230769230769231 0.5264423076923077 0.3870192307692308 0.5264423076923077 0.3870192307692308 0.5576923076923077 0.4230769230769231 0.5576923076923077
0 0.42788461538461536 0.4519230769230769 0.40625 0.4519230769230769 0.40625 0.4807692307692308 0.42788461538461536 0.4807692307692308
0 0.45913461538461536 0.3870192307692308 0.4375 0.3870192307692308 0.4375 0.41346153846153844 0.45913461538461536 0.41346153846153844
0 0.4423076923076923 0.3173076923076923 0.4206730769230769 0.3173076923076923 0.4206730769230769 0.3389423076923077 0.4423076923076923 0.3389423076923077
0 0.4206730769230769 0.38221153846153844 0.40384615384615385 0.38221153846153844 0.40384615384615385 0.4014423076923077 0.4206730769230769 0.4014423076923077
0 0.39663461538461536 0.35336538461538464 0.375 0.35336538461538464 0.375 0.3798076923076923 0.39663461538461536 0.3798076923076923
0 0.36778846153846156 0.36778846153846156 0.35096153846153844 0.36778846153846156 0.35096153846153844 0.38461538461538464 0.36778846153846156 0.38461538461538464
0 0.37740384615384615 0.39663461538461536 0.3557692307692308 0.39663461538461536 0.3557692307692308 0.4206730769230769 0.37740384615384615 0.4206730769230769