0 0.7692307692307693 0.24278846153846162 0.7379807692307693 0.24278846153846162 0.7379807692307693 0.2836538461538462 0.7692307692307693 0.2836538461538462
0 0.5456730769230769 0.2548076923076924 0.5072115384615384 0.2548076923076924 0.5072115384615384 0.3028846153846155 0.5456730769230769 0.3028846153846155
0 0.4951923076923077 0.26201923076923084 0.46153846153846156 0.26201923076923084 0.46153846153846156 0.3125 0.4951923076923077 0.3125
0 0.7860576923076923 0.3028846153846155 0.7451923076923077 0.3028846153846155 0.7451923076923077 0.3557692307692309 0.7860576923076923 0.3557692307692309
0 0.8942307692307693 0.32692307692307704 0.8557692307692307 0.32692307692307704 0.8557692307692307 0.3701923076923078 0.8942307692307693 0.3701923076923078
0 0.39663461538461536 0.3389423076923077 0.36538461538461536 0.3389423076923077 0.36538461538461536 0.37259615384615385 0.39663461538461536 0.37259615384615385
0 0.7283653846153846 0.34855769230769246 0.6923076923076923 0.34855769230769246 0.6923076923076923 0.4014423076923078 0.7283653846153846 0.4014423076923078
0 0.4014423076923077 0.3581730769230769 0.37259615384615385 0.3581730769230769 0.37259615384615385 0.3918269230769231 0.4014423076923077 0.3918269230769231
0 0.9471153846153846 0.37980769230769246 0.9134615384615384 0.37980769230769246 0.9134615384615384 0.4086538461538463 0.9471153846153846 0.4086538461538463
0 0.5456730769230769 0.37259615384615385 0.5024038461538461 0.37259615384615385 0.5024038461538461 0.4254807692307692 0.5456730769230769 0.4254807692307692
0 0.9399038461538461 0.40384615384615397 0.9110576923076923 0.40384615384615397 0.9110576923076923 0.4326923076923078 0.9399038461538461 0.4326923076923078
0 0.6081730769230769 0.3942307692307694 0.5793269230769231 0.3942307692307694 0.5793269230769231 0.4326923076923078 0.6081730769230769 0.4326923076923078
0 0.9038461538461539 0.40384615384615397 0.8677884615384616 0.40384615384615397 0.8677884615384616 0.44711538461538475 0.9038461538461539 0.44711538461538475
0 0.46634615384615385 0.40625 0.43509615384615385 0.40625 0.43509615384615385 0.4519230769230769 0.46634615384615385 0.4519230769230769
0 0.5264423076923077 0.4182692307692308 0.5048076923076923 0.4182692307692308 0.5048076923076923 0.4423076923076923 0.5264423076923077 0.4423076923076923
0 0.9615384615384616 0.4326923076923078 0.9350961538461539 0.4326923076923078 0.9350961538461539 0.4639423076923078 0.9615384615384616 0.4639423076923078
0 0.3485576923076923 0.4206730769230769 0.3173076923076923 0.4206730769230769 0.3173076923076923 0.45913461538461536 0.3485576923076923 0.45913461538461536
0 0.5432692307692307 0.43028846153846156 0.5120192307692307 0.43028846153846156 0.5120192307692307 0.4639423076923077 0.5432692307692307 0.4639423076923077
0 0.9711538461538461 0.45432692307692324 0.9447115384615384 0.45432692307692324 0.9447115384615384 0.4807692307692309 0.9711538461538461 0.4807692307692309
0 0.4014423076923077 0.44471153846153844 0.3701923076923077 0.44471153846153844 0.3701923076923077 0.4879807692307692 0.4014423076923077 0.4879807692307692
0 0.5336538461538461 0.44471153846153844 0.5024038461538461 0.44471153846153844 0.5024038461538461 0.49038461538461536 0.5336538461538461 0.49038461538461536
0 0.7235576923076923 0.45432692307692324 0.6850961538461539 0.45432692307692324 0.6850961538461539 0.4951923076923078 0.7235576923076923 0.4951923076923078
0 0.3942307692307692 0.47596153846153844 0.36778846153846156 0.47596153846153844 0.36778846153846156 0.5120192307692307 0.3942307692307692 0.5120192307692307
0 0.6730769230769231 0.47355769230769246 0.6298076923076923 0.47355769230769246 0.6298076923076923 0.5312500000000001 0.6730769230769231 0.5312500000000001
0 0.7403846153846154 0.48317307692307704 0.7019230769230769 0.48317307692307704 0.7019230769230769 0.528846153846154 0.7403846153846154 0.528846153846154
0 0.6298076923076923 0.48557692307692324 0.59375 0.48557692307692324 0.59375 0.5336538461538463 0.6298076923076923 0.5336538461538463
0 0.5264423076923077 0.49759615384615385 0.49278846153846156 0.49759615384615385 0.49278846153846156 0.5408653846153846 0.5264423076923077 0.5408653846153846
0 0.8076923076923077 0.528846153846154 0.7524038461538461 0.528846153846154 0.7524038461538461 0.5961538461538463 0.8076923076923077 0.5961538461538463
0 0.4038461538461539 0.5408653846153846 0.37740384615384615 0.5408653846153846 0.3774038461538462 0.5769230769230769 0.40384615384615397 0.5769230769230769
0 0.5817307692307693 0.5408653846153847 0.5528846153846154 0.5408653846153846 0.5528846153846154 0.576923076923077 0.5817307692307694 0.5769230769230771
0 0.6778846153846154 0.560096153846154 0.6466346153846154 0.560096153846154 0.6466346153846154 0.605769230769231 0.6778846153846154 0.605769230769231
0 0.6201923076923077 0.5817307692307694 0.5865384615384617 0.5817307692307694 0.5865384615384617 0.625 0.6201923076923077 0.625
0 0.543269230769231 0.6009615384615384 0.4951923076923078 0.6009615384615384 0.4951923076923078 0.6634615384615384 0.543269230769231 0.6634615384615384
0 0.7163461538461539 0.6802884615384616 0.6826923076923077 0.6802884615384616 0.6826923076923077 0.7259615384615384 0.7163461538461539 0.7259615384615384
0 0.5625000000000001 0.6826923076923077 0.528846153846154 0.6826923076923077 0.528846153846154 0.7259615384615384 0.5625000000000001 0.7259615384615384