0 0.41346153846153844 0.2716346153846155 0.3870192307692308 0.2716346153846155 0.3870192307692308 0.29807692307692313 0.41346153846153844 0.29807692307692313
0 0.4735576923076923 0.2716346153846155 0.44711538461538464 0.2716346153846155 0.44711538461538464 0.3052884615384616 0.4735576923076923 0.3052884615384616
0 0.32211538461538464 0.3245192307692308 0.3004807692307693 0.3245192307692308 0.3004807692307693 0.3557692307692308 0.32211538461538464 0.3557692307692308
0 0.5216346153846154 0.31490384615384615 0.5 0.31490384615384615 0.5 0.3389423076923077 0.5216346153846154 0.3389423076923077
0 0.35096153846153844 0.35096153846153844 0.3245192307692308 0.35096153846153844 0.3245192307692308 0.38221153846153844 0.35096153846153844 0.38221153846153844
0 0.5384615384615384 0.34615384615384615 0.5192307692307693 0.34615384615384615 0.5192307692307693 0.36778846153846156 0.5384615384615384 0.36778846153846156
0 0.5985576923076923 0.3365384615384617 0.5745192307692307 0.3365384615384617 0.5745192307692307 0.36057692307692324 0.5985576923076923 0.36057692307692324
0 0.33413461538461536 0.4014423076923077 0.3125 0.4014423076923077 0.3125 0.4254807692307692 0.33413461538461536 0.4254807692307692
0 0.4423076923076923 0.37740384615384615 0.4206730769230769 0.37740384615384615 0.4206730769230769 0.40625 0.4423076923076923 0.40625
0 0.49038461538461536 0.37740384615384615 0.47115384615384615 0.37740384615384615 0.47115384615384615 0.4014423076923077 0.49038461538461536 0.4014423076923077
0 0.35096153846153844 0.41346153846153844 0.3293269230769231 0.41346153846153844 0.3293269230769231 0.4375 0.35096153846153844 0.4375
0 0.3894230769230769 0.4182692307692308 0.3701923076923077 0.4182692307692308 0.3701923076923077 0.44471153846153844 0.3894230769230769 0.44471153846153844
0 0.31490384615384615 0.4375 0.2908653846153847 0.4375 0.2908653846153847 0.4639423076923077 0.31490384615384615 0.4639423076923077
0 0.6009615384615384 0.37980769230769246 0.5841346153846154 0.37980769230769246 0.5841346153846154 0.3942307692307694 0.6009615384615384 0.3942307692307694
0 0.6057692307692307 0.3870192307692309 0.5841346153846154 0.3870192307692309 0.5841346153846154 0.4086538461538463 0.6057692307692307 0.4086538461538463
0 0.5360576923076923 0.4110576923076923 0.5216346153846154 0.4110576923076923 0.5216346153846154 0.42788461538461536 0.5360576923076923 0.42788461538461536
0 0.4879807692307692 0.43509615384615385 0.4639423076923077 0.43509615384615385 0.4639423076923077 0.46153846153846156 0.4879807692307692 0.46153846153846156
0 0.34375 0.4831730769230769 0.31971153846153844 0.4831730769230769 0.31971153846153844 0.5120192307692307 0.34375 0.5120192307692307
0 0.4230769230769231 0.4735576923076923 0.4014423076923077 0.4735576923076923 0.4014423076923077 0.4951923076923077 0.4230769230769231 0.4951923076923077
0 0.6850961538461539 0.4182692307692309 0.6538461538461539 0.4182692307692309 0.6538461538461539 0.45192307692307704 0.6850961538461539 0.45192307692307704
0 0.47596153846153844 0.46634615384615385 0.4543269230769231 0.46634615384615385 0.4543269230769231 0.4951923076923077 0.47596153846153844 0.4951923076923077
0 0.6322115384615384 0.4375000000000001 0.6105769230769231 0.4375000000000001 0.6105769230769231 0.4615384615384617 0.6322115384615384 0.4615384615384617
0 0.5432692307692307 0.46153846153846156 0.5216346153846154 0.46153846153846156 0.5216346153846154 0.4831730769230769 0.5432692307692307 0.4831730769230769
0 0.3389423076923077 0.5168269230769231 0.3125 0.5168269230769231 0.3125 0.5480769230769231 0.3389423076923077 0.5480769230769231
0 0.4639423076923077 0.5096153846153846 0.4423076923076923 0.5096153846153846 0.4423076923076923 0.5336538461538461 0.4639423076923077 0.5336538461538461
0 0.3365384615384616 0.5432692307692307 0.3173076923076923 0.5432692307692307 0.3173076923076924 0.5697115384615384 0.3365384615384617 0.5697115384615384
0 0.36057692307692324 0.5697115384615384 0.3365384615384617 0.5697115384615384 0.3365384615384617 0.59375 0.36057692307692324 0.59375
0 0.5264423076923077 0.5432692307692307 0.5024038461538461 0.5432692307692307 0.5024038461538463 0.5697115384615384 0.5264423076923078 0.5697115384615384
0 0.7115384615384616 0.49759615384615397 0.6899038461538461 0.49759615384615397 0.6899038461538461 0.5312500000000001 0.7115384615384616 0.5312500000000001
0 0.4687500000000001 0.5649038461538461 0.4447115384615386 0.5649038461538461 0.4447115384615386 0.5889423076923077 0.4687500000000001 0.5889423076923077
0 0.35336538461538475 0.59375 0.32692307692307704 0.59375 0.32692307692307704 0.6322115384615384 0.35336538461538475 0.6322115384615384
0 0.5384615384615385 0.5576923076923077 0.5192307692307693 0.5576923076923077 0.5192307692307693 0.5769230769230769 0.5384615384615385 0.5769230769230769
0 0.3990384615384617 0.5961538461538461 0.37980769230769246 0.5961538461538461 0.37980769230769246 0.6201923076923077 0.3990384615384617 0.6201923076923077
0 0.3750000000000001 0.6057692307692307 0.3557692307692309 0.6057692307692307 0.3557692307692309 0.625 0.3750000000000001 0.625
0 0.4399038461538463 0.6033653846153846 0.4134615384615386 0.6033653846153846 0.4134615384615386 0.6322115384615384 0.4399038461538463 0.6322115384615384
0 0.40384615384615397 0.6201923076923077 0.3822115384615386 0.6201923076923077 0.3822115384615386 0.6442307692307693 0.40384615384615397 0.6442307692307693
0 0.6081730769230771 0.5841346153846155 0.5841346153846155 0.5841346153846155 0.5841346153846155 0.6081730769230771 0.6081730769230771 0.6081730769230771
0 0.4447115384615386 0.6274038461538461 0.4182692307692309 0.6274038461538461 0.4182692307692309 0.6538461538461539 0.4447115384615386 0.6538461538461539
0 0.49038461538461553 0.6586538461538461 0.4687500000000001 0.6586538461538461 0.4687500000000001 0.6826923076923077 0.49038461538461553 0.6826923076923077
0 0.4014423076923078 0.6802884615384616 0.37980769230769246 0.6802884615384616 0.37980769230769246 0.7019230769230769 0.4014423076923078 0.7019230769230769
0 0.4375000000000001 0.7019230769230769 0.41586538461538475 0.7019230769230769 0.41586538461538475 0.7283653846153846 0.4375000000000001 0.7283653846153846
0 0.3990384615384617 0.7307692307692307 0.3774038461538463 0.7307692307692307 0.3774038461538463 0.7596153846153846 0.3990384615384617 0.7596153846153846