0 0.96875 0.4399038461538463 0.8509615384615384 0.4399038461538463 0.8509615384615384 0.5216346153846155 0.96875 0.5216346153846155
0 0.8365384615384616 0.6153846153846154 0.6778846153846154 0.6153846153846154 0.6778846153846154 0.7211538461538461 0.8365384615384616 0.7211538461538461
0 0.9014423076923077 0.08413461538461549 0.7644230769230769 0.08413461538461549 0.7644230769230769 0.18028846153846165 0.9014423076923077 0.18028846153846168
0 0.5937500000000001 0.8653846153846154 0.4495192307692309 0.8653846153846154 0.4495192307692309 0.9615384615384616 0.5937500000000001 0.9615384615384616
0 0.6586538461538461 0.4471153846153847 0.5264423076923077 0.44711538461538464 0.5264423076923077 0.545673076923077 0.6586538461538461 0.5456730769230771
0 0.5937500000000001 0.6490384615384616 0.4711538461538463 0.6490384615384616 0.4711538461538463 0.7355769230769231 0.5937500000000001 0.7355769230769231
0 0.6490384615384616 0.2860576923076924 0.5288461538461539 0.2860576923076924 0.5288461538461539 0.3774038461538462 0.6490384615384616 0.3774038461538463
0 0.6826923076923077 0.0865384615384616 0.5721153846153846 0.0865384615384616 0.5721153846153846 0.17788461538461545 0.6826923076923077 0.17788461538461545
0 0.5745192307692307 0.3413461538461539 0.46634615384615385 0.34134615384615385 0.46634615384615385 0.4278846153846155 0.5745192307692307 0.42788461538461553
0 0.53125 0.41586538461538464 0.4014423076923077 0.41586538461538464 0.4014423076923077 0.5072115384615384 0.53125 0.5072115384615384
0 0.48557692307692324 0.6394230769230769 0.3437500000000001 0.6394230769230769 0.3437500000000001 0.7283653846153846 0.48557692307692324 0.7283653846153846
0 0.5721153846153846 0.2716346153846155 0.4206730769230769 0.2716346153846155 0.4206730769230769 0.37500000000000006 0.5721153846153846 0.3750000000000001
0 0.5216346153846155 0.5625 0.3197115384615386 0.5625 0.3197115384615386 0.6875 0.5216346153846155 0.6875
0 1 0.22836538461538475 0.9519230769230769 0.22836538461538475 0.9519230769230769 0.3125000000000001 1 0.3125000000000001
0 0.5360576923076923 5.828847745941728e-17 0.41586538461538464 5.0928821214541367e-17 0.41586538461538464 0.03846153846153852 0.5360576923076923 0.03846153846153853
0 1 0.3629807692307694 0.8846153846153846 0.3629807692307694 0.8846153846153846 0.47836538461538475 1 0.47836538461538475
0 0.9302884615384616 0.8293269230769231 0.8173076923076923 0.8293269230769231 0.8173076923076923 0.9206730769230769 0.9302884615384616 0.9206730769230769
0 0.9350961538461539 0.7884615384615384 0.7788461538461539 0.7884615384615384 0.7788461538461539 0.8942307692307693 0.9350961538461539 0.8942307692307693
0 0.34375 3.562073622519946e-17 0.23798076923076922 2.914423872970865e-17 0.23798076923076922 0.02884615384615388 0.34375 0.02884615384615389
0 0.09615384615384626 0.7139423076923077 0.007211538461538549 0.7139423076923077 0.007211538461538555 0.8100961538461539 0.09615384615384626 0.8100961538461539
0 0.9230769230769231 0.8629807692307693 0.8245192307692307 0.8629807692307693 0.8245192307692307 0.9350961538461539 0.9230769230769231 0.9350961538461539