0 0.8317307692307693 0.5841346153846155 0.8004807692307693 0.5841346153846155 0.8004807692307693 0.6105769230769232 0.8317307692307693 0.6105769230769232
0 0.8052884615384616 0.49759615384615397 0.7668269230769231 0.49759615384615397 0.7668269230769231 0.528846153846154 0.8052884615384616 0.528846153846154
0 0.7932692307692307 0.5384615384615385 0.7451923076923077 0.5384615384615385 0.7451923076923077 0.5721153846153848 0.7932692307692307 0.5721153846153848
0 0.7427884615384616 0.6538461538461539 0.7019230769230769 0.6538461538461539 0.7019230769230769 0.6754807692307693 0.7427884615384616 0.6754807692307693
0 0.7740384615384616 0.48317307692307704 0.7403846153846154 0.48317307692307704 0.7403846153846154 0.5096153846153848 0.7740384615384616 0.5096153846153848
0 0.7403846153846154 0.6009615384615385 0.7019230769230769 0.6009615384615385 0.7019230769230769 0.6418269230769231 0.7403846153846154 0.6418269230769231
0 0.7379807692307693 0.5528846153846155 0.7067307692307693 0.5528846153846155 0.7067307692307693 0.5769230769230771 0.7379807692307693 0.5769230769230771
0 0.7451923076923077 0.42067307692307704 0.7115384615384616 0.42067307692307704 0.7115384615384616 0.4447115384615386 0.7451923076923077 0.4447115384615386
0 0.7067307692307693 0.574519230769231 0.6658653846153846 0.574519230769231 0.6658653846153846 0.5961538461538463 0.7067307692307693 0.5961538461538463
0 0.6778846153846154 0.6418269230769231 0.6466346153846154 0.6418269230769231 0.6466346153846154 0.6658653846153846 0.6778846153846154 0.6658653846153846
0 0.6995192307692307 0.5576923076923078 0.6586538461538461 0.5576923076923078 0.6586538461538461 0.5769230769230771 0.6995192307692307 0.5769230769230771
0 0.7211538461538461 0.4326923076923078 0.6850961538461539 0.4326923076923078 0.6850961538461539 0.4615384615384617 0.7211538461538461 0.4615384615384617
0 0.9615384615384616 0.7043269230769231 0.8846153846153846 0.7043269230769231 0.8846153846153846 0.7836538461538461 0.9615384615384616 0.7836538461538461
0 0.6778846153846154 0.5000000000000001 0.6466346153846154 0.5000000000000001 0.6466346153846154 0.5240384615384617 0.6778846153846154 0.5240384615384617
0 0.6538461538461539 0.5937500000000001 0.625 0.5937500000000001 0.625 0.6081730769230771 0.6538461538461539 0.6081730769230771
0 0.6875 0.38942307692307704 0.6490384615384616 0.38942307692307704 0.6490384615384616 0.4254807692307694 0.6875 0.4254807692307694
0 0.6778846153846154 0.42788461538461553 0.6370192307692307 0.42788461538461553 0.6370192307692307 0.4495192307692309 0.6778846153846154 0.4495192307692309
0 0.6634615384615384 0.4375000000000001 0.6322115384615384 0.4375000000000001 0.6322115384615384 0.4615384615384617 0.6634615384615384 0.4615384615384617
0 0.5865384615384617 0.7355769230769231 0.5552884615384617 0.7355769230769231 0.5552884615384617 0.7596153846153846 0.5865384615384617 0.7596153846153846
0 0.6153846153846154 0.5889423076923078 0.5841346153846155 0.5889423076923078 0.5841346153846155 0.6129807692307694 0.6153846153846154 0.6129807692307694
0 0.6490384615384616 0.39663461538461553 0.6153846153846154 0.39663461538461553 0.6153846153846154 0.4182692307692309 0.6490384615384616 0.4182692307692309
0 0.6370192307692307 0.4254807692307694 0.6057692307692307 0.4254807692307694 0.6057692307692307 0.4495192307692309 0.6370192307692307 0.4495192307692309
0 0.574519230769231 0.6778846153846154 0.543269230769231 0.6778846153846154 0.543269230769231 0.7019230769230769 0.574519230769231 0.7019230769230769
0 0.5889423076923078 0.591346153846154 0.560096153846154 0.591346153846154 0.560096153846154 0.6129807692307694 0.5889423076923078 0.6129807692307694
0 0.5985576923076923 0.46634615384615397 0.5673076923076923 0.46634615384615397 0.5673076923076923 0.48317307692307704 0.5985576923076923 0.48317307692307704
0 0.6153846153846154 0.36538461538461553 0.5841346153846154 0.36538461538461553 0.5841346153846154 0.3870192307692309 0.6153846153846154 0.3870192307692309
0 0.59375 0.4375000000000001 0.5649038461538461 0.4375000000000001 0.5649038461538461 0.4567307692307694 0.59375 0.4567307692307694
0 0.5745192307692307 0.5168269230769231 0.5456730769230769 0.5168269230769231 0.5456730769230769 0.5384615384615385 0.5745192307692307 0.5384615384615385
0 0.5793269230769231 0.4663461538461539 0.5528846153846154 0.46634615384615385 0.5528846153846154 0.4879807692307693 0.5793269230769231 0.4879807692307694
0 0.5625 0.5048076923076924 0.5288461538461539 0.5048076923076923 0.5288461538461539 0.5360576923076924 0.5625 0.5360576923076924
0 0.528846153846154 0.6466346153846154 0.49759615384615397 0.6466346153846154 0.49759615384615397 0.6802884615384616 0.528846153846154 0.6802884615384616
0 0.5312500000000001 0.5625 0.5024038461538463 0.5625 0.5024038461538463 0.5793269230769231 0.5312500000000001 0.5793269230769231
0 0.5360576923076923 0.44711538461538464 0.5024038461538461 0.44711538461538464 0.5024038461538461 0.47115384615384615 0.5360576923076923 0.47115384615384615
0 0.5216346153846154 0.39663461538461536 0.49278846153846156 0.39663461538461536 0.49278846153846156 0.41586538461538464 0.5216346153846154 0.41586538461538464
0 0.5264423076923077 0.375 0.49759615384615385 0.375 0.49759615384615385 0.3942307692307692 0.5264423076923077 0.3942307692307692
0 0.5216346153846154 0.29326923076923084 0.4855769230769231 0.29326923076923084 0.4855769230769231 0.31490384615384615 0.5216346153846154 0.31490384615384615
0 0.45192307692307704 0.5769230769230769 0.42067307692307704 0.5769230769230769 0.42067307692307704 0.6057692307692307 0.45192307692307704 0.6057692307692307
0 0.4831730769230769 0.3605769230769231 0.44471153846153844 0.3605769230769231 0.44471153846153844 0.3894230769230769 0.4831730769230769 0.3894230769230769
0 0.47836538461538464 0.31490384615384615 0.44711538461538464 0.31490384615384615 0.44711538461538464 0.3389423076923077 0.47836538461538464 0.3389423076923077
0 0.46153846153846156 0.20432692307692316 0.43028846153846156 0.20432692307692316 0.43028846153846156 0.23557692307692316 0.46153846153846156 0.23557692307692316
0 0.34134615384615385 0.4639423076923077 0.31009615384615385 0.4639423076923077 0.31009615384615385 0.4879807692307692 0.34134615384615385 0.4879807692307692