0 0.35336538461538475 0.6201923076923077 0.2788461538461539 0.6201923076923077 0.2788461538461539 0.6634615384615384 0.35336538461538475 0.6634615384615384
0 0.4206730769230769 0.22596153846153852 0.37259615384615385 0.22596153846153852 0.37259615384615385 0.2596153846153847 0.4206730769230769 0.2596153846153847
0 0.3437500000000001 0.6586538461538461 0.29807692307692313 0.6586538461538461 0.29807692307692313 0.6899038461538461 0.3437500000000001 0.6899038461538461
0 0.4375 0.2067307692307693 0.3942307692307692 0.2067307692307693 0.3942307692307692 0.23557692307692316 0.4375 0.23557692307692316
0 0.4254807692307692 0.35336538461538464 0.3629807692307692 0.35336538461538464 0.3629807692307692 0.39663461538461536 0.4254807692307692 0.39663461538461536
0 0.47836538461538464 0.20432692307692316 0.42788461538461536 0.20432692307692316 0.42788461538461536 0.24278846153846162 0.47836538461538464 0.24278846153846162
0 0.44711538461538464 0.40384615384615385 0.3870192307692308 0.40384615384615385 0.3870192307692308 0.43509615384615385 0.44711538461538464 0.43509615384615385
0 0.5096153846153846 0.2716346153846155 0.46153846153846156 0.2716346153846155 0.46153846153846156 0.3052884615384616 0.5096153846153846 0.3052884615384616
0 0.49278846153846156 0.37740384615384615 0.43028846153846156 0.37740384615384615 0.43028846153846156 0.4182692307692308 0.49278846153846156 0.4182692307692308
0 0.41586538461538475 0.7451923076923077 0.3677884615384617 0.7451923076923077 0.3677884615384617 0.78125 0.41586538461538475 0.78125
0 0.5480769230769231 0.12980769230769237 0.4855769230769231 0.12980769230769237 0.4855769230769231 0.17307692307692316 0.5480769230769231 0.17307692307692316
0 0.4951923076923077 0.44471153846153844 0.42788461538461536 0.44471153846153844 0.42788461538461536 0.4855769230769231 0.4951923076923077 0.4855769230769231
0 0.5697115384615384 0.09855769230769237 0.5 0.09855769230769237 0.5 0.13701923076923084 0.5697115384615384 0.13701923076923084
0 0.4735576923076924 0.5408653846153846 0.4110576923076923 0.5408653846153846 0.4110576923076924 0.5865384615384616 0.47355769230769246 0.5865384615384616
0 0.53125 0.2836538461538462 0.4831730769230769 0.2836538461538462 0.4831730769230769 0.31971153846153844 0.53125 0.31971153846153844
0 0.49759615384615385 0.4807692307692308 0.44471153846153844 0.4807692307692308 0.44471153846153844 0.5168269230769231 0.49759615384615385 0.5168269230769231
0 0.5216346153846154 0.5 0.4639423076923077 0.5 0.4639423076923077 0.5408653846153846 0.5216346153846154 0.5408653846153846
0 0.48557692307692324 0.7211538461538461 0.42788461538461553 0.7211538461538461 0.42788461538461553 0.7596153846153846 0.48557692307692324 0.7596153846153846
0 0.5745192307692307 0.33894230769230776 0.5120192307692307 0.3389423076923077 0.5120192307692307 0.3846153846153847 0.5745192307692307 0.38461538461538475
0 0.6418269230769231 0.17067307692307698 0.5793269230769231 0.17067307692307698 0.5793269230769231 0.21153846153846162 0.6418269230769231 0.21153846153846162
0 0.625 0.2596153846153847 0.5697115384615384 0.2596153846153847 0.5697115384615384 0.3028846153846155 0.625 0.3028846153846155
0 0.6057692307692307 0.46875000000000006 0.5168269230769231 0.46875 0.5168269230769231 0.514423076923077 0.6057692307692307 0.5144230769230771
0 0.6658653846153846 0.15625000000000006 0.6105769230769231 0.15625000000000006 0.6105769230769231 0.19230769230769237 0.6658653846153846 0.19230769230769237
0 0.6802884615384616 0.03846153846153854 0.6274038461538461 0.03846153846153853 0.6274038461538461 0.0817307692307693 0.6802884615384616 0.0817307692307693
0 0.5336538461538463 0.7451923076923077 0.4759615384615386 0.7451923076923077 0.4759615384615386 0.7788461538461539 0.5336538461538463 0.7788461538461539
0 0.6658653846153846 0.1971153846153847 0.6153846153846154 0.1971153846153847 0.6153846153846154 0.22596153846153852 0.6658653846153846 0.22596153846153852
0 0.5937500000000001 0.6105769230769231 0.5336538461538463 0.6105769230769231 0.5336538461538463 0.6490384615384616 0.5937500000000001 0.6490384615384616
0 0.6274038461538461 0.5552884615384616 0.5504807692307693 0.5552884615384616 0.5504807692307693 0.6009615384615385 0.6274038461538461 0.6009615384615385
0 0.6971153846153846 0.18750000000000006 0.6490384615384616 0.18750000000000006 0.6490384615384616 0.22355769230769237 0.6971153846153846 0.22355769230769237
0 0.7451923076923077 0.21875000000000006 0.6802884615384616 0.21875000000000006 0.6802884615384616 0.25721153846153855 0.7451923076923077 0.25721153846153855
0 0.7668269230769231 0.08173076923076933 0.7235576923076923 0.08173076923076933 0.7235576923076923 0.11538461538461549 0.7668269230769231 0.11538461538461549
0 0.6802884615384616 0.5216346153846155 0.6129807692307693 0.5216346153846155 0.6129807692307693 0.5625000000000001 0.6802884615384616 0.5625000000000001
0 0.7307692307692307 0.41105769230769246 0.6586538461538461 0.41105769230769246 0.6586538461538461 0.4615384615384617 0.7307692307692307 0.4615384615384617
0 0.7932692307692307 0.17788461538461545 0.7355769230769231 0.17788461538461545 0.7355769230769231 0.21153846153846162 0.7932692307692307 0.21153846153846162
0 0.8677884615384616 0.10817307692307702 0.8149038461538461 0.10817307692307702 0.8149038461538461 0.14182692307692318 0.8677884615384616 0.14182692307692318
0 0.8677884615384616 0.3774038461538463 0.8028846153846154 0.3774038461538463 0.8028846153846154 0.41586538461538475 0.8677884615384616 0.41586538461538475
0 0.9182692307692307 0.16105769230769246 0.8557692307692307 0.16105769230769246 0.8557692307692307 0.2043269230769232 0.9182692307692307 0.2043269230769232
0 0.9543269230769231 0.38461538461538475 0.8701923076923077 0.38461538461538475 0.8701923076923077 0.44230769230769246 0.9543269230769231 0.44230769230769246