0 0.1850961538461539 0.5144230769230769 0.12019230769230776 0.5144230769230769 0.12019230769230776 0.5528846153846154 0.1850961538461539 0.5528846153846154
0 0.22596153846153852 0.46153846153846156 0.1850961538461539 0.46153846153846156 0.1850961538461539 0.49038461538461536 0.22596153846153852 0.49038461538461536
0 0.23076923076923084 0.5841346153846154 0.1850961538461539 0.5841346153846154 0.1850961538461539 0.6105769230769231 0.23076923076923084 0.6105769230769231
0 0.26682692307692313 0.3918269230769231 0.21153846153846162 0.3918269230769231 0.21153846153846162 0.42788461538461536 0.26682692307692313 0.42788461538461536
0 0.2740384615384616 0.35096153846153844 0.2283653846153847 0.35096153846153844 0.2283653846153847 0.3798076923076923 0.2740384615384616 0.3798076923076923
0 0.2716346153846155 0.5120192307692307 0.21153846153846162 0.5120192307692307 0.21153846153846162 0.5504807692307693 0.2716346153846155 0.5504807692307693
0 0.295673076923077 0.41586538461538464 0.25721153846153855 0.41586538461538464 0.25721153846153855 0.43990384615384615 0.295673076923077 0.43990384615384615
0 0.31009615384615385 0.43509615384615385 0.2692307692307693 0.43509615384615385 0.2692307692307693 0.4639423076923077 0.31009615384615385 0.4639423076923077
0 0.3125 0.3942307692307692 0.2788461538461539 0.3942307692307692 0.2788461538461539 0.4206730769230769 0.3125 0.4206730769230769
0 0.3197115384615386 0.6153846153846154 0.2596153846153847 0.6153846153846154 0.2596153846153847 0.6442307692307693 0.3197115384615386 0.6442307692307693
0 0.3389423076923077 0.28846153846153855 0.29807692307692313 0.28846153846153855 0.29807692307692313 0.3173076923076923 0.3389423076923077 0.3173076923076923
0 0.3293269230769231 0.3798076923076923 0.29326923076923084 0.3798076923076923 0.29326923076923084 0.40384615384615385 0.3293269230769231 0.40384615384615385
0 0.31730769230769246 0.5625 0.27644230769230776 0.5625 0.27644230769230776 0.5913461538461539 0.31730769230769246 0.5913461538461539
0 0.35096153846153844 0.31971153846153844 0.31009615384615385 0.31971153846153844 0.31009615384615385 0.34375 0.35096153846153844 0.34375
0 0.35336538461538464 0.43028846153846156 0.31971153846153844 0.43028846153846156 0.31971153846153844 0.4567307692307692 0.35336538461538464 0.4567307692307692
0 0.3798076923076923 0.3581730769230769 0.3245192307692308 0.3581730769230769 0.3245192307692308 0.3870192307692308 0.3798076923076923 0.3870192307692308
0 0.3629807692307694 0.6634615384615384 0.3125000000000001 0.6634615384615384 0.3125000000000001 0.6971153846153846 0.3629807692307694 0.6971153846153846
0 0.4254807692307692 0.31009615384615385 0.36778846153846156 0.31009615384615385 0.36778846153846156 0.3389423076923077 0.4254807692307692 0.3389423076923077
0 0.4326923076923077 0.3293269230769231 0.3870192307692308 0.3293269230769231 0.3870192307692308 0.3485576923076923 0.4326923076923077 0.3485576923076923
0 0.44471153846153844 0.40625 0.3942307692307692 0.40625 0.3942307692307692 0.4423076923076923 0.44471153846153844 0.4423076923076923
0 0.46875 0.31490384615384615 0.41346153846153844 0.31490384615384615 0.41346153846153844 0.34615384615384615 0.46875 0.34615384615384615
0 0.49038461538461536 0.3798076923076923 0.4375 0.3798076923076923 0.4375 0.40865384615384615 0.49038461538461536 0.40865384615384615
0 0.5096153846153846 0.40865384615384615 0.4735576923076923 0.40865384615384615 0.4735576923076923 0.43509615384615385 0.5096153846153846 0.43509615384615385
0 0.5024038461538463 0.6057692307692307 0.44711538461538475 0.6057692307692307 0.44711538461538475 0.6442307692307693 0.5024038461538463 0.6442307692307693
0 0.5552884615384616 0.29807692307692313 0.49278846153846156 0.29807692307692313 0.49278846153846156 0.33413461538461536 0.5552884615384616 0.33413461538461536
0 0.5312500000000001 0.5360576923076923 0.4735576923076923 0.5360576923076923 0.4735576923076924 0.5673076923076923 0.5312500000000001 0.5673076923076923
0 0.5408653846153846 0.4831730769230769 0.4807692307692308 0.4831730769230769 0.4807692307692308 0.5168269230769231 0.5408653846153846 0.5168269230769231
0 0.5432692307692307 0.3629807692307692 0.5048076923076923 0.3629807692307692 0.5048076923076923 0.3918269230769231 0.5432692307692307 0.3918269230769231
0 0.5769230769230769 0.37500000000000006 0.5360576923076923 0.375 0.5360576923076923 0.3990384615384616 0.5769230769230769 0.3990384615384617
0 0.5865384615384616 0.34375000000000006 0.5360576923076923 0.34375 0.5360576923076923 0.3774038461538462 0.5865384615384616 0.3774038461538463
0 0.5745192307692307 0.5048076923076924 0.5360576923076923 0.5048076923076923 0.5360576923076923 0.5336538461538463 0.5745192307692307 0.5336538461538463
0 0.5937500000000001 0.5552884615384616 0.5432692307692307 0.5552884615384616 0.5432692307692308 0.5889423076923077 0.5937500000000001 0.5889423076923078
0 0.6394230769230769 0.3125000000000001 0.5985576923076923 0.3125000000000001 0.5985576923076923 0.34134615384615397 0.6394230769230769 0.34134615384615397
0 0.6682692307692307 0.39182692307692324 0.6129807692307693 0.39182692307692324 0.6129807692307693 0.42788461538461553 0.6682692307692307 0.42788461538461553
0 0.6658653846153846 0.4302884615384617 0.625 0.4302884615384617 0.625 0.4567307692307694 0.6658653846153846 0.4567307692307694
0 0.6802884615384616 0.3822115384615386 0.6394230769230769 0.3822115384615386 0.6394230769230769 0.41105769230769246 0.6802884615384616 0.41105769230769246
0 0.7740384615384616 0.4951923076923078 0.7379807692307693 0.4951923076923078 0.7379807692307693 0.5240384615384617 0.7740384615384616 0.5240384615384617
0 0.8028846153846154 0.5240384615384617 0.7596153846153846 0.5240384615384617 0.7596153846153846 0.5504807692307694 0.8028846153846154 0.5504807692307694
0 0.8533653846153846 0.36057692307692324 0.8197115384615384 0.36057692307692324 0.8197115384615384 0.38461538461538475 0.8533653846153846 0.38461538461538475