0 0.4423076923076923 0.26201923076923084 0.4182692307692308 0.26201923076923084 0.4182692307692308 0.2860576923076924 0.4423076923076923 0.2860576923076924
0 0.5 0.2692307692307693 0.47596153846153844 0.2692307692307693 0.47596153846153844 0.3004807692307693 0.5 0.3004807692307693
0 0.34375 0.3004807692307693 0.3293269230769231 0.3004807692307693 0.3293269230769231 0.3269230769230769 0.34375 0.3269230769230769
0 0.5432692307692307 0.31971153846153844 0.5240384615384616 0.31971153846153844 0.5240384615384616 0.34134615384615385 0.5432692307692307 0.34134615384615385
0 0.3701923076923077 0.3293269230769231 0.34615384615384615 0.3293269230769231 0.34615384615384615 0.3605769230769231 0.3701923076923077 0.3605769230769231
0 0.5576923076923077 0.35096153846153844 0.5384615384615384 0.35096153846153844 0.5384615384615384 0.37259615384615385 0.5576923076923077 0.37259615384615385
0 0.6153846153846154 0.3509615384615386 0.59375 0.3509615384615386 0.59375 0.37259615384615397 0.6153846153846154 0.37259615384615397
0 0.34615384615384615 0.3798076923076923 0.3245192307692308 0.3798076923076923 0.3245192307692308 0.4014423076923077 0.34615384615384615 0.4014423076923077
0 0.4567307692307692 0.3701923076923077 0.4375 0.3701923076923077 0.4375 0.39663461538461536 0.4567307692307692 0.39663461538461536
0 0.5072115384615384 0.37740384615384615 0.49038461538461536 0.37740384615384615 0.49038461538461536 0.39903846153846156 0.5072115384615384 0.39903846153846156
0 0.3605769230769231 0.3918269230769231 0.34134615384615385 0.3918269230769231 0.34134615384615385 0.41346153846153844 0.3605769230769231 0.41346153846153844
0 0.39903846153846156 0.4014423076923077 0.38221153846153844 0.4014423076923077 0.38221153846153844 0.42788461538461536 0.39903846153846156 0.42788461538461536
0 0.3245192307692308 0.41346153846153844 0.3028846153846155 0.41346153846153844 0.3028846153846155 0.4375 0.3245192307692308 0.4375
0 0.6153846153846154 0.3942307692307694 0.6009615384615384 0.3942307692307694 0.6009615384615384 0.4086538461538463 0.6153846153846154 0.4086538461538463
0 0.6177884615384616 0.4014423076923078 0.5985576923076923 0.4014423076923078 0.5985576923076923 0.42067307692307704 0.6177884615384616 0.42067307692307704
0 0.5456730769230769 0.41586538461538464 0.5336538461538461 0.41586538461538464 0.5336538461538461 0.43028846153846156 0.5456730769230769 0.43028846153846156
0 0.49278846153846156 0.43509615384615385 0.4735576923076923 0.43509615384615385 0.4735576923076923 0.45913461538461536 0.49278846153846156 0.45913461538461536
0 0.34375 0.46153846153846156 0.32211538461538464 0.46153846153846156 0.32211538461538464 0.4879807692307692 0.34375 0.4879807692307692
0 0.4230769230769231 0.46153846153846156 0.40384615384615385 0.46153846153846156 0.40384615384615385 0.4807692307692308 0.4230769230769231 0.4807692307692308
0 0.6899038461538461 0.4447115384615386 0.6634615384615384 0.4447115384615386 0.6634615384615384 0.47355769230769246 0.6899038461538461 0.47355769230769246
0 0.47836538461538464 0.46153846153846156 0.45913461538461536 0.46153846153846156 0.45913461538461536 0.49038461538461536 0.47836538461538464 0.49038461538461536
0 0.6370192307692307 0.45432692307692324 0.6177884615384616 0.45432692307692324 0.6177884615384616 0.4759615384615386 0.6370192307692307 0.4759615384615386
0 0.5456730769230769 0.46875 0.5264423076923077 0.46875 0.5264423076923077 0.4855769230769231 0.5456730769230769 0.4855769230769231
0 0.33413461538461536 0.49278846153846156 0.31009615384615385 0.49278846153846156 0.31009615384615385 0.5240384615384616 0.33413461538461536 0.5240384615384616
0 0.46153846153846156 0.5048076923076923 0.4423076923076923 0.5048076923076923 0.4423076923076923 0.5240384615384616 0.46153846153846156 0.5240384615384616
0 0.3317307692307692 0.5216346153846154 0.3125 0.5216346153846154 0.3125 0.5456730769230769 0.3317307692307692 0.5456730769230769
0 0.3485576923076924 0.5480769230769231 0.3269230769230769 0.5480769230769231 0.326923076923077 0.5697115384615384 0.34855769230769246 0.5697115384615384
0 0.5168269230769231 0.5480769230769231 0.4951923076923077 0.5480769230769231 0.49519230769230776 0.5697115384615384 0.5168269230769232 0.5697115384615384
0 0.7043269230769231 0.5264423076923078 0.6875 0.5264423076923078 0.6875 0.5576923076923078 0.7043269230769231 0.5576923076923078
0 0.4567307692307694 0.5600961538461539 0.43509615384615397 0.5600961538461539 0.43509615384615397 0.5817307692307693 0.4567307692307694 0.5817307692307693
0 0.3365384615384617 0.5721153846153846 0.3149038461538463 0.5721153846153846 0.3149038461538463 0.6057692307692307 0.3365384615384617 0.6057692307692307
0 0.5264423076923078 0.5625 0.5096153846153848 0.5625 0.5096153846153848 0.5793269230769231 0.5264423076923078 0.5793269230769231
0 0.38461538461538475 0.5817307692307693 0.3677884615384617 0.5817307692307693 0.3677884615384617 0.6033653846153846 0.38461538461538475 0.6033653846153846
0 0.36057692307692324 0.5865384615384616 0.3437500000000001 0.5865384615384616 0.3437500000000001 0.6033653846153846 0.36057692307692324 0.6033653846153846
0 0.42307692307692324 0.59375 0.3990384615384617 0.59375 0.3990384615384617 0.6201923076923077 0.42307692307692324 0.6201923076923077
0 0.38461538461538475 0.6033653846153846 0.36538461538461553 0.6033653846153846 0.36538461538461553 0.6225961538461539 0.38461538461538475 0.6225961538461539
0 0.5937500000000001 0.5961538461538463 0.5721153846153848 0.5961538461538463 0.5721153846153848 0.6177884615384616 0.5937500000000001 0.6177884615384616
0 0.42307692307692324 0.6153846153846154 0.4014423076923078 0.6153846153846154 0.4014423076923078 0.6394230769230769 0.42307692307692324 0.6394230769230769
0 0.46634615384615397 0.6538461538461539 0.4447115384615386 0.6538461538461539 0.4447115384615386 0.6754807692307693 0.46634615384615397 0.6754807692307693
0 0.3774038461538463 0.6634615384615384 0.3557692307692309 0.6634615384615384 0.3557692307692309 0.6826923076923077 0.3774038461538463 0.6826923076923077
0 0.4062500000000001 0.6899038461538461 0.3870192307692309 0.6899038461538461 0.3870192307692309 0.7163461538461539 0.4062500000000001 0.7163461538461539
0 0.36538461538461553 0.7139423076923077 0.3461538461538463 0.7139423076923077 0.3461538461538463 0.7379807692307693 0.36538461538461553 0.7379807692307693