0 0.7115384615384616 0.5312500000000001 0.6826923076923077 0.5312500000000001 0.6826923076923077 0.5480769230769232 0.7115384615384616 0.5480769230769232
0 0.6947115384615384 0.4687500000000001 0.6706730769230769 0.4687500000000001 0.6706730769230769 0.4879807692307694 0.6947115384615384 0.4879807692307694
0 0.6875 0.42788461538461553 0.6514423076923077 0.42788461538461553 0.6514423076923077 0.4447115384615386 0.6875 0.4447115384615386
0 0.6514423076923077 0.4134615384615386 0.6418269230769231 0.4134615384615386 0.6418269230769231 0.42067307692307704 0.6514423076923077 0.42067307692307704
0 0.6706730769230769 0.5240384615384617 0.6514423076923077 0.5240384615384617 0.6514423076923077 0.5360576923076924 0.6706730769230769 0.5360576923076924
0 0.6730769230769231 0.5456730769230771 0.6442307692307693 0.5456730769230771 0.6442307692307693 0.5649038461538463 0.6730769230769231 0.5649038461538463
0 0.6394230769230769 0.3774038461538463 0.6129807692307693 0.3774038461538463 0.6129807692307693 0.39663461538461553 0.6394230769230769 0.39663461538461553
0 0.6610576923076923 0.5336538461538463 0.6370192307692307 0.5336538461538463 0.6370192307692307 0.5504807692307694 0.6610576923076923 0.5504807692307694
0 0.6394230769230769 0.5096153846153848 0.6153846153846154 0.5096153846153848 0.6153846153846154 0.5264423076923078 0.6394230769230769 0.5264423076923078
0 0.6177884615384616 0.49038461538461553 0.5913461538461539 0.49038461538461553 0.5913461538461539 0.5096153846153848 0.6177884615384616 0.5096153846153848
0 0.6225961538461539 0.5673076923076924 0.5937500000000001 0.5673076923076924 0.5937500000000001 0.5841346153846155 0.6225961538461539 0.5841346153846155
0 0.6081730769230769 0.5168269230769232 0.5793269230769231 0.5168269230769232 0.5793269230769231 0.5336538461538463 0.6081730769230769 0.5336538461538463
0 0.5913461538461539 0.47355769230769246 0.5625 0.47355769230769246 0.5625 0.48557692307692324 0.5913461538461539 0.48557692307692324
0 0.5793269230769231 0.43269230769230776 0.5480769230769231 0.4326923076923077 0.5480769230769231 0.451923076923077 0.5793269230769231 0.45192307692307704
0 0.6009615384615385 0.5528846153846155 0.5673076923076923 0.5528846153846155 0.5673076923076924 0.5721153846153848 0.6009615384615385 0.5721153846153848
0 0.5865384615384616 0.49519230769230776 0.5576923076923077 0.4951923076923077 0.5576923076923077 0.514423076923077 0.5865384615384616 0.5144230769230771
0 0.5889423076923078 0.5673076923076924 0.560096153846154 0.5673076923076924 0.560096153846154 0.5889423076923078 0.5889423076923078 0.5889423076923078
0 0.5649038461538463 0.545673076923077 0.5408653846153846 0.5456730769230769 0.5408653846153847 0.560096153846154 0.5649038461538463 0.560096153846154
0 0.5625000000000001 0.5841346153846154 0.5384615384615385 0.5841346153846154 0.5384615384615385 0.6009615384615385 0.5625000000000001 0.6009615384615385
0 0.5576923076923077 0.5552884615384616 0.5288461538461539 0.5552884615384616 0.528846153846154 0.5697115384615384 0.5576923076923078 0.5697115384615384
0 0.5432692307692307 0.5288461538461539 0.5144230769230769 0.5288461538461539 0.5144230769230769 0.5456730769230769 0.5432692307692307 0.5456730769230769
0 0.5240384615384616 0.44471153846153844 0.49278846153846156 0.44471153846153844 0.49278846153846156 0.4639423076923077 0.5240384615384616 0.4639423076923077
0 0.5384615384615384 0.5240384615384616 0.5024038461538461 0.5240384615384616 0.5024038461538461 0.5408653846153846 0.5384615384615384 0.5408653846153846
0 0.5144230769230769 0.4807692307692308 0.49278846153846156 0.4807692307692308 0.49278846153846156 0.49759615384615385 0.5144230769230769 0.49759615384615385
0 0.5192307692307694 0.5697115384615384 0.48557692307692324 0.5697115384615384 0.48557692307692324 0.5889423076923077 0.5192307692307694 0.5889423076923077
0 0.49759615384615385 0.49278846153846156 0.46634615384615385 0.49278846153846156 0.46634615384615385 0.5144230769230769 0.49759615384615385 0.5144230769230769
0 0.4879807692307692 0.4543269230769231 0.4543269230769231 0.4543269230769231 0.4543269230769231 0.47115384615384615 0.4879807692307692 0.47115384615384615
0 0.4879807692307692 0.5240384615384616 0.4567307692307692 0.5240384615384616 0.4567307692307692 0.5408653846153846 0.4879807692307692 0.5408653846153846
0 0.47115384615384615 0.5096153846153846 0.44711538461538464 0.5096153846153846 0.44711538461538464 0.5264423076923077 0.47115384615384615 0.5264423076923077
0 0.4711538461538462 0.5432692307692307 0.44471153846153844 0.5432692307692307 0.44471153846153855 0.5600961538461539 0.4711538461538463 0.5600961538461539
0 0.4495192307692309 0.5673076923076923 0.4134615384615386 0.5673076923076923 0.4134615384615386 0.5865384615384616 0.4495192307692309 0.5865384615384616
0 0.4399038461538463 0.5865384615384616 0.4086538461538463 0.5865384615384616 0.4086538461538463 0.6033653846153846 0.4399038461538463 0.6033653846153846
0 0.40384615384615385 0.4879807692307692 0.3798076923076923 0.4879807692307692 0.3798076923076923 0.5024038461538461 0.40384615384615385 0.5024038461538461
0 0.40625 0.4951923076923077 0.375 0.4951923076923077 0.375 0.5144230769230769 0.40625 0.5144230769230769
0 0.4110576923076924 0.5504807692307693 0.36538461538461536 0.5504807692307693 0.3653846153846155 0.5721153846153846 0.41105769230769246 0.5721153846153846
0 0.40384615384615397 0.5697115384615384 0.36057692307692324 0.5697115384615384 0.36057692307692324 0.5913461538461539 0.40384615384615397 0.5913461538461539
0 0.3701923076923078 0.5985576923076923 0.34134615384615397 0.5985576923076923 0.34134615384615397 0.6153846153846154 0.3701923076923078 0.6153846153846154
0 0.3317307692307692 0.5288461538461539 0.3004807692307693 0.5288461538461539 0.3004807692307693 0.5456730769230769 0.3317307692307692 0.5456730769230769