0 0.2836538461538462 0.5649038461538461 0.23317307692307698 0.5649038461538461 0.23317307692307698 0.6105769230769231 0.2836538461538462 0.6105769230769231
0 0.3317307692307694 0.6418269230769231 0.2836538461538462 0.6418269230769231 0.2836538461538462 0.6802884615384616 0.3317307692307694 0.6802884615384616
0 0.3052884615384616 0.5264423076923077 0.25721153846153855 0.5264423076923077 0.25721153846153855 0.5673076923076923 0.3052884615384616 0.5673076923076923
0 0.2740384615384616 0.46153846153846156 0.2379807692307693 0.46153846153846156 0.2379807692307693 0.49038461538461536 0.2740384615384616 0.49038461538461536
0 0.36057692307692324 0.5961538461538461 0.3149038461538463 0.5961538461538461 0.3149038461538463 0.6346153846153846 0.36057692307692324 0.6346153846153846
0 0.4326923076923078 0.6490384615384616 0.38942307692307704 0.6490384615384616 0.38942307692307704 0.6875 0.4326923076923078 0.6875
0 0.37019230769230776 0.5288461538461539 0.32211538461538464 0.5288461538461539 0.3221153846153847 0.5673076923076923 0.3701923076923078 0.5673076923076923
0 0.40625000000000006 0.5552884615384616 0.35336538461538464 0.5552884615384616 0.3533653846153847 0.6009615384615384 0.4062500000000001 0.6009615384615384
0 0.4375000000000001 0.6033653846153846 0.3942307692307694 0.6033653846153846 0.3942307692307694 0.6394230769230769 0.4375000000000001 0.6394230769230769
0 0.4254807692307694 0.5889423076923077 0.38942307692307704 0.5889423076923077 0.38942307692307704 0.6201923076923077 0.4254807692307694 0.6201923076923077
0 0.29807692307692313 0.33653846153846156 0.24278846153846162 0.33653846153846156 0.24278846153846162 0.38461538461538464 0.29807692307692313 0.38461538461538464
0 0.2788461538461539 0.2860576923076923 0.2379807692307693 0.2860576923076923 0.2379807692307693 0.32211538461538464 0.2788461538461539 0.32211538461538464
0 0.37740384615384615 0.4254807692307692 0.3269230769230769 0.4254807692307692 0.3269230769230769 0.4639423076923077 0.37740384615384615 0.4639423076923077
0 0.4254807692307692 0.5 0.38221153846153844 0.5 0.38221153846153844 0.5384615384615384 0.4254807692307692 0.5384615384615384
0 0.5865384615384617 0.7427884615384616 0.5480769230769232 0.7427884615384616 0.5480769230769232 0.7764423076923077 0.5865384615384617 0.7764423076923077
0 0.3701923076923077 0.3629807692307692 0.3389423076923077 0.3629807692307692 0.3389423076923077 0.3942307692307692 0.3701923076923077 0.3942307692307692
0 0.47596153846153844 0.49759615384615385 0.43028846153846156 0.49759615384615385 0.43028846153846156 0.5432692307692307 0.47596153846153844 0.5432692307692307
0 0.5192307692307694 0.59375 0.48557692307692324 0.59375 0.48557692307692324 0.6225961538461539 0.5192307692307694 0.6225961538461539
0 0.375 0.29326923076923084 0.31490384615384615 0.29326923076923084 0.31490384615384615 0.34615384615384615 0.375 0.34615384615384615
0 0.3629807692307692 0.2860576923076924 0.3173076923076923 0.2860576923076924 0.3173076923076923 0.3269230769230769 0.3629807692307692 0.3269230769230769
0 0.47596153846153844 0.46875 0.43990384615384615 0.46875 0.43990384615384615 0.5024038461538461 0.47596153846153844 0.5024038461538461
0 0.44471153846153844 0.4014423076923077 0.40625 0.4014423076923077 0.40625 0.43028846153846156 0.44471153846153844 0.43028846153846156
0 0.4639423076923077 0.40625 0.4254807692307692 0.40625 0.4254807692307692 0.43990384615384615 0.4639423076923077 0.43990384615384615
0 0.38461538461538464 0.23317307692307698 0.3557692307692308 0.23317307692307698 0.3557692307692308 0.26201923076923084 0.38461538461538464 0.26201923076923084
0 0.5576923076923077 0.5096153846153846 0.5216346153846154 0.5096153846153846 0.5216346153846154 0.5408653846153846 0.5576923076923077 0.5408653846153846
0 0.65625 0.6899038461538461 0.6298076923076923 0.6899038461538461 0.6298076923076923 0.7139423076923077 0.65625 0.7139423076923077
0 0.6442307692307693 0.6274038461538461 0.5985576923076924 0.6274038461538461 0.5985576923076924 0.6682692307692307 0.6442307692307693 0.6682692307692307
0 0.6009615384615385 0.545673076923077 0.5552884615384616 0.5456730769230769 0.5552884615384616 0.5841346153846154 0.6009615384615385 0.5841346153846155
0 0.49759615384615385 0.3581730769230769 0.4519230769230769 0.3581730769230769 0.4519230769230769 0.39663461538461536 0.49759615384615385 0.39663461538461536
0 0.44471153846153844 0.25721153846153855 0.3942307692307692 0.25721153846153855 0.3942307692307692 0.3004807692307693 0.44471153846153844 0.3004807692307693
0 0.41586538461538464 0.18990384615384623 0.38221153846153844 0.18990384615384623 0.38221153846153844 0.22115384615384623 0.41586538461538464 0.22115384615384623
0 0.4326923076923077 0.1754807692307693 0.39663461538461536 0.1754807692307693 0.39663461538461536 0.20913461538461545 0.4326923076923077 0.20913461538461545
0 0.5865384615384616 0.4350961538461539 0.5432692307692307 0.43509615384615385 0.5432692307692307 0.4711538461538462 0.5865384615384616 0.4711538461538463
0 0.47596153846153844 0.25000000000000006 0.4423076923076923 0.25000000000000006 0.4423076923076923 0.27644230769230776 0.47596153846153844 0.27644230769230776
0 0.5 0.264423076923077 0.4519230769230769 0.264423076923077 0.4519230769230769 0.31490384615384615 0.5 0.31490384615384615
0 0.5841346153846154 0.420673076923077 0.5456730769230769 0.4206730769230769 0.5456730769230769 0.451923076923077 0.5841346153846154 0.45192307692307704
0 0.5528846153846154 0.3293269230769231 0.5024038461538461 0.3293269230769231 0.5024038461538461 0.3701923076923077 0.5528846153846154 0.3701923076923077
0 0.6225961538461539 0.36538461538461553 0.5649038461538461 0.36538461538461553 0.5649038461538461 0.41105769230769246 0.6225961538461539 0.41105769230769246
0 0.5673076923076923 0.19471153846153852 0.5264423076923077 0.19471153846153852 0.5264423076923077 0.23076923076923084 0.5673076923076923 0.23076923076923084
0 0.5697115384615384 0.1538461538461539 0.5360576923076923 0.1538461538461539 0.5360576923076923 0.18028846153846162 0.5697115384615384 0.18028846153846162
0 0.5552884615384616 0.06009615384615392 0.5120192307692307 0.06009615384615392 0.5120192307692307 0.09615384615384623 0.5552884615384616 0.09615384615384623
0 0.6418269230769231 0.1177884615384616 0.5913461538461539 0.1177884615384616 0.5913461538461539 0.16105769230769237 0.6418269230769231 0.16105769230769237
0 0.9014423076923077 0.42067307692307704 0.8629807692307693 0.42067307692307704 0.8629807692307693 0.45192307692307704 0.9014423076923077 0.45192307692307704