0 0.8341346153846154 0.3942307692307694 0.7908653846153846 0.3942307692307694 0.7908653846153846 0.4302884615384617 0.8341346153846154 0.4302884615384617
0 0.7716346153846154 0.3750000000000001 0.7331730769230769 0.3750000000000001 0.7331730769230769 0.41105769230769246 0.7716346153846154 0.41105769230769246
0 0.7596153846153846 0.4399038461538463 0.71875 0.4399038461538463 0.71875 0.4711538461538463 0.7596153846153846 0.4711538461538463
0 0.7668269230769231 0.23557692307692316 0.7235576923076923 0.23557692307692316 0.7235576923076923 0.2692307692307693 0.7668269230769231 0.2692307692307693
0 0.7043269230769231 0.45432692307692324 0.6586538461538461 0.45432692307692324 0.6586538461538461 0.48557692307692324 0.7043269230769231 0.48557692307692324
0 0.71875 0.3389423076923078 0.6754807692307693 0.3389423076923078 0.6754807692307693 0.3774038461538463 0.71875 0.3774038461538463
0 0.6586538461538461 0.45913461538461553 0.6081730769230769 0.45913461538461553 0.6081730769230769 0.5000000000000001 0.6586538461538461 0.5000000000000001
0 0.6274038461538461 0.5625000000000001 0.5793269230769232 0.5625000000000001 0.5793269230769232 0.5985576923076924 0.6274038461538461 0.5985576923076924
0 0.6153846153846154 0.41105769230769246 0.5745192307692307 0.41105769230769246 0.5745192307692307 0.4399038461538463 0.6153846153846154 0.4399038461538463
0 0.6081730769230769 0.4254807692307694 0.5697115384615384 0.4254807692307694 0.5697115384615384 0.45432692307692324 0.6081730769230769 0.45432692307692324
0 0.59375 0.514423076923077 0.5408653846153846 0.5144230769230769 0.5408653846153846 0.5528846153846154 0.59375 0.5528846153846155
0 0.6009615384615384 0.2788461538461539 0.5649038461538461 0.2788461538461539 0.5649038461538461 0.3125000000000001 0.6009615384615384 0.3125000000000001
0 0.5360576923076924 0.5673076923076923 0.4927884615384617 0.5673076923076923 0.4927884615384617 0.6057692307692307 0.5360576923076924 0.6057692307692307
0 0.5096153846153848 0.6177884615384616 0.4615384615384617 0.6177884615384616 0.4615384615384617 0.6514423076923077 0.5096153846153848 0.6514423076923077
0 0.5288461538461539 0.5144230769230769 0.47115384615384615 0.5144230769230769 0.47115384615384615 0.5552884615384616 0.5288461538461539 0.5552884615384616
0 0.5192307692307693 0.5096153846153846 0.4855769230769231 0.5096153846153846 0.4855769230769231 0.5336538461538461 0.5192307692307693 0.5336538461538461
0 0.48317307692307704 0.5913461538461539 0.4399038461538463 0.5913461538461539 0.4399038461538463 0.6225961538461539 0.48317307692307704 0.6225961538461539
0 0.45432692307692324 0.6009615384615384 0.4086538461538463 0.6009615384615384 0.4086538461538463 0.6370192307692307 0.45432692307692324 0.6370192307692307
0 0.4879807692307692 0.34615384615384615 0.44471153846153844 0.34615384615384615 0.44471153846153844 0.3798076923076923 0.4879807692307692 0.3798076923076923
0 0.44951923076923084 0.5264423076923077 0.39903846153846156 0.5264423076923077 0.3990384615384616 0.5600961538461539 0.4495192307692309 0.5600961538461539
0 0.4855769230769231 0.3052884615384616 0.43028846153846156 0.3052884615384616 0.43028846153846156 0.34375 0.4855769230769231 0.34375
0 0.40384615384615397 0.5817307692307693 0.3750000000000001 0.5817307692307693 0.3750000000000001 0.6033653846153846 0.40384615384615397 0.6033653846153846
0 0.4326923076923077 0.4639423076923077 0.3798076923076923 0.4639423076923077 0.3798076923076923 0.4951923076923077 0.4326923076923077 0.4951923076923077
0 0.42788461538461536 0.3173076923076923 0.3798076923076923 0.3173076923076923 0.3798076923076923 0.3557692307692308 0.42788461538461536 0.3557692307692308
0 0.39663461538461536 0.34615384615384615 0.3581730769230769 0.34615384615384615 0.3581730769230769 0.37740384615384615 0.39663461538461536 0.37740384615384615
0 0.4014423076923077 0.31490384615384615 0.34134615384615385 0.31490384615384615 0.34134615384615385 0.3557692307692308 0.4014423076923077 0.3557692307692308
0 0.32932692307692313 0.5552884615384616 0.29326923076923084 0.5552884615384616 0.29326923076923084 0.5865384615384616 0.32932692307692324 0.5865384615384616
0 0.31730769230769246 0.5841346153846154 0.2788461538461539 0.5841346153846154 0.2788461538461539 0.6201923076923077 0.31730769230769246 0.6201923076923077
0 0.3173076923076923 0.46634615384615385 0.2548076923076924 0.46634615384615385 0.2548076923076924 0.5096153846153846 0.3173076923076923 0.5096153846153846
0 0.3485576923076923 0.16105769230769237 0.31009615384615385 0.16105769230769237 0.31009615384615385 0.19471153846153852 0.3485576923076923 0.19471153846153852
0 0.295673076923077 0.5408653846153846 0.2379807692307693 0.5408653846153846 0.2379807692307693 0.5841346153846154 0.295673076923077 0.5841346153846154
0 0.2860576923076924 0.43990384615384615 0.24278846153846162 0.43990384615384615 0.24278846153846162 0.4735576923076923 0.2860576923076924 0.4735576923076923
0 0.2908653846153847 0.3942307692307692 0.2524038461538462 0.3942307692307692 0.2524038461538462 0.4254807692307692 0.2908653846153847 0.4254807692307692
0 0.28125000000000006 0.41586538461538464 0.24278846153846162 0.41586538461538464 0.24278846153846162 0.44711538461538464 0.28125000000000006 0.44711538461538464
0 0.22596153846153852 0.5649038461538461 0.17788461538461545 0.5649038461538461 0.17788461538461545 0.6033653846153846 0.22596153846153852 0.6033653846153846
0 0.2692307692307692 0.12500000000000003 0.20432692307692307 0.12500000000000003 0.20432692307692307 0.17548076923076922 0.2692307692307692 0.17548076923076922
0 0.2067307692307693 0.45913461538461536 0.15144230769230776 0.45913461538461536 0.15144230769230776 0.5048076923076923 0.2067307692307693 0.5048076923076923
0 0.15625000000000006 0.5408653846153846 0.12019230769230776 0.5408653846153846 0.12019230769230776 0.5697115384615384 0.15625000000000006 0.5697115384615384
0 0.14663461538461545 0.4495192307692308 0.09615384615384623 0.4495192307692308 0.09615384615384623 0.4951923076923077 0.14663461538461545 0.4951923076923077
0 0.1875 0.1466346153846154 0.1370192307692308 0.1466346153846154 0.1370192307692308 0.1875 0.1875 0.1875