0 0.7043269230769231 0.07451923076923085 0.6418269230769231 0.07451923076923085 0.6418269230769231 0.18269230769230776 0.7043269230769231 0.18269230769230776
0 0.4855769230769231 0.1225961538461539 0.4014423076923077 0.12259615384615388 0.4014423076923077 0.2740384615384616 0.4855769230769231 0.2740384615384616
0 1 0.2620192307692309 0.9278846153846154 0.2620192307692309 0.9278846153846154 0.3942307692307694 1 0.3942307692307694
0 0.1634615384615385 0.25961538461538464 0.08653846153846158 0.25961538461538464 0.08653846153846158 0.39663461538461536 0.16346153846153852 0.39663461538461536
0 0.5769230769230769 0.35576923076923084 0.5 0.3557692307692308 0.5 0.4783653846153847 0.5769230769230769 0.47836538461538475
0 0.37259615384615385 0.3389423076923077 0.29807692307692313 0.3389423076923077 0.29807692307692313 0.4567307692307692 0.37259615384615385 0.4567307692307692
0 0.7259615384615384 0.42788461538461553 0.6514423076923077 0.42788461538461553 0.6514423076923077 0.5408653846153848 0.7259615384615384 0.5408653846153848
0 0.9278846153846154 0.4687500000000001 0.8509615384615384 0.4687500000000001 0.8509615384615384 0.5721153846153848 0.9278846153846154 0.5721153846153848
0 0.6514423076923077 0.4759615384615386 0.5817307692307693 0.4759615384615386 0.5817307692307693 0.5721153846153848 0.6514423076923077 0.5721153846153848
0 0.5649038461538463 0.483173076923077 0.4855769230769231 0.4831730769230769 0.48557692307692313 0.608173076923077 0.5649038461538463 0.6081730769230771
0 0.3365384615384616 0.44471153846153844 0.26201923076923084 0.44471153846153844 0.26201923076923084 0.5793269230769231 0.3365384615384617 0.5793269230769231
0 0.7067307692307693 0.49759615384615397 0.6225961538461539 0.49759615384615397 0.6225961538461539 0.6418269230769231 0.7067307692307693 0.6418269230769231
0 0.3990384615384616 0.43509615384615385 0.3125 0.43509615384615385 0.31250000000000006 0.6201923076923077 0.3990384615384617 0.6201923076923077
0 0.9399038461538461 0.05048076923076934 0.8725961538461539 0.050480769230769336 0.8725961538461539 0.1682692307692309 0.9399038461538461 0.1682692307692309
0 0.9831730769230769 0.6538461538461539 0.9278846153846154 0.6538461538461539 0.9278846153846154 0.7668269230769231 0.9831730769230769 0.7668269230769231
0 0.1466346153846154 1.2658608741186585e-17 0.06009615384615385 7.359656244875921e-18 0.060096153846153855 0.08894230769230771 0.1466346153846154 0.08894230769230772
0 0.7956730769230769 0.026442307692307782 0.6971153846153846 0.02644230769230778 0.6971153846153846 0.17307692307692316 0.7956730769230769 0.17307692307692316
0 0.3293269230769231 3.576792935009697e-17 0.2548076923076923 3.1204942478273906e-17 0.2548076923076923 0.06490384615384619 0.3293269230769231 0.06490384615384619
0 0.3605769230769231 3.900617809784238e-17 0.2764423076923077 3.3854418726429234e-17 0.2764423076923077 0.11538461538461542 0.3605769230769231 0.11538461538461542
0 0.9302884615384616 0.8389423076923077 0.8677884615384616 0.8389423076923077 0.8677884615384616 0.9399038461538461 0.9302884615384616 0.9399038461538461
0 0.13221153846153857 0.78125 0.04326923076923087 0.78125 0.04326923076923087 0.8581730769230769 0.13221153846153857 0.8581730769230769
0 0.3004807692307692 3.341283935173668e-17 0.24519230769230768 3.0027397479093755e-17 0.24519230769230768 0.048076923076923114 0.3004807692307692 0.048076923076923114