0 0.2908653846153847 0.41346153846153844 0.25721153846153855 0.41346153846153844 0.25721153846153855 0.44711538461538464 0.2908653846153847 0.44711538461538464
0 0.3028846153846155 0.47596153846153844 0.26682692307692313 0.47596153846153844 0.26682692307692313 0.5048076923076923 0.3028846153846155 0.5048076923076923
0 0.3317307692307692 0.32211538461538464 0.29807692307692313 0.32211538461538464 0.29807692307692313 0.35096153846153844 0.3317307692307692 0.35096153846153844
0 0.34615384615384615 0.5216346153846154 0.3173076923076923 0.5216346153846154 0.3173076923076923 0.5456730769230769 0.34615384615384615 0.5456730769230769
0 0.3605769230769231 0.34375 0.3293269230769231 0.34375 0.3293269230769231 0.375 0.3605769230769231 0.375
0 0.37500000000000006 0.5360576923076923 0.35096153846153844 0.5360576923076923 0.35096153846153855 0.5600961538461539 0.3750000000000001 0.5600961538461539
0 0.3750000000000001 0.5913461538461539 0.3461538461538463 0.5913461538461539 0.3461538461538463 0.6201923076923077 0.3750000000000001 0.6201923076923077
0 0.40384615384615385 0.3245192307692308 0.37740384615384615 0.3245192307692308 0.37740384615384615 0.34615384615384615 0.40384615384615385 0.34615384615384615
0 0.39903846153846156 0.4326923076923077 0.36778846153846156 0.4326923076923077 0.36778846153846156 0.46153846153846156 0.39903846153846156 0.46153846153846156
0 0.4014423076923077 0.4855769230769231 0.375 0.4855769230769231 0.375 0.5072115384615384 0.4014423076923077 0.5072115384615384
0 0.4182692307692308 0.3389423076923077 0.3894230769230769 0.3389423076923077 0.3894230769230769 0.36538461538461536 0.4182692307692308 0.36538461538461536
0 0.4326923076923077 0.3798076923076923 0.4014423076923077 0.3798076923076923 0.4014423076923077 0.40384615384615385 0.4326923076923077 0.40384615384615385
0 0.43990384615384615 0.295673076923077 0.40865384615384615 0.295673076923077 0.40865384615384615 0.3269230769230769 0.43990384615384615 0.3269230769230769
0 0.41105769230769246 0.5985576923076923 0.3942307692307694 0.5985576923076923 0.3942307692307694 0.6177884615384616 0.41105769230769246 0.6177884615384616
0 0.4254807692307694 0.59375 0.4014423076923078 0.59375 0.4014423076923078 0.6201923076923077 0.4254807692307694 0.6201923076923077
0 0.43509615384615385 0.53125 0.41346153846153844 0.53125 0.41346153846153844 0.5480769230769231 0.43509615384615385 0.5480769230769231
0 0.46153846153846156 0.46875 0.43028846153846156 0.46875 0.43028846153846156 0.49759615384615385 0.46153846153846156 0.49759615384615385
0 0.49278846153846156 0.31971153846153844 0.45913461538461536 0.31971153846153844 0.45913461538461536 0.35096153846153844 0.49278846153846156 0.35096153846153844
0 0.4855769230769231 0.4014423076923077 0.45913461538461536 0.4014423076923077 0.45913461538461536 0.42788461538461536 0.4855769230769231 0.42788461538461536
0 0.4807692307692309 0.6586538461538461 0.4399038461538463 0.6586538461538461 0.4399038461538463 0.6971153846153846 0.4807692307692309 0.6971153846153846
0 0.49278846153846156 0.4543269230769231 0.46153846153846156 0.4543269230769231 0.46153846153846156 0.4831730769230769 0.49278846153846156 0.4831730769230769
0 0.4807692307692309 0.6153846153846154 0.45432692307692324 0.6153846153846154 0.45432692307692324 0.6370192307692307 0.4807692307692309 0.6370192307692307
0 0.49038461538461536 0.5240384615384616 0.46634615384615385 0.5240384615384616 0.46634615384615385 0.5504807692307693 0.49038461538461536 0.5504807692307693
0 0.5264423076923077 0.3076923076923077 0.49038461538461536 0.3076923076923077 0.49038461538461536 0.3389423076923077 0.5264423076923077 0.3389423076923077
0 0.5288461538461539 0.4375 0.5024038461538461 0.4375 0.5024038461538461 0.4639423076923077 0.5288461538461539 0.4639423076923077
0 0.5480769230769231 0.31009615384615385 0.5192307692307693 0.31009615384615385 0.5192307692307693 0.33413461538461536 0.5480769230769231 0.33413461538461536
0 0.5745192307692307 0.32451923076923084 0.5456730769230769 0.3245192307692308 0.5456730769230769 0.35096153846153855 0.5745192307692307 0.3509615384615386
0 0.5721153846153846 0.4927884615384616 0.5432692307692307 0.49278846153846156 0.5432692307692307 0.5216346153846154 0.5721153846153846 0.5216346153846155
0 0.560096153846154 0.6826923076923077 0.5240384615384617 0.6826923076923077 0.5240384615384617 0.7115384615384616 0.560096153846154 0.7115384615384616
0 0.5841346153846154 0.43269230769230776 0.5576923076923077 0.4326923076923077 0.5576923076923077 0.4591346153846155 0.5841346153846154 0.45913461538461553
0 0.6129807692307693 0.31009615384615397 0.5697115384615384 0.31009615384615397 0.5697115384615384 0.3437500000000001 0.6129807692307693 0.3437500000000001
0 0.5817307692307693 0.5072115384615385 0.5600961538461539 0.5072115384615385 0.5600961538461539 0.528846153846154 0.5817307692307693 0.528846153846154
0 0.6057692307692307 0.3629807692307694 0.5793269230769231 0.3629807692307694 0.5793269230769231 0.3870192307692309 0.6057692307692307 0.3870192307692309
0 0.6057692307692307 0.34134615384615397 0.5841346153846154 0.34134615384615397 0.5841346153846154 0.3629807692307694 0.6057692307692307 0.3629807692307694
0 0.6225961538461539 0.39663461538461553 0.5913461538461539 0.39663461538461553 0.5913461538461539 0.42788461538461553 0.6225961538461539 0.42788461538461553
0 0.6274038461538461 0.3629807692307694 0.6009615384615384 0.3629807692307694 0.6009615384615384 0.38942307692307704 0.6274038461538461 0.38942307692307704
0 0.6201923076923077 0.5697115384615385 0.5937500000000001 0.5697115384615385 0.5937500000000001 0.5961538461538463 0.6201923076923077 0.5961538461538463
0 0.6442307692307693 0.39663461538461553 0.6129807692307693 0.39663461538461553 0.6129807692307693 0.42788461538461553 0.6442307692307693 0.42788461538461553
0 0.6778846153846154 0.44230769230769246 0.6514423076923077 0.44230769230769246 0.6514423076923077 0.4687500000000001 0.6778846153846154 0.4687500000000001
0 0.6875 0.35336538461538475 0.6610576923076923 0.35336538461538475 0.6610576923076923 0.37980769230769246 0.6875 0.37980769230769246
0 0.71875 0.3822115384615386 0.6875 0.3822115384615386 0.6875 0.41105769230769246 0.71875 0.41105769230769246
0 0.7427884615384616 0.34134615384615397 0.7115384615384616 0.34134615384615397 0.7115384615384616 0.3701923076923078 0.7427884615384616 0.3701923076923078