0 0.5456730769230771 0.9110576923076923 0.49038461538461553 0.9110576923076923 0.49038461538461553 0.9855769230769231 0.5456730769230771 0.9855769230769231
0 0.6658653846153846 0.96875 0.6177884615384616 0.96875 0.6177884615384616 1 0.6658653846153846 1
0 0.7836538461538461 0.2836538461538462 0.7163461538461539 0.2836538461538462 0.7163461538461539 0.38461538461538475 0.7836538461538461 0.38461538461538475
0 0.6298076923076923 0.31009615384615397 0.5649038461538461 0.31009615384615397 0.5649038461538461 0.39663461538461553 0.6298076923076923 0.39663461538461553
0 0.9134615384615384 0.3822115384615386 0.8725961538461539 0.3822115384615386 0.8725961538461539 0.4495192307692309 0.9134615384615384 0.4495192307692309
0 0.5625 0.32451923076923084 0.5072115384615384 0.3245192307692308 0.5072115384615384 0.3990384615384616 0.5625 0.3990384615384617
0 0.3028846153846155 0.31009615384615385 0.24519230769230776 0.31009615384615385 0.24519230769230776 0.38461538461538464 0.3028846153846155 0.38461538461538464
0 0.9423076923076923 0.4134615384615386 0.8894230769230769 0.4134615384615386 0.8894230769230769 0.49038461538461553 0.9423076923076923 0.49038461538461553
0 0.5168269230769231 0.3798076923076923 0.4639423076923077 0.3798076923076923 0.4639423076923077 0.43990384615384615 0.5168269230769231 0.43990384615384615
0 0.9086538461538461 0.4254807692307694 0.8365384615384616 0.4254807692307694 0.8365384615384616 0.5240384615384617 0.9086538461538461 0.5240384615384617
0 0.8052884615384616 0.42788461538461553 0.7451923076923077 0.42788461538461553 0.7451923076923077 0.5096153846153848 0.8052884615384616 0.5096153846153848
0 0.7283653846153846 0.4254807692307694 0.6706730769230769 0.4254807692307694 0.6706730769230769 0.49038461538461553 0.7283653846153846 0.49038461538461553
0 0.35336538461538464 0.4014423076923077 0.2836538461538462 0.4014423076923077 0.2836538461538462 0.4951923076923077 0.35336538461538464 0.4951923076923077
0 0.8822115384615384 0.49038461538461553 0.8269230769230769 0.49038461538461553 0.8269230769230769 0.574519230769231 0.8822115384615384 0.574519230769231
0 0.7908653846153846 0.49038461538461553 0.7355769230769231 0.49038461538461553 0.7355769230769231 0.5673076923076924 0.7908653846153846 0.5673076923076924
0 0.5649038461538461 0.4783653846153847 0.5168269230769231 0.47836538461538464 0.5168269230769231 0.5360576923076924 0.5649038461538461 0.5360576923076924
0 0.7019230769230769 0.5192307692307694 0.6610576923076923 0.5192307692307694 0.6610576923076923 0.5817307692307694 0.7019230769230769 0.5817307692307694
0 0.1971153846153847 0.40865384615384615 0.10817307692307696 0.40865384615384615 0.10817307692307697 0.5264423076923077 0.1971153846153847 0.5264423076923077
0 0.06490384615384621 0.41346153846153844 0.01201923076923082 0.41346153846153844 0.012019230769230825 0.49278846153846156 0.06490384615384623 0.49278846153846156
0 0.7235576923076923 0.5192307692307694 0.6730769230769231 0.5192307692307694 0.6730769230769231 0.605769230769231 0.7235576923076923 0.605769230769231
0 0.591346153846154 0.5096153846153847 0.5288461538461539 0.5096153846153846 0.528846153846154 0.5865384615384616 0.591346153846154 0.5865384615384617
0 0.6274038461538461 0.5480769230769232 0.5673076923076923 0.5480769230769232 0.5673076923076924 0.6490384615384616 0.6274038461538461 0.6490384615384616
0 0.6370192307692307 0.6370192307692307 0.591346153846154 0.6370192307692307 0.591346153846154 0.7043269230769231 0.6370192307692307 0.7043269230769231
0 0.07211538461538469 0.5769230769230769 0.009615384615384689 0.5769230769230769 0.009615384615384692 0.6634615384615384 0.0721153846153847 0.6634615384615384
0 0.37980769230769246 0.625 0.3197115384615386 0.625 0.3197115384615386 0.7115384615384616 0.37980769230769246 0.7115384615384616
0 0.24278846153846162 0.6105769230769231 0.1754807692307693 0.6105769230769231 0.1754807692307693 0.7115384615384616 0.24278846153846162 0.7115384615384616
0 0.5817307692307694 0.6850961538461539 0.528846153846154 0.6850961538461539 0.528846153846154 0.7572115384615384 0.5817307692307694 0.7572115384615384
0 0.4182692307692309 0.6754807692307693 0.36538461538461553 0.6754807692307693 0.36538461538461553 0.7427884615384616 0.4182692307692309 0.7427884615384616
0 0.9495192307692307 0.7740384615384616 0.8966346153846154 0.7740384615384616 0.8966346153846154 0.8653846153846154 0.9495192307692307 0.8653846153846154
0 0.8389423076923077 0.8341346153846154 0.7860576923076923 0.8341346153846154 0.7860576923076923 0.9038461538461539 0.8389423076923077 0.9038461538461539
0 0.8990384615384616 0.8461538461538461 0.8365384615384616 0.8461538461538461 0.8365384615384616 0.9230769230769231 0.8990384615384616 0.9230769230769231
0 0.9254807692307693 0.8798076923076923 0.9086538461538461 0.8798076923076923 0.9086538461538461 0.9182692307692307 0.9254807692307693 0.9182692307692307
0 0.39182692307692324 0.7908653846153846 0.33413461538461553 0.7908653846153846 0.33413461538461553 0.8677884615384616 0.39182692307692324 0.8677884615384616
0 0.8581730769230769 0.9302884615384616 0.7980769230769231 0.9302884615384616 0.7980769230769231 1 0.8581730769230769 1