0 0.6105769230769232 0.6923076923076923 0.5312500000000001 0.6923076923076923 0.5312500000000001 0.7475961538461539 0.6105769230769232 0.7475961538461539
0 0.7596153846153846 0.32692307692307704 0.7043269230769231 0.32692307692307704 0.7043269230769231 0.3701923076923078 0.7596153846153846 0.3701923076923078
0 0.574519230769231 0.7259615384615384 0.5216346153846155 0.7259615384615384 0.5216346153846155 0.7668269230769231 0.574519230769231 0.7668269230769231
0 0.7524038461538461 0.3004807692307693 0.7043269230769231 0.3004807692307693 0.7043269230769231 0.3389423076923078 0.7524038461538461 0.3389423076923078
0 0.6923076923076923 0.43509615384615397 0.6225961538461539 0.43509615384615397 0.6225961538461539 0.48557692307692324 0.6923076923076923 0.48557692307692324
0 0.7283653846153846 0.2788461538461539 0.6706730769230769 0.2788461538461539 0.6706730769230769 0.32692307692307704 0.7283653846153846 0.32692307692307704
0 0.6490384615384616 0.45913461538461553 0.5817307692307693 0.45913461538461553 0.5817307692307693 0.5048076923076924 0.6490384615384616 0.5048076923076924
0 0.6634615384615384 0.3149038461538463 0.6081730769230769 0.3149038461538463 0.6081730769230769 0.35817307692307704 0.6634615384615384 0.35817307692307704
0 0.625 0.4110576923076924 0.5576923076923077 0.4110576923076923 0.5576923076923077 0.4615384615384616 0.625 0.4615384615384617
0 0.46634615384615397 0.7548076923076923 0.41105769230769246 0.7548076923076923 0.41105769230769246 0.8004807692307693 0.46634615384615397 0.8004807692307693
0 0.7211538461538461 0.18269230769230776 0.6538461538461539 0.18269230769230776 0.6538461538461539 0.23317307692307698 0.7211538461538461 0.23317307692307698
0 0.5913461538461539 0.46875000000000006 0.5168269230769231 0.46875 0.5168269230769231 0.5216346153846154 0.5913461538461539 0.5216346153846155
0 0.7331730769230769 0.139423076923077 0.65625 0.13942307692307698 0.65625 0.19230769230769237 0.7331730769230769 0.19230769230769237
0 0.5456730769230771 0.5600961538461539 0.4759615384615386 0.5600961538461539 0.4759615384615386 0.6129807692307693 0.5456730769230771 0.6129807692307693
0 0.6370192307692307 0.31009615384615397 0.5817307692307693 0.31009615384615397 0.5817307692307693 0.35336538461538475 0.6370192307692307 0.35336538461538475
0 0.5576923076923077 0.49278846153846156 0.49759615384615385 0.49278846153846156 0.49759615384615385 0.5384615384615384 0.5576923076923077 0.5384615384615384
0 0.5264423076923077 0.4951923076923077 0.46153846153846156 0.4951923076923077 0.46153846153846156 0.5456730769230769 0.5264423076923077 0.5456730769230769
0 0.4302884615384617 0.6947115384615384 0.36538461538461553 0.6947115384615384 0.36538461538461553 0.7475961538461539 0.4302884615384617 0.7475961538461539
0 0.5793269230769231 0.3365384615384616 0.5120192307692307 0.33653846153846156 0.5120192307692307 0.38701923076923084 0.5793269230769231 0.3870192307692309
0 0.6225961538461539 0.15865384615384623 0.5528846153846154 0.15865384615384623 0.5528846153846154 0.2067307692307693 0.6225961538461539 0.2067307692307693
0 0.5817307692307693 0.24038461538461545 0.5168269230769231 0.24038461538461545 0.5168269230769231 0.295673076923077 0.5817307692307693 0.295673076923077
0 0.5072115384615384 0.42788461538461536 0.4110576923076923 0.42788461538461536 0.4110576923076923 0.49278846153846156 0.5072115384615384 0.49278846153846156
0 0.6009615384615384 0.1346153846153847 0.5456730769230769 0.1346153846153847 0.5456730769230769 0.1754807692307693 0.6009615384615384 0.1754807692307693
0 0.65625 0.028846153846153924 0.5985576923076923 0.028846153846153924 0.5985576923076923 0.076923076923077 0.65625 0.076923076923077
0 0.3750000000000001 0.6899038461538461 0.31730769230769246 0.6899038461538461 0.31730769230769246 0.7331730769230769 0.3750000000000001 0.7331730769230769
0 0.5817307692307693 0.16346153846153852 0.5264423076923077 0.16346153846153852 0.5264423076923077 0.19951923076923084 0.5817307692307693 0.19951923076923084
0 0.4086538461538462 0.5456730769230769 0.34375 0.5456730769230769 0.34375000000000006 0.59375 0.4086538461538463 0.59375
0 0.42788461538461536 0.4807692307692308 0.3389423076923077 0.4807692307692308 0.3389423076923077 0.5456730769230769 0.42788461538461536 0.5456730769230769
0 0.5528846153846154 0.14182692307692316 0.5024038461538461 0.14182692307692316 0.5024038461538461 0.18028846153846162 0.5528846153846154 0.18028846153846162
0 0.5120192307692307 0.13942307692307698 0.4423076923076923 0.13942307692307698 0.4423076923076923 0.18990384615384623 0.5120192307692307 0.18990384615384623
0 0.5552884615384616 0.007211538461538527 0.5048076923076923 0.0072115384615385235 0.5048076923076923 0.052884615384615453 0.5552884615384616 0.052884615384615453
0 0.39663461538461536 0.4230769230769231 0.31971153846153844 0.4230769230769231 0.31971153846153844 0.47836538461538464 0.39663461538461536 0.47836538461538464
0 0.4206730769230769 0.3052884615384616 0.3389423076923077 0.3052884615384616 0.3389423076923077 0.3701923076923077 0.4206730769230769 0.3701923076923077
0 0.49278846153846156 0.07451923076923082 0.42788461538461536 0.07451923076923082 0.42788461538461536 0.12019230769230776 0.49278846153846156 0.12019230769230776
0 0.46634615384615385 5.3431104337799185e-17 0.40625 4.975127621536122e-17 0.40625 0.02163461538461544 0.46634615384615385 0.021634615384615443
0 0.31971153846153844 0.1995192307692308 0.24759615384615385 0.19951923076923078 0.24759615384615385 0.25000000000000006 0.31971153846153844 0.25000000000000006
0 0.39903846153846156 4.4599516843948075e-17 0.3293269230769231 4.033091622192004e-17 0.3293269230769231 0.04326923076923081 0.39903846153846156 0.043269230769230824
0 0.25721153846153844 0.15865384615384615 0.16826923076923078 0.15865384615384615 0.16826923076923078 0.22596153846153846 0.25721153846153844 0.22596153846153846