0 0.7427884615384616 0.004807692307692394 0.6610576923076923 0.004807692307692389 0.6610576923076923 0.08894230769230778 0.7427884615384616 0.08894230769230779
0 0.026442307692307723 0.22355769230769232 2.7377921230938423e-17 0.22355769230769232 3.0027397479093755e-17 0.2668269230769231 0.026442307692307727 0.2668269230769231
0 0.16105769230769232 0.1875 0.10576923076923081 0.1875 0.10576923076923081 0.25961538461538464 0.16105769230769232 0.25961538461538464
0 0.04086538461538465 0.25 3.061616997868383e-17 0.25 3.3560032476634196e-17 0.2980769230769231 0.04086538461538465 0.2980769230769231
0 0.25240384615384615 0.21153846153846154 0.2091346153846154 0.21153846153846154 0.2091346153846154 0.2644230769230769 0.25240384615384615 0.2644230769230769
0 0.10817307692307696 0.25721153846153844 0.06250000000000003 0.25721153846153844 0.06250000000000003 0.3125 0.10817307692307696 0.3125
0 0.2764423076923077 0.03365384615384619 0.23317307692307693 0.03365384615384618 0.23317307692307693 0.08653846153846158 0.2764423076923077 0.08653846153846158
0 0.4014423076923077 0.23317307692307698 0.3629807692307692 0.23317307692307698 0.3629807692307692 0.2692307692307693 0.4014423076923077 0.2692307692307693
0 0.5865384615384616 0.27644230769230776 0.5168269230769231 0.27644230769230776 0.5168269230769231 0.358173076923077 0.5865384615384616 0.35817307692307704
0 0.5096153846153846 0.31971153846153844 0.47115384615384615 0.31971153846153844 0.47115384615384615 0.36538461538461536 0.5096153846153846 0.36538461538461536
0 0.2908653846153847 0.38461538461538464 0.23076923076923084 0.38461538461538464 0.23076923076923084 0.4543269230769231 0.2908653846153847 0.4543269230769231
0 0.1538461538461539 0.42788461538461536 0.07932692307692314 0.42788461538461536 0.07932692307692314 0.5024038461538461 0.1538461538461539 0.5024038461538461
0 0.37259615384615385 0.4230769230769231 0.3125 0.4230769230769231 0.3125 0.49278846153846156 0.37259615384615385 0.49278846153846156
0 0.20913461538461545 0.49038461538461536 0.15625000000000006 0.49038461538461536 0.15625000000000006 0.5576923076923077 0.20913461538461545 0.5576923076923077
0 0.20913461538461545 0.5240384615384616 0.16346153846153852 0.5240384615384616 0.16346153846153852 0.5673076923076923 0.20913461538461545 0.5673076923076923
0 0.4230769230769231 0.49038461538461536 0.375 0.49038461538461536 0.375 0.5552884615384616 0.4230769230769231 0.5552884615384616
0 0.4423076923076923 0.49278846153846156 0.3918269230769231 0.49278846153846156 0.3918269230769231 0.5576923076923077 0.4423076923076923 0.5576923076923077
0 0.7139423076923077 0.44230769230769246 0.6394230769230769 0.44230769230769246 0.6394230769230769 0.5216346153846155 0.7139423076923077 0.5216346153846155
0 0.2860576923076924 0.5552884615384616 0.2524038461538462 0.5552884615384616 0.2524038461538462 0.6009615384615384 0.2860576923076924 0.6009615384615384
0 0.31971153846153855 0.5456730769230769 0.2740384615384616 0.5456730769230769 0.2740384615384616 0.6033653846153846 0.3197115384615386 0.6033653846153846
0 0.42307692307692313 0.5408653846153846 0.37740384615384615 0.5408653846153846 0.3774038461538462 0.6033653846153846 0.42307692307692324 0.6033653846153846
0 0.4615384615384616 0.5480769230769231 0.4230769230769231 0.5480769230769231 0.42307692307692313 0.59375 0.4615384615384617 0.59375
0 0.3389423076923078 0.5913461538461539 0.29807692307692313 0.5913461538461539 0.29807692307692313 0.6442307692307693 0.3389423076923078 0.6442307692307693
0 0.605769230769231 0.574519230769231 0.5697115384615385 0.574519230769231 0.5697115384615385 0.625 0.605769230769231 0.625
0 0.42307692307692324 0.6177884615384616 0.3774038461538463 0.6177884615384616 0.3774038461538463 0.6778846153846154 0.42307692307692324 0.6778846153846154
0 0.43509615384615397 0.6274038461538461 0.3822115384615386 0.6274038461538461 0.3822115384615386 0.6995192307692307 0.43509615384615397 0.6995192307692307
0 0.6730769230769231 0.6009615384615385 0.6274038461538461 0.6009615384615385 0.6274038461538461 0.6538461538461539 0.6730769230769231 0.6538461538461539
0 0.5576923076923078 0.6658653846153846 0.48557692307692324 0.6658653846153846 0.48557692307692324 0.7379807692307693 0.5576923076923078 0.7379807692307693
0 0.8557692307692307 0.605769230769231 0.7932692307692307 0.605769230769231 0.7932692307692307 0.6850961538461539 0.8557692307692307 0.6850961538461539
0 0.4615384615384617 0.6971153846153846 0.41105769230769246 0.6971153846153846 0.41105769230769246 0.7620192307692307 0.4615384615384617 0.7620192307692307
0 0.7163461538461539 0.6899038461538461 0.6754807692307693 0.6899038461538461 0.6754807692307693 0.7524038461538461 0.7163461538461539 0.7524038461538461
0 0.560096153846154 0.7235576923076923 0.49759615384615397 0.7235576923076923 0.49759615384615397 0.8028846153846154 0.560096153846154 0.8028846153846154
0 0.6153846153846154 0.71875 0.5456730769230771 0.71875 0.5456730769230771 0.7932692307692307 0.6153846153846154 0.7932692307692307
0 0.7956730769230769 0.75 0.7283653846153846 0.75 0.7283653846153846 0.8245192307692307 0.7956730769230769 0.8245192307692307
0 1 0.71875 0.9831730769230769 0.71875 0.9831730769230769 0.7620192307692307 1 0.7620192307692307
0 0.6706730769230769 0.7884615384615384 0.6346153846153846 0.7884615384615384 0.6346153846153846 0.84375 0.6706730769230769 0.84375
0 0.75 0.7692307692307693 0.6875 0.7692307692307693 0.6875 0.8413461538461539 0.75 0.8413461538461539
0 0.5673076923076924 0.8461538461538461 0.5168269230769232 0.8461538461538461 0.5168269230769232 0.9086538461538461 0.5673076923076924 0.9086538461538461
0 0.8461538461538461 0.8197115384615384 0.8004807692307693 0.8197115384615384 0.8004807692307693 0.8798076923076923 0.8461538461538461 0.8798076923076923