0 0.6658653846153846 0.16346153846153852 0.6418269230769231 0.16346153846153852 0.6418269230769231 0.18028846153846162 0.6658653846153846 0.18028846153846162
0 0.65625 0.22115384615384623 0.6322115384615384 0.22115384615384623 0.6322115384615384 0.24278846153846162 0.65625 0.24278846153846162
0 0.7403846153846154 0.6610576923076923 0.7115384615384616 0.6610576923076923 0.7115384615384616 0.6850961538461539 0.7403846153846154 0.6850961538461539
0 0.5841346153846154 0.2740384615384616 0.5625 0.2740384615384616 0.5625 0.2908653846153847 0.5841346153846154 0.2908653846153847
0 0.5985576923076923 0.3389423076923078 0.5697115384615384 0.3389423076923078 0.5697115384615384 0.35817307692307704 0.5985576923076923 0.35817307692307704
0 0.5745192307692307 0.264423076923077 0.5528846153846154 0.264423076923077 0.5528846153846154 0.2836538461538462 0.5745192307692307 0.2836538461538462
0 0.5697115384615384 0.3317307692307693 0.5528846153846154 0.3317307692307692 0.5528846153846154 0.3533653846153847 0.5697115384615384 0.35336538461538475
0 0.5913461538461539 0.4062500000000001 0.5673076923076923 0.4062500000000001 0.5673076923076923 0.4302884615384617 0.5913461538461539 0.4302884615384617
0 0.5480769230769231 0.26682692307692313 0.5216346153846154 0.26682692307692313 0.5216346153846154 0.2908653846153847 0.5480769230769231 0.2908653846153847
0 0.6370192307692307 0.5865384615384617 0.6105769230769232 0.5865384615384617 0.6105769230769232 0.6129807692307694 0.6370192307692307 0.6129807692307694
0 0.6225961538461539 0.5552884615384617 0.5985576923076923 0.5552884615384617 0.5985576923076924 0.5769230769230771 0.6225961538461539 0.5769230769230771
0 0.5192307692307693 0.21875000000000006 0.49038461538461536 0.21875000000000006 0.49038461538461536 0.24278846153846162 0.5192307692307693 0.24278846153846162
0 0.5360576923076923 0.3173076923076923 0.5168269230769231 0.3173076923076923 0.5168269230769231 0.33653846153846156 0.5360576923076923 0.33653846153846156
0 0.6105769230769232 0.574519230769231 0.591346153846154 0.574519230769231 0.591346153846154 0.5937500000000001 0.6105769230769232 0.5937500000000001
0 0.5745192307692307 0.41826923076923084 0.5384615384615384 0.4182692307692308 0.5384615384615384 0.44951923076923084 0.5745192307692307 0.4495192307692309
0 0.5264423076923077 0.3269230769230769 0.5 0.3269230769230769 0.5 0.35096153846153844 0.5264423076923077 0.35096153846153844
0 0.5264423076923077 0.3581730769230769 0.49759615384615385 0.3581730769230769 0.49759615384615385 0.3798076923076923 0.5264423076923077 0.3798076923076923
0 0.5192307692307693 0.34134615384615385 0.49278846153846156 0.34134615384615385 0.49278846153846156 0.36538461538461536 0.5192307692307693 0.36538461538461536
0 0.4951923076923077 0.3173076923076923 0.47836538461538464 0.3173076923076923 0.47836538461538464 0.3389423076923077 0.4951923076923077 0.3389423076923077
0 0.49759615384615385 0.3485576923076923 0.4735576923076923 0.3485576923076923 0.4735576923076923 0.36538461538461536 0.49759615384615385 0.36538461538461536
0 0.4831730769230769 0.36778846153846156 0.4639423076923077 0.36778846153846156 0.4639423076923077 0.3870192307692308 0.4831730769230769 0.3870192307692308
0 0.5817307692307694 0.7067307692307693 0.5480769230769232 0.7067307692307693 0.5480769230769232 0.7355769230769231 0.5817307692307694 0.7355769230769231
0 0.4831730769230769 0.44711538461538464 0.4567307692307692 0.44711538461538464 0.4567307692307692 0.46875 0.4831730769230769 0.46875
0 0.5120192307692307 0.5264423076923077 0.47596153846153844 0.5264423076923077 0.47596153846153844 0.5504807692307693 0.5120192307692307 0.5504807692307693
0 0.4975961538461539 0.5480769230769231 0.47596153846153844 0.5480769230769231 0.47596153846153855 0.5649038461538461 0.49759615384615397 0.5649038461538461
0 0.4326923076923077 0.39663461538461536 0.41346153846153844 0.39663461538461536 0.41346153846153844 0.41346153846153844 0.4326923076923077 0.41346153846153844
0 0.48557692307692324 0.6346153846153846 0.45913461538461553 0.6346153846153846 0.45913461538461553 0.6610576923076923 0.48557692307692324 0.6610576923076923
0 0.41586538461538464 0.40865384615384615 0.3918269230769231 0.40865384615384615 0.3918269230769231 0.42788461538461536 0.41586538461538464 0.42788461538461536
0 0.4182692307692308 0.43028846153846156 0.375 0.43028846153846156 0.375 0.46634615384615385 0.4182692307692308 0.46634615384615385
0 0.4014423076923077 0.5 0.3701923076923077 0.5 0.3701923076923077 0.5240384615384616 0.4014423076923077 0.5240384615384616
0 0.3870192307692308 0.46634615384615385 0.3581730769230769 0.46634615384615385 0.3581730769230769 0.49038461538461536 0.3870192307692308 0.49038461538461536
0 0.40865384615384615 0.5144230769230769 0.36778846153846156 0.5144230769230769 0.36778846153846156 0.5432692307692307 0.40865384615384615 0.5432692307692307
0 0.4302884615384617 0.6778846153846154 0.3990384615384617 0.6778846153846154 0.3990384615384617 0.7067307692307693 0.4302884615384617 0.7067307692307693
0 0.45192307692307704 0.7572115384615384 0.42067307692307704 0.7572115384615384 0.42067307692307704 0.78125 0.45192307692307704 0.78125
0 0.4086538461538463 0.6394230769230769 0.3750000000000001 0.6394230769230769 0.3750000000000001 0.6658653846153846 0.4086538461538463 0.6658653846153846
0 0.3605769230769231 0.49278846153846156 0.3269230769230769 0.49278846153846156 0.3269230769230769 0.5216346153846154 0.3605769230769231 0.5216346153846154
0 0.33653846153846156 0.5 0.3076923076923077 0.5 0.3076923076923077 0.5264423076923077 0.33653846153846156 0.5264423076923077
0 0.38461538461538475 0.6875 0.35817307692307704 0.6875 0.35817307692307704 0.7115384615384616 0.38461538461538475 0.7115384615384616
0 0.35817307692307704 0.6466346153846154 0.34134615384615397 0.6466346153846154 0.34134615384615397 0.6658653846153846 0.35817307692307704 0.6658653846153846
0 0.3245192307692309 0.5673076923076923 0.29326923076923084 0.5673076923076923 0.29326923076923084 0.5913461538461539 0.3245192307692309 0.5913461538461539