0 0.34615384615384615 0.38461538461538464 0.31490384615384615 0.38461538461538464 0.31490384615384615 0.40865384615384615 0.34615384615384615 0.40865384615384615
0 0.4543269230769231 0.3076923076923077 0.4230769230769231 0.3076923076923077 0.4230769230769231 0.3269230769230769 0.4543269230769231 0.3269230769230769
0 0.43990384615384615 0.4879807692307692 0.3942307692307692 0.4879807692307692 0.3942307692307692 0.5144230769230769 0.43990384615384615 0.5144230769230769
0 0.46875 0.41586538461538464 0.4326923076923077 0.41586538461538464 0.4326923076923077 0.4375 0.46875 0.4375
0 0.4807692307692308 0.36538461538461536 0.4543269230769231 0.36538461538461536 0.4543269230769231 0.3798076923076923 0.4807692307692308 0.3798076923076923
0 0.49038461538461536 0.38461538461538464 0.4567307692307692 0.38461538461538464 0.4567307692307692 0.4110576923076923 0.49038461538461536 0.4110576923076923
0 0.5264423076923077 0.3245192307692308 0.4855769230769231 0.3245192307692308 0.4855769230769231 0.35336538461538464 0.5264423076923077 0.35336538461538464
0 0.5745192307692307 0.29807692307692313 0.5360576923076923 0.29807692307692313 0.5360576923076923 0.3317307692307693 0.5745192307692307 0.3317307692307694
0 0.5408653846153846 0.4375 0.5120192307692307 0.4375 0.5120192307692307 0.4543269230769231 0.5408653846153846 0.4543269230769231
0 0.5625 0.48076923076923084 0.5192307692307693 0.4807692307692308 0.5192307692307693 0.5072115384615385 0.5625 0.5072115384615385
0 0.5985576923076923 0.3437500000000001 0.5625 0.3437500000000001 0.5625 0.3701923076923078 0.5985576923076923 0.3701923076923078
0 0.5600961538461539 0.5240384615384616 0.5216346153846154 0.5240384615384616 0.5216346153846154 0.5480769230769231 0.5600961538461539 0.5480769230769232
0 0.5649038461538461 0.4975961538461539 0.5360576923076923 0.49759615384615385 0.5360576923076923 0.514423076923077 0.5649038461538461 0.5144230769230771
0 0.6105769230769231 0.3774038461538463 0.5721153846153846 0.3774038461538463 0.5721153846153846 0.40384615384615397 0.6105769230769231 0.40384615384615397
0 0.6153846153846154 0.39182692307692324 0.5769230769230769 0.39182692307692324 0.5769230769230769 0.4134615384615386 0.6153846153846154 0.4134615384615386
0 0.6442307692307693 0.3052884615384616 0.6057692307692307 0.3052884615384616 0.6057692307692307 0.3317307692307694 0.6442307692307693 0.3317307692307694
0 0.6105769230769231 0.5144230769230771 0.5673076923076923 0.5144230769230771 0.5673076923076923 0.543269230769231 0.6105769230769231 0.543269230769231
0 0.6105769230769231 0.5000000000000001 0.5769230769230769 0.5000000000000001 0.5769230769230769 0.5192307692307694 0.6105769230769231 0.5192307692307694
0 0.6201923076923077 0.45913461538461553 0.5889423076923077 0.45913461538461553 0.5889423076923077 0.4759615384615386 0.6201923076923077 0.4759615384615386
0 0.608173076923077 0.5576923076923078 0.5721153846153846 0.5576923076923078 0.5721153846153847 0.5889423076923078 0.6081730769230771 0.5889423076923078
0 0.6346153846153846 0.43509615384615397 0.6057692307692307 0.43509615384615397 0.6057692307692307 0.4495192307692309 0.6346153846153846 0.4495192307692309
0 0.6466346153846154 0.4639423076923078 0.6201923076923077 0.4639423076923078 0.6201923076923077 0.48557692307692324 0.6466346153846154 0.48557692307692324
0 0.65625 0.5024038461538463 0.6081730769230769 0.5024038461538463 0.6081730769230769 0.5360576923076924 0.65625 0.5360576923076924
0 0.6850961538461539 0.3461538461538463 0.6538461538461539 0.3461538461538463 0.6538461538461539 0.36538461538461553 0.6850961538461539 0.36538461538461553
0 0.6923076923076923 0.42307692307692324 0.6586538461538461 0.42307692307692324 0.6586538461538461 0.4447115384615386 0.6923076923076923 0.4447115384615386
0 0.6826923076923077 0.4711538461538463 0.6466346153846154 0.4711538461538463 0.6466346153846154 0.4951923076923078 0.6826923076923077 0.4951923076923078
0 0.7115384615384616 0.3629807692307694 0.6802884615384616 0.3629807692307694 0.6802884615384616 0.3822115384615386 0.7115384615384616 0.3822115384615386
0 0.6875 0.5072115384615385 0.6538461538461539 0.5072115384615385 0.6538461538461539 0.5312500000000001 0.6875 0.5312500000000001
0 0.7139423076923077 0.3870192307692309 0.6899038461538461 0.3870192307692309 0.6899038461538461 0.4014423076923078 0.7139423076923077 0.4014423076923078
0 0.6850961538461539 0.5264423076923078 0.6586538461538461 0.5264423076923078 0.6586538461538461 0.5456730769230771 0.6850961538461539 0.5456730769230771
0 0.7043269230769231 0.48557692307692324 0.6586538461538461 0.48557692307692324 0.6586538461538461 0.5168269230769232 0.7043269230769231 0.5168269230769232
0 0.7427884615384616 0.41586538461538475 0.7091346153846154 0.41586538461538475 0.7091346153846154 0.4302884615384617 0.7427884615384616 0.4302884615384617
0 0.7355769230769231 0.4567307692307694 0.6971153846153846 0.4567307692307694 0.6971153846153846 0.48317307692307704 0.7355769230769231 0.48317307692307704
0 0.7379807692307693 0.45192307692307704 0.7043269230769231 0.45192307692307704 0.7043269230769231 0.4687500000000001 0.7379807692307693 0.4687500000000001
0 0.7596153846153846 0.4302884615384617 0.7115384615384616 0.4302884615384617 0.7115384615384616 0.45432692307692324 0.7596153846153846 0.45432692307692324
0 0.7451923076923077 0.48557692307692324 0.7067307692307693 0.48557692307692324 0.7067307692307693 0.5096153846153848 0.7451923076923077 0.5096153846153848
0 0.7451923076923077 0.5312500000000001 0.7115384615384616 0.5312500000000001 0.7115384615384616 0.5528846153846155 0.7451923076923077 0.5528846153846155
0 0.7644230769230769 0.4495192307692309 0.7427884615384616 0.4495192307692309 0.7427884615384616 0.4639423076923078 0.7644230769230769 0.4639423076923078
0 0.37980769230769246 0.8966346153846154 0.3052884615384617 0.8966346153846154 0.3052884615384617 0.9471153846153846 0.37980769230769246 0.9471153846153846