0 0.5504807692307693 0.2908653846153847 0.5336538461538461 0.2908653846153847 0.5336538461538461 0.31971153846153844 0.5504807692307693 0.31971153846153844
0 0.49038461538461536 0.3052884615384616 0.47115384615384615 0.3052884615384616 0.47115384615384615 0.3293269230769231 0.49038461538461536 0.3293269230769231
0 0.4495192307692308 0.3125 0.43028846153846156 0.3125 0.43028846153846156 0.3485576923076923 0.4495192307692308 0.3485576923076923
0 0.4230769230769231 0.3485576923076923 0.41586538461538464 0.3485576923076923 0.41586538461538464 0.3581730769230769 0.4230769230769231 0.3581730769230769
0 0.5408653846153846 0.3317307692307692 0.5264423076923077 0.3317307692307692 0.5264423076923077 0.35096153846153844 0.5408653846153846 0.35096153846153844
0 0.5697115384615384 0.32932692307692313 0.5480769230769231 0.3293269230769231 0.5480769230769231 0.358173076923077 0.5697115384615384 0.35817307692307704
0 0.39903846153846156 0.3605769230769231 0.38221153846153844 0.3605769230769231 0.38221153846153844 0.38221153846153844 0.39903846153846156 0.38221153846153844
0 0.5552884615384616 0.34134615384615385 0.5384615384615384 0.34134615384615385 0.5384615384615384 0.36538461538461536 0.5552884615384616 0.36538461538461536
0 0.5288461538461539 0.3629807692307692 0.5120192307692307 0.3629807692307692 0.5120192307692307 0.3870192307692308 0.5288461538461539 0.3870192307692308
0 0.5120192307692307 0.38461538461538464 0.49038461538461536 0.38461538461538464 0.49038461538461536 0.4110576923076923 0.5120192307692307 0.4110576923076923
0 0.5865384615384616 0.37980769230769246 0.5697115384615384 0.37980769230769246 0.5697115384615384 0.4086538461538463 0.5865384615384616 0.4086538461538463
0 0.5360576923076923 0.3918269230769231 0.5192307692307693 0.3918269230769231 0.5192307692307693 0.4206730769230769 0.5360576923076923 0.4206730769230769
0 0.4879807692307692 0.4110576923076923 0.4735576923076923 0.4110576923076923 0.4735576923076923 0.43990384615384615 0.4879807692307692 0.43990384615384615
0 0.4519230769230769 0.4206730769230769 0.4326923076923077 0.4206730769230769 0.4326923076923077 0.4519230769230769 0.4519230769230769 0.4519230769230769
0 0.5721153846153846 0.4038461538461539 0.5552884615384616 0.40384615384615385 0.5552884615384616 0.43269230769230776 0.5721153846153846 0.4326923076923078
0 0.5144230769230769 0.41586538461538464 0.49759615384615385 0.41586538461538464 0.49759615384615385 0.4423076923076923 0.5144230769230769 0.4423076923076923
0 0.5913461538461539 0.4134615384615386 0.5697115384615384 0.4134615384615386 0.5697115384615384 0.44230769230769246 0.5913461538461539 0.44230769230769246
0 0.5600961538461539 0.43750000000000006 0.5480769230769231 0.4375 0.5480769230769231 0.4615384615384616 0.5600961538461539 0.4615384615384617
0 0.6009615384615384 0.44230769230769246 0.5841346153846154 0.44230769230769246 0.5841346153846154 0.46634615384615397 0.6009615384615384 0.46634615384615397
0 0.5721153846153846 0.44471153846153855 0.5552884615384616 0.44471153846153844 0.5552884615384616 0.4735576923076924 0.5721153846153846 0.47355769230769246
0 0.5480769230769231 0.45913461538461536 0.53125 0.45913461538461536 0.53125 0.4879807692307692 0.5480769230769231 0.4879807692307692
0 0.4639423076923077 0.47836538461538464 0.44471153846153844 0.47836538461538464 0.44471153846153844 0.5072115384615384 0.4639423076923077 0.5072115384615384
0 0.5408653846153846 0.46153846153846156 0.5216346153846154 0.46153846153846156 0.5216346153846154 0.49759615384615385 0.5408653846153846 0.49759615384615385
0 0.49759615384615385 0.4879807692307692 0.4807692307692308 0.4879807692307692 0.4807692307692308 0.5096153846153846 0.49759615384615385 0.5096153846153846
0 0.5889423076923077 0.48317307692307704 0.5673076923076923 0.48317307692307704 0.5673076923076923 0.5168269230769232 0.5889423076923077 0.5168269230769232
0 0.5168269230769231 0.5024038461538461 0.49278846153846156 0.5024038461538461 0.49278846153846156 0.5360576923076923 0.5168269230769231 0.5360576923076923
0 0.4735576923076923 0.5120192307692307 0.4543269230769231 0.5120192307692307 0.4543269230769231 0.5456730769230769 0.4735576923076923 0.5456730769230769
0 0.5408653846153846 0.5120192307692307 0.5240384615384616 0.5120192307692307 0.5240384615384616 0.5432692307692307 0.5408653846153846 0.5432692307692307
0 0.5264423076923077 0.5288461538461539 0.5072115384615384 0.5288461538461539 0.5072115384615384 0.5552884615384616 0.5264423076923077 0.5552884615384616
0 0.5600961538461539 0.5312500000000001 0.5432692307692307 0.53125 0.5432692307692307 0.5576923076923077 0.5600961538461539 0.5576923076923078
0 0.5865384615384616 0.5528846153846155 0.5673076923076923 0.5528846153846155 0.5673076923076924 0.5865384615384617 0.5865384615384617 0.5865384615384617
0 0.6033653846153848 0.5649038461538463 0.5841346153846155 0.5649038461538463 0.5841346153846155 0.5961538461538463 0.6033653846153848 0.5961538461538463
0 0.5000000000000001 0.5985576923076923 0.4879807692307694 0.5985576923076923 0.4879807692307694 0.6225961538461539 0.5000000000000001 0.6225961538461539
0 0.512019230769231 0.5961538461538461 0.4927884615384617 0.5961538461538461 0.4927884615384617 0.625 0.512019230769231 0.625
0 0.5721153846153848 0.591346153846154 0.5504807692307694 0.5913461538461539 0.5504807692307694 0.6370192307692307 0.5721153846153848 0.6370192307692307
0 0.5889423076923078 0.5985576923076924 0.5697115384615385 0.5985576923076924 0.5697115384615385 0.6394230769230769 0.5889423076923078 0.6394230769230769
0 0.6129807692307694 0.6322115384615384 0.5961538461538463 0.6322115384615384 0.5961538461538463 0.6610576923076923 0.6129807692307694 0.6610576923076923
0 0.5456730769230771 0.6682692307692307 0.5264423076923078 0.6682692307692307 0.5264423076923078 0.6995192307692307 0.5456730769230771 0.6995192307692307