0 0.3485576923076923 0.17067307692307698 0.30528846153846156 0.17067307692307698 0.30528846153846156 0.1971153846153847 0.3485576923076923 0.1971153846153847
0 0.07451923076923081 0.31490384615384615 0.03125000000000004 0.31490384615384615 0.03125000000000004 0.34375 0.07451923076923081 0.34375
0 0.1322115384615385 0.3485576923076923 0.09375000000000003 0.3485576923076923 0.09375000000000003 0.37740384615384615 0.1322115384615385 0.37740384615384615
0 0.08653846153846158 0.37740384615384615 0.05288461538461543 0.37740384615384615 0.05288461538461543 0.40625 0.08653846153846158 0.40625
0 0.23317307692307698 0.32211538461538464 0.1971153846153847 0.32211538461538464 0.1971153846153847 0.35096153846153844 0.23317307692307698 0.35096153846153844
0 0.53125 0.24038461538461545 0.5 0.24038461538461545 0.5 0.2692307692307693 0.53125 0.2692307692307693
0 0.2163461538461539 0.36538461538461536 0.17788461538461545 0.36538461538461536 0.17788461538461545 0.3942307692307692 0.2163461538461539 0.3942307692307692
0 0.20432692307692316 0.3870192307692308 0.16826923076923084 0.3870192307692308 0.16826923076923084 0.41346153846153844 0.20432692307692316 0.41346153846153844
0 0.31009615384615385 0.375 0.26682692307692313 0.375 0.26682692307692313 0.40625 0.31009615384615385 0.40625
0 0.3942307692307692 0.35336538461538464 0.3629807692307692 0.35336538461538464 0.3629807692307692 0.38221153846153844 0.3942307692307692 0.38221153846153844
0 0.4423076923076923 0.40625 0.40384615384615385 0.40625 0.40384615384615385 0.4375 0.4423076923076923 0.4375
0 0.5288461538461539 0.4014423076923077 0.49038461538461536 0.4014423076923077 0.49038461538461536 0.4326923076923077 0.5288461538461539 0.4326923076923077
0 0.5600961538461539 0.4350961538461539 0.5192307692307693 0.43509615384615385 0.5192307692307693 0.4663461538461539 0.5600961538461539 0.46634615384615397
0 0.6658653846153846 0.3557692307692309 0.6201923076923077 0.3557692307692309 0.6201923076923077 0.3870192307692309 0.6658653846153846 0.3870192307692309
0 0.6754807692307693 0.38942307692307704 0.6346153846153846 0.38942307692307704 0.6346153846153846 0.41586538461538475 0.6754807692307693 0.41586538461538475
0 0.6322115384615384 0.47836538461538475 0.6057692307692307 0.47836538461538475 0.6057692307692307 0.5048076923076924 0.6322115384615384 0.5048076923076924
0 0.6129807692307693 0.5024038461538463 0.5817307692307693 0.5024038461538463 0.5817307692307693 0.5312500000000001 0.6129807692307693 0.5312500000000001
0 0.47115384615384615 0.5192307692307693 0.4423076923076923 0.5192307692307693 0.4423076923076923 0.5456730769230769 0.47115384615384615 0.5456730769230769
0 0.4807692307692308 0.49759615384615385 0.43990384615384615 0.49759615384615385 0.43990384615384615 0.5264423076923077 0.4807692307692308 0.5264423076923077
0 0.4519230769230769 0.5096153846153846 0.4206730769230769 0.5096153846153846 0.4206730769230769 0.5384615384615384 0.4519230769230769 0.5384615384615384
0 0.41826923076923084 0.5360576923076923 0.3870192307692308 0.5360576923076923 0.38701923076923084 0.5649038461538461 0.4182692307692309 0.5649038461538461
0 0.5889423076923078 0.5865384615384616 0.5504807692307694 0.5865384615384616 0.5504807692307694 0.6153846153846154 0.5889423076923078 0.6153846153846154
0 0.5480769230769232 0.625 0.512019230769231 0.625 0.512019230769231 0.6538461538461539 0.5480769230769232 0.6538461538461539
0 0.47836538461538475 0.6514423076923077 0.4399038461538463 0.6514423076923077 0.4399038461538463 0.6730769230769231 0.47836538461538475 0.6730769230769231
0 0.48557692307692324 0.6225961538461539 0.44230769230769246 0.6225961538461539 0.44230769230769246 0.6538461538461539 0.48557692307692324 0.6538461538461539
0 0.3629807692307694 0.5745192307692307 0.32211538461538475 0.5745192307692307 0.32211538461538475 0.6057692307692307 0.3629807692307694 0.6057692307692307
0 0.3870192307692309 0.6177884615384616 0.3557692307692309 0.6177884615384616 0.3557692307692309 0.6466346153846154 0.3870192307692309 0.6466346153846154
0 0.3942307692307694 0.6346153846153846 0.3557692307692309 0.6346153846153846 0.3557692307692309 0.6610576923076923 0.3942307692307694 0.6610576923076923
0 0.4326923076923078 0.6201923076923077 0.4086538461538463 0.6201923076923077 0.4086538461538463 0.6466346153846154 0.4326923076923078 0.6466346153846154
0 0.3317307692307694 0.6153846153846154 0.2908653846153847 0.6153846153846154 0.2908653846153847 0.6442307692307693 0.3317307692307694 0.6442307692307693
0 0.29326923076923084 0.6057692307692307 0.2524038461538462 0.6057692307692307 0.2524038461538462 0.6370192307692307 0.29326923076923084 0.6370192307692307
0 0.26201923076923084 0.5841346153846154 0.23317307692307698 0.5841346153846154 0.23317307692307698 0.6129807692307693 0.26201923076923084 0.6129807692307693
0 0.2740384615384616 0.5480769230769231 0.24278846153846162 0.5480769230769231 0.24278846153846162 0.5769230769230769 0.2740384615384616 0.5769230769230769
0 0.23557692307692316 0.5192307692307693 0.19230769230769237 0.5192307692307693 0.19230769230769237 0.5480769230769231 0.23557692307692316 0.5480769230769231
0 0.1658653846153847 0.5504807692307693 0.12740384615384623 0.5504807692307693 0.12740384615384623 0.5793269230769231 0.1658653846153847 0.5793269230769231
0 0.14182692307692316 0.5456730769230769 0.1177884615384616 0.5456730769230769 0.1177884615384616 0.5673076923076923 0.14182692307692316 0.5673076923076923
0 0.20913461538461545 0.4879807692307692 0.17067307692307698 0.4879807692307692 0.17067307692307698 0.5192307692307693 0.20913461538461545 0.5192307692307693
0 0.20913461538461545 0.45913461538461536 0.17788461538461545 0.45913461538461536 0.17788461538461545 0.4831730769230769 0.20913461538461545 0.4831730769230769
0 0.3076923076923077 0.4855769230769231 0.2788461538461539 0.4855769230769231 0.2788461538461539 0.5120192307692307 0.3076923076923077 0.5120192307692307
0 0.3269230769230769 0.4855769230769231 0.3076923076923077 0.4855769230769231 0.3076923076923077 0.5096153846153846 0.3269230769230769 0.5096153846153846
0 0.41105769230769246 0.6177884615384616 0.3822115384615386 0.6177884615384616 0.3822115384615386 0.6466346153846154 0.41105769230769246 0.6466346153846154