0 0.18509615384615388 0.18028846153846154 0.13461538461538464 0.18028846153846154 0.13461538461538464 0.2860576923076923 0.1850961538461539 0.2860576923076923
0 0.5721153846153846 0.16105769230769237 0.5216346153846154 0.16105769230769237 0.5216346153846154 0.2475961538461539 0.5721153846153846 0.2475961538461539
0 0.8052884615384616 0.18269230769230776 0.7620192307692307 0.18269230769230776 0.7620192307692307 0.2475961538461539 0.8052884615384616 0.2475961538461539
0 0.7427884615384616 0.1658653846153847 0.6995192307692307 0.1658653846153847 0.6995192307692307 0.28125000000000006 0.7427884615384616 0.28125000000000006
0 0.7596153846153846 0.18750000000000006 0.7163461538461539 0.18750000000000006 0.7163461538461539 0.28125000000000006 0.7596153846153846 0.28125000000000006
0 0.8894230769230769 0.24519230769230782 0.84375 0.24519230769230782 0.84375 0.32211538461538475 0.8894230769230769 0.32211538461538475
0 0.4182692307692308 0.3269230769230769 0.375 0.3269230769230769 0.375 0.41586538461538464 0.4182692307692308 0.41586538461538464
0 0.8461538461538461 0.2812500000000001 0.8028846153846154 0.28125000000000006 0.8028846153846154 0.37259615384615397 0.8461538461538461 0.37259615384615397
0 0.9134615384615384 0.27884615384615397 0.8701923076923077 0.27884615384615397 0.8701923076923077 0.37980769230769246 0.9134615384615384 0.37980769230769246
0 0.7379807692307693 0.3125000000000001 0.6875 0.3125000000000001 0.6875 0.3942307692307694 0.7379807692307693 0.3942307692307694
0 0.33653846153846156 0.3798076923076923 0.29326923076923084 0.3798076923076923 0.29326923076923084 0.4543269230769231 0.33653846153846156 0.4543269230769231
0 0.8846153846153846 0.3317307692307694 0.8461538461538461 0.3317307692307694 0.8461538461538461 0.4182692307692309 0.8846153846153846 0.4182692307692309
0 0.7331730769230769 0.3629807692307694 0.6875 0.3629807692307694 0.6875 0.44230769230769246 0.7331730769230769 0.44230769230769246
0 0.7740384615384616 0.38942307692307704 0.7379807692307693 0.38942307692307704 0.7379807692307693 0.47355769230769246 0.7740384615384616 0.47355769230769246
0 0.8966346153846154 0.38942307692307704 0.8509615384615384 0.38942307692307704 0.8509615384615384 0.47355769230769246 0.8966346153846154 0.47355769230769246
0 0.8028846153846154 0.4182692307692309 0.7596153846153846 0.4182692307692309 0.7596153846153846 0.5144230769230771 0.8028846153846154 0.5144230769230771
0 0.6754807692307693 0.4326923076923078 0.6322115384615384 0.4326923076923078 0.6322115384615384 0.528846153846154 0.6754807692307693 0.528846153846154
0 0.6009615384615384 0.4711538461538462 0.5528846153846154 0.47115384615384615 0.5528846153846154 0.5528846153846154 0.6009615384615384 0.5528846153846155
0 0.71875 0.4711538461538463 0.6682692307692307 0.4711538461538463 0.6682692307692307 0.5552884615384617 0.71875 0.5552884615384617
0 0.9158653846153846 0.49759615384615397 0.8774038461538461 0.49759615384615397 0.8774038461538461 0.5673076923076924 0.9158653846153846 0.5673076923076924
0 0.7764423076923077 0.5024038461538463 0.7235576923076923 0.5024038461538463 0.7235576923076923 0.5985576923076924 0.7764423076923077 0.5985576923076924
0 0.8966346153846154 0.49759615384615397 0.8509615384615384 0.49759615384615397 0.8509615384615384 0.605769230769231 0.8966346153846154 0.605769230769231
0 0.7908653846153846 0.5336538461538463 0.7572115384615384 0.5336538461538463 0.7572115384615384 0.605769230769231 0.7908653846153846 0.605769230769231
0 0.8774038461538461 0.5264423076923078 0.8365384615384616 0.5264423076923078 0.8365384615384616 0.6225961538461539 0.8774038461538461 0.6225961538461539
0 0.9951923076923077 0.5192307692307694 0.9519230769230769 0.5192307692307694 0.9519230769230769 0.605769230769231 0.9951923076923077 0.605769230769231
0 0.7139423076923077 0.5793269230769232 0.6754807692307693 0.5793269230769232 0.6754807692307693 0.6730769230769231 0.7139423076923077 0.6730769230769231
0 0.9350961538461539 0.5793269230769232 0.8990384615384616 0.5793269230769232 0.8990384615384616 0.6658653846153846 0.9350961538461539 0.6658653846153846
0 0.6875 0.625 0.6370192307692307 0.625 0.6370192307692307 0.6971153846153846 0.6875 0.6971153846153846
0 0.7596153846153846 0.6177884615384616 0.7139423076923077 0.6177884615384616 0.7139423076923077 0.7091346153846154 0.7596153846153846 0.7091346153846154
0 0.9350961538461539 0.71875 0.8966346153846154 0.71875 0.8966346153846154 0.7932692307692307 0.9350961538461539 0.7932692307692307
0 0.8701923076923077 0.7355769230769231 0.8269230769230769 0.7355769230769231 0.8269230769230769 0.8173076923076923 0.8701923076923077 0.8173076923076923
0 0.8341346153846154 0.7692307692307693 0.7956730769230769 0.7692307692307693 0.7956730769230769 0.8413461538461539 0.8341346153846154 0.8413461538461539
0 0.78125 0.8365384615384616 0.7331730769230769 0.8365384615384616 0.7331730769230769 0.9110576923076923 0.78125 0.9110576923076923