0 0.96875 0.3509615384615386 0.9471153846153846 0.3509615384615386 0.9471153846153846 0.39663461538461553 0.96875 0.39663461538461553
0 0.8605769230769231 0.3437500000000001 0.8365384615384616 0.3437500000000001 0.8365384615384616 0.3870192307692309 0.8605769230769231 0.3870192307692309
0 0.6947115384615384 0.4086538461538463 0.6730769230769231 0.4086538461538463 0.6730769230769231 0.4447115384615386 0.6947115384615384 0.4447115384615386
0 0.6634615384615384 0.41105769230769246 0.6442307692307693 0.41105769230769246 0.6442307692307693 0.4447115384615386 0.6634615384615384 0.4447115384615386
0 0.8341346153846154 0.45192307692307704 0.8100961538461539 0.45192307692307704 0.8100961538461539 0.4951923076923078 0.8341346153846154 0.4951923076923078
0 0.5480769230769231 0.4423076923076923 0.53125 0.4423076923076923 0.53125 0.47596153846153844 0.5480769230769231 0.47596153846153844
0 0.7259615384615384 0.4711538461538463 0.7091346153846154 0.4711538461538463 0.7091346153846154 0.5024038461538463 0.7259615384615384 0.5024038461538463
0 0.5793269230769231 0.4711538461538462 0.5528846153846154 0.47115384615384615 0.5528846153846154 0.5072115384615385 0.5793269230769231 0.5072115384615385
0 0.7091346153846154 0.5000000000000001 0.6923076923076923 0.5000000000000001 0.6923076923076923 0.5408653846153848 0.7091346153846154 0.5408653846153848
0 0.7331730769230769 0.5240384615384617 0.7115384615384616 0.5240384615384617 0.7115384615384616 0.560096153846154 0.7331730769230769 0.560096153846154
0 0.6538461538461539 0.5168269230769232 0.6322115384615384 0.5168269230769232 0.6322115384615384 0.5528846153846155 0.6538461538461539 0.5528846153846155
0 0.8173076923076923 0.5456730769230771 0.7956730769230769 0.5456730769230771 0.7956730769230769 0.5865384615384617 0.8173076923076923 0.5865384615384617
0 0.8245192307692307 0.5697115384615385 0.8076923076923077 0.5697115384615385 0.8076923076923077 0.6009615384615385 0.8245192307692307 0.6009615384615385
0 0.48557692307692313 0.5408653846153846 0.4639423076923077 0.5408653846153846 0.46394230769230776 0.5769230769230769 0.48557692307692324 0.5769230769230769
0 0.5817307692307694 0.560096153846154 0.5649038461538463 0.560096153846154 0.5649038461538463 0.5865384615384617 0.5817307692307694 0.5865384615384617
0 0.6490384615384616 0.5673076923076924 0.6298076923076923 0.5673076923076924 0.6298076923076923 0.5985576923076924 0.6490384615384616 0.5985576923076924
0 0.512019230769231 0.5961538461538461 0.49038461538461553 0.5961538461538461 0.49038461538461553 0.6370192307692307 0.512019230769231 0.6370192307692307
0 0.6153846153846154 0.605769230769231 0.591346153846154 0.605769230769231 0.591346153846154 0.6466346153846154 0.6153846153846154 0.6466346153846154
0 0.7620192307692307 0.6298076923076923 0.7427884615384616 0.6298076923076923 0.7427884615384616 0.6586538461538461 0.7620192307692307 0.6586538461538461
0 0.5528846153846155 0.6298076923076923 0.5336538461538463 0.6298076923076923 0.5336538461538463 0.6658653846153846 0.5528846153846155 0.6658653846153846
0 0.6177884615384616 0.6490384615384616 0.6033653846153848 0.6490384615384616 0.6033653846153848 0.6826923076923077 0.6177884615384616 0.6826923076923077
0 0.75 0.6586538461538461 0.7307692307692307 0.6586538461538461 0.7307692307692307 0.6923076923076923 0.75 0.6923076923076923
0 0.5576923076923078 0.6490384615384616 0.5384615384615385 0.6490384615384616 0.5384615384615385 0.6802884615384616 0.5576923076923078 0.6802884615384616
0 0.6490384615384616 0.6754807692307693 0.6274038461538461 0.6754807692307693 0.6274038461538461 0.7067307692307693 0.6490384615384616 0.7067307692307693
0 0.6971153846153846 0.6850961538461539 0.6778846153846154 0.6850961538461539 0.6778846153846154 0.7259615384615384 0.6971153846153846 0.7259615384615384
0 0.7932692307692307 0.7091346153846154 0.7716346153846154 0.7091346153846154 0.7716346153846154 0.7572115384615384 0.7932692307692307 0.7572115384615384
0 0.6658653846153846 0.7211538461538461 0.6466346153846154 0.7211538461538461 0.6466346153846154 0.7524038461538461 0.6658653846153846 0.7524038461538461
0 0.36538461538461553 0.7043269230769231 0.34855769230769246 0.7043269230769231 0.34855769230769246 0.7355769230769231 0.36538461538461553 0.7355769230769231
0 0.5480769230769232 0.7307692307692307 0.5240384615384617 0.7307692307692307 0.5240384615384617 0.7668269230769231 0.5480769230769232 0.7668269230769231
0 0.4086538461538463 0.7283653846153846 0.39182692307692324 0.7283653846153846 0.39182692307692324 0.7475961538461539 0.4086538461538463 0.7475961538461539
0 0.5961538461538463 0.7427884615384616 0.5769230769230771 0.7427884615384616 0.5769230769230771 0.7740384615384616 0.5961538461538463 0.7740384615384616
0 0.3701923076923078 0.7331730769230769 0.34855769230769246 0.7331730769230769 0.34855769230769246 0.7548076923076923 0.3701923076923078 0.7548076923076923
0 0.7307692307692307 0.7788461538461539 0.7091346153846154 0.7788461538461539 0.7091346153846154 0.8197115384615384 0.7307692307692307 0.8197115384615384
0 0.47836538461538475 0.7692307692307693 0.45192307692307704 0.7692307692307693 0.45192307692307704 0.8125 0.47836538461538475 0.8125
0 0.574519230769231 0.7884615384615384 0.5552884615384617 0.7884615384615384 0.5552884615384617 0.8245192307692307 0.574519230769231 0.8245192307692307
0 0.5576923076923078 0.8293269230769231 0.5384615384615385 0.8293269230769231 0.5384615384615385 0.8653846153846154 0.5576923076923078 0.8653846153846154
0 0.5360576923076924 0.8725961538461539 0.5144230769230771 0.8725961538461539 0.5144230769230771 0.9086538461538461 0.5360576923076924 0.9086538461538461
0 0.41105769230769246 0.8822115384615384 0.3822115384615386 0.8822115384615384 0.3822115384615386 0.9158653846153846 0.41105769230769246 0.9158653846153846
0 0.6730769230769231 0.6322115384615384 0.6490384615384616 0.6322115384615384 0.6490384615384616 0.6730769230769231 0.6730769230769231 0.6730769230769231