0 0.07451923076923084 0.5096153846153846 0.04326923076923084 0.5096153846153846 0.04326923076923084 0.5673076923076923 0.07451923076923084 0.5673076923076923
0 0.6370192307692307 0.045673076923077 0.6153846153846154 0.04567307692307699 0.6153846153846154 0.08894230769230776 0.6370192307692307 0.08894230769230776
0 0.6033653846153846 0.20192307692307698 0.5769230769230769 0.20192307692307698 0.5769230769230769 0.24278846153846162 0.6033653846153846 0.24278846153846162
0 0.6153846153846154 0.26682692307692313 0.5865384615384616 0.26682692307692313 0.5865384615384616 0.3076923076923078 0.6153846153846154 0.3076923076923078
0 0.7427884615384616 0.1658653846153847 0.71875 0.1658653846153847 0.71875 0.21153846153846162 0.7427884615384616 0.21153846153846162
0 0.7475961538461539 0.18990384615384623 0.7235576923076923 0.18990384615384623 0.7235576923076923 0.23557692307692316 0.7475961538461539 0.23557692307692316
0 0.9110576923076923 0.22115384615384628 0.8894230769230769 0.22115384615384628 0.8894230769230769 0.25961538461538475 0.9110576923076923 0.25961538461538475
0 0.8942307692307693 0.44230769230769246 0.8725961538461539 0.44230769230769246 0.8725961538461539 0.4879807692307694 0.8942307692307693 0.4879807692307694
0 0.8629807692307693 0.34855769230769246 0.84375 0.34855769230769246 0.84375 0.38461538461538475 0.8629807692307693 0.38461538461538475
0 0.8076923076923077 0.3125000000000001 0.7884615384615384 0.3125000000000001 0.7884615384615384 0.34855769230769246 0.8076923076923077 0.34855769230769246
0 0.7644230769230769 0.32211538461538475 0.7379807692307693 0.32211538461538475 0.7379807692307693 0.36538461538461553 0.7644230769230769 0.36538461538461553
0 0.7235576923076923 0.3149038461538463 0.6947115384615384 0.3149038461538463 0.6947115384615384 0.34855769230769246 0.7235576923076923 0.34855769230769246
0 0.7259615384615384 0.3389423076923078 0.7043269230769231 0.3389423076923078 0.7043269230769231 0.3774038461538463 0.7259615384615384 0.3774038461538463
0 0.6899038461538461 0.4615384615384617 0.6634615384615384 0.4615384615384617 0.6634615384615384 0.4951923076923078 0.6899038461538461 0.4951923076923078
0 0.7139423076923077 0.4447115384615386 0.6875 0.4447115384615386 0.6875 0.49038461538461553 0.7139423076923077 0.49038461538461553
0 0.7524038461538461 0.45432692307692324 0.7307692307692307 0.45432692307692324 0.7307692307692307 0.49038461538461553 0.7524038461538461 0.49038461538461553
0 0.6298076923076923 0.4927884615384617 0.6057692307692307 0.4927884615384617 0.6057692307692307 0.5360576923076924 0.6298076923076923 0.5360576923076924
0 0.6778846153846154 0.6418269230769231 0.6586538461538461 0.6418269230769231 0.6586538461538461 0.6826923076923077 0.6778846153846154 0.6826923076923077
0 0.7451923076923077 0.6610576923076923 0.7235576923076923 0.6610576923076923 0.7235576923076923 0.7019230769230769 0.7451923076923077 0.7019230769230769
0 0.7932692307692307 0.7091346153846154 0.7716346153846154 0.7091346153846154 0.7716346153846154 0.7524038461538461 0.7932692307692307 0.7524038461538461
0 0.8125 0.6634615384615384 0.7884615384615384 0.6634615384615384 0.7884615384615384 0.6923076923076923 0.8125 0.6923076923076923
0 0.71875 0.5456730769230771 0.6995192307692307 0.5456730769230771 0.6995192307692307 0.5817307692307694 0.71875 0.5817307692307694
0 0.7403846153846154 0.5264423076923078 0.71875 0.5264423076923078 0.71875 0.560096153846154 0.7403846153846154 0.560096153846154
0 0.7908653846153846 0.4014423076923078 0.7668269230769231 0.4014423076923078 0.7668269230769231 0.4375000000000001 0.7908653846153846 0.4375000000000001
0 0.8004807692307693 0.41105769230769246 0.7764423076923077 0.41105769230769246 0.7764423076923077 0.4495192307692309 0.8004807692307693 0.4495192307692309
0 0.8341346153846154 0.41586538461538475 0.8125 0.41586538461538475 0.8125 0.4447115384615386 0.8341346153846154 0.4447115384615386
0 0.8774038461538461 0.5048076923076924 0.8485576923076923 0.5048076923076924 0.8485576923076923 0.5697115384615385 0.8774038461538461 0.5697115384615385
0 0.8173076923076923 0.4807692307692309 0.7956730769230769 0.4807692307692309 0.7956730769230769 0.5072115384615385 0.8173076923076923 0.5072115384615385
0 0.7716346153846154 0.5769230769230771 0.7475961538461539 0.5769230769230771 0.7475961538461539 0.6153846153846154 0.7716346153846154 0.6153846153846154
0 0.7355769230769231 0.5841346153846155 0.7115384615384616 0.5841346153846155 0.7115384615384616 0.6105769230769232 0.7355769230769231 0.6105769230769232
0 0.78125 0.6201923076923077 0.7572115384615384 0.6201923076923077 0.7572115384615384 0.6538461538461539 0.78125 0.6538461538461539
0 0.8173076923076923 0.512019230769231 0.7932692307692307 0.512019230769231 0.7932692307692307 0.5552884615384617 0.8173076923076923 0.5552884615384617
0 0.8341346153846154 0.49038461538461553 0.8149038461538461 0.49038461538461553 0.8149038461538461 0.5360576923076924 0.8341346153846154 0.5360576923076924
0 0.8413461538461539 0.4807692307692309 0.8221153846153846 0.4807692307692309 0.8221153846153846 0.5168269230769232 0.8413461538461539 0.5168269230769232
0 0.8245192307692307 0.5456730769230771 0.8028846153846154 0.5456730769230771 0.8028846153846154 0.5865384615384617 0.8245192307692307 0.5865384615384617
0 0.7427884615384616 0.5937500000000001 0.7235576923076923 0.5937500000000001 0.7235576923076923 0.6370192307692307 0.7427884615384616 0.6370192307692307
0 0.8293269230769231 0.5985576923076924 0.8028846153846154 0.5985576923076924 0.8028846153846154 0.6466346153846154 0.8293269230769231 0.6466346153846154
0 0.8413461538461539 0.5528846153846155 0.8221153846153846 0.5528846153846155 0.8221153846153846 0.591346153846154 0.8413461538461539 0.591346153846154
0 0.8317307692307693 0.5769230769230771 0.8149038461538461 0.5769230769230771 0.8149038461538461 0.6081730769230771 0.8317307692307693 0.6081730769230771