0 0.9615384615384616 0.4687500000000001 0.9230769230769231 0.4687500000000001 0.9230769230769231 0.5312500000000001 0.9615384615384616 0.5312500000000001
0 0.35336538461538464 0.05769230769230774 0.3245192307692308 0.05769230769230772 0.3245192307692308 0.10336538461538465 0.35336538461538464 0.10336538461538465
0 0.39903846153846156 0.20913461538461545 0.36778846153846156 0.20913461538461545 0.36778846153846156 0.2548076923076924 0.39903846153846156 0.2548076923076924
0 0.39663461538461536 0.2740384615384616 0.36538461538461536 0.2740384615384616 0.36538461538461536 0.31971153846153844 0.39663461538461536 0.31971153846153844
0 0.25721153846153844 0.18509615384615385 0.23076923076923078 0.18509615384615385 0.23076923076923078 0.23557692307692307 0.25721153846153844 0.23557692307692307
0 0.2548076923076923 0.20673076923076922 0.2283653846153846 0.20673076923076922 0.2283653846153846 0.25721153846153844 0.2548076923076923 0.25721153846153844
0 0.09134615384615388 0.2548076923076923 0.06730769230769235 0.2548076923076923 0.06730769230769235 0.2956730769230769 0.09134615384615388 0.2956730769230769
0 0.12980769230769237 0.4735576923076923 0.10336538461538468 0.4735576923076923 0.10336538461538468 0.5240384615384616 0.12980769230769237 0.5240384615384616
0 0.14903846153846156 0.37740384615384615 0.12259615384615388 0.37740384615384615 0.12259615384615388 0.4182692307692308 0.14903846153846156 0.4182692307692308
0 0.19951923076923084 0.3389423076923077 0.17788461538461545 0.3389423076923077 0.17788461538461545 0.375 0.19951923076923084 0.375
0 0.2524038461538462 0.34375 0.22115384615384623 0.34375 0.22115384615384623 0.3894230769230769 0.2524038461538462 0.3894230769230769
0 0.2908653846153847 0.3317307692307692 0.26201923076923084 0.3317307692307692 0.26201923076923084 0.36778846153846156 0.2908653846153847 0.36778846153846156
0 0.2860576923076924 0.3581730769230769 0.26201923076923084 0.3581730769230769 0.26201923076923084 0.39903846153846156 0.2860576923076924 0.39903846153846156
0 0.33653846153846156 0.47596153846153844 0.3052884615384616 0.47596153846153844 0.3052884615384616 0.5120192307692307 0.33653846153846156 0.5120192307692307
0 0.31490384615384615 0.46153846153846156 0.2836538461538462 0.46153846153846156 0.2836538461538462 0.5096153846153846 0.31490384615384615 0.5096153846153846
0 0.2692307692307693 0.47596153846153844 0.24278846153846162 0.47596153846153844 0.24278846153846162 0.5120192307692307 0.2692307692307693 0.5120192307692307
0 0.39663461538461536 0.5024038461538461 0.3701923076923077 0.5024038461538461 0.3701923076923077 0.5480769230769231 0.39663461538461536 0.5480769230769231
0 0.35817307692307704 0.6538461538461539 0.3365384615384617 0.6538461538461539 0.3365384615384617 0.6995192307692307 0.35817307692307704 0.6995192307692307
0 0.295673076923077 0.6802884615384616 0.2692307692307693 0.6802884615384616 0.2692307692307693 0.7235576923076923 0.295673076923077 0.7235576923076923
0 0.2548076923076924 0.7331730769230769 0.2283653846153847 0.7331730769230769 0.2283653846153847 0.7788461538461539 0.2548076923076924 0.7788461538461539
0 0.23317307692307698 0.6850961538461539 0.20432692307692316 0.6850961538461539 0.20432692307692316 0.71875 0.23317307692307698 0.71875
0 0.31009615384615397 0.5625 0.2860576923076924 0.5625 0.2860576923076924 0.6033653846153846 0.31009615384615397 0.6033653846153846
0 0.28846153846153855 0.5432692307692307 0.26201923076923084 0.5432692307692307 0.26201923076923084 0.5793269230769231 0.28846153846153855 0.5793269230769231
0 0.2283653846153847 0.4230769230769231 0.20192307692307698 0.4230769230769231 0.20192307692307698 0.4639423076923077 0.2283653846153847 0.4639423076923077
0 0.22115384615384623 0.43509615384615385 0.1971153846153847 0.43509615384615385 0.1971153846153847 0.4735576923076923 0.22115384615384623 0.4735576923076923
0 0.1850961538461539 0.4423076923076923 0.16105769230769237 0.4423076923076923 0.16105769230769237 0.4735576923076923 0.1850961538461539 0.4735576923076923
0 0.16346153846153852 0.5360576923076923 0.12259615384615391 0.5360576923076923 0.12259615384615391 0.6033653846153846 0.16346153846153852 0.6033653846153846
0 0.2067307692307693 0.5096153846153846 0.18269230769230776 0.5096153846153846 0.18269230769230776 0.5360576923076923 0.2067307692307693 0.5360576923076923
0 0.26201923076923084 0.5985576923076923 0.23557692307692316 0.5985576923076923 0.23557692307692316 0.6394230769230769 0.26201923076923084 0.6394230769230769
0 0.3004807692307693 0.6009615384615384 0.2740384615384616 0.6009615384615384 0.2740384615384616 0.6322115384615384 0.3004807692307693 0.6322115384615384
0 0.25721153846153855 0.6418269230769231 0.23317307692307698 0.6418269230769231 0.23317307692307698 0.6778846153846154 0.25721153846153855 0.6778846153846154
0 0.21394230769230776 0.5360576923076923 0.1850961538461539 0.5360576923076923 0.1850961538461539 0.5817307692307693 0.21394230769230776 0.5817307692307693
0 0.19230769230769237 0.5168269230769231 0.16826923076923084 0.5168269230769231 0.16826923076923084 0.5649038461538461 0.19230769230769237 0.5649038461538461
0 0.18028846153846162 0.5096153846153846 0.15865384615384623 0.5096153846153846 0.15865384615384623 0.5480769230769231 0.18028846153846162 0.5480769230769231
0 0.20432692307692316 0.5721153846153846 0.18269230769230776 0.5721153846153846 0.18269230769230776 0.6129807692307693 0.20432692307692316 0.6129807692307693
0 0.2908653846153847 0.6129807692307693 0.26682692307692313 0.6129807692307693 0.26682692307692313 0.6586538461538461 0.2908653846153847 0.6586538461538461
0 0.21394230769230776 0.625 0.18028846153846162 0.625 0.18028846153846162 0.6754807692307693 0.21394230769230776 0.6754807692307693
0 0.18750000000000006 0.5793269230769231 0.16346153846153852 0.5793269230769231 0.16346153846153852 0.6201923076923077 0.18750000000000006 0.6201923076923077
0 0.19471153846153852 0.6033653846153846 0.1754807692307693 0.6033653846153846 0.1754807692307693 0.6370192307692307 0.19471153846153852 0.6370192307692307