0 0.22115384615384623 0.30528846153846156 0.1850961538461539 0.30528846153846156 0.1850961538461539 0.33653846153846156 0.22115384615384623 0.33653846153846156
0 0.3028846153846155 0.5216346153846154 0.25721153846153855 0.5216346153846154 0.25721153846153855 0.5552884615384616 0.3028846153846155 0.5552884615384616
0 0.32692307692307704 0.5649038461538461 0.27644230769230776 0.5649038461538461 0.27644230769230776 0.5985576923076923 0.32692307692307704 0.5985576923076923
0 0.28605769230769235 0.2764423076923077 0.23798076923076922 0.2764423076923077 0.23798076923076927 0.31009615384615385 0.2860576923076924 0.31009615384615385
0 0.2692307692307692 0.1658653846153846 0.23076923076923078 0.1658653846153846 0.23076923076923078 0.20192307692307693 0.2692307692307692 0.20192307692307693
0 0.4086538461538463 0.6442307692307693 0.3774038461538463 0.6442307692307693 0.3774038461538463 0.6706730769230769 0.4086538461538463 0.6706730769230769
0 0.34615384615384615 0.3173076923076923 0.295673076923077 0.3173076923076923 0.295673076923077 0.35336538461538464 0.34615384615384615 0.35336538461538464
0 0.42788461538461553 0.6298076923076923 0.3942307692307694 0.6298076923076923 0.3942307692307694 0.6586538461538461 0.42788461538461553 0.6586538461538461
0 0.2932692307692308 0.10096153846153849 0.2644230769230769 0.10096153846153849 0.2644230769230769 0.13461538461538464 0.2932692307692308 0.13461538461538464
0 0.4230769230769231 0.4879807692307692 0.3701923076923077 0.4879807692307692 0.3701923076923077 0.5264423076923077 0.4230769230769231 0.5264423076923077
0 0.3173076923076923 0.10096153846153849 0.29086538461538464 0.10096153846153849 0.29086538461538464 0.12980769230769235 0.3173076923076923 0.12980769230769235
0 0.41346153846153844 0.4206730769230769 0.37259615384615385 0.4206730769230769 0.37259615384615385 0.4495192307692308 0.41346153846153844 0.4495192307692308
0 0.34375 0.13461538461538464 0.30288461538461536 0.13461538461538464 0.30288461538461536 0.17067307692307698 0.34375 0.17067307692307698
0 0.46875000000000006 0.5552884615384616 0.4230769230769231 0.5552884615384616 0.42307692307692313 0.5841346153846154 0.4687500000000001 0.5841346153846154
0 0.43990384615384615 0.49278846153846156 0.4182692307692308 0.49278846153846156 0.4182692307692308 0.5144230769230769 0.43990384615384615 0.5144230769230769
0 0.34375 0.06971153846153849 0.31009615384615385 0.06971153846153849 0.31009615384615385 0.09615384615384619 0.34375 0.09615384615384619
0 0.5048076923076924 0.6634615384615384 0.4687500000000001 0.6634615384615384 0.4687500000000001 0.6923076923076923 0.5048076923076924 0.6923076923076923
0 0.4567307692307692 0.4735576923076923 0.4230769230769231 0.4735576923076923 0.4230769230769231 0.5048076923076923 0.4567307692307692 0.5048076923076923
0 0.3557692307692308 0.05528846153846158 0.3293269230769231 0.05528846153846157 0.3293269230769231 0.08413461538461542 0.3557692307692308 0.08413461538461542
0 0.5192307692307694 0.6057692307692307 0.47836538461538475 0.6057692307692307 0.47836538461538475 0.6346153846153846 0.5192307692307694 0.6346153846153846
0 0.4855769230769231 0.47836538461538464 0.43990384615384615 0.47836538461538464 0.43990384615384615 0.5072115384615384 0.4855769230769231 0.5072115384615384
0 0.4375 0.29326923076923084 0.4014423076923077 0.29326923076923084 0.4014423076923077 0.3293269230769231 0.4375 0.3293269230769231
0 0.5456730769230771 0.6033653846153846 0.5096153846153848 0.6033653846153846 0.5096153846153848 0.6322115384615384 0.5456730769230771 0.6322115384615384
0 0.49038461538461536 0.33413461538461536 0.4326923076923077 0.33413461538461536 0.4326923076923077 0.375 0.49038461538461536 0.375
0 0.46634615384615385 0.2692307692307693 0.4206730769230769 0.2692307692307693 0.4206730769230769 0.3076923076923077 0.46634615384615385 0.3076923076923077
0 0.5024038461538461 0.375 0.4567307692307692 0.375 0.4567307692307692 0.40865384615384615 0.5024038461538461 0.40865384615384615
0 0.5384615384615384 0.47115384615384615 0.49759615384615385 0.47115384615384615 0.49759615384615385 0.5024038461538461 0.5384615384615384 0.5024038461538461
0 0.5144230769230769 0.18990384615384623 0.4519230769230769 0.18990384615384623 0.4519230769230769 0.24038461538461545 0.5144230769230769 0.24038461538461545
0 0.605769230769231 0.5769230769230771 0.5697115384615385 0.5769230769230771 0.5697115384615385 0.6009615384615385 0.605769230769231 0.6009615384615385
0 0.5576923076923077 0.40384615384615385 0.5192307692307693 0.40384615384615385 0.5192307692307693 0.4375 0.5576923076923077 0.4375
0 0.5576923076923077 0.3076923076923077 0.5120192307692307 0.3076923076923077 0.5120192307692307 0.3389423076923077 0.5576923076923077 0.3389423076923077
0 0.59375 0.358173076923077 0.5528846153846154 0.3581730769230769 0.5528846153846154 0.38701923076923084 0.59375 0.3870192307692309
0 0.6538461538461539 0.42067307692307704 0.5889423076923077 0.42067307692307704 0.5889423076923077 0.4711538461538463 0.6538461538461539 0.4711538461538463
0 0.6634615384615384 0.23557692307692316 0.6177884615384616 0.23557692307692316 0.6177884615384616 0.2692307692307693 0.6634615384615384 0.2692307692307693
0 0.7043269230769231 0.3870192307692309 0.6634615384615384 0.3870192307692309 0.6634615384615384 0.41586538461538475 0.7043269230769231 0.41586538461538475