0 0.5721153846153846 0.033653846153846215 0.49759615384615385 0.033653846153846215 0.49759615384615385 0.14663461538461545 0.5721153846153846 0.14663461538461545
0 0.39903846153846156 0.1538461538461539 0.28846153846153844 0.1538461538461539 0.2884615384615385 0.31971153846153844 0.39903846153846156 0.31971153846153844
0 0.9230769230769231 0.11057692307692318 0.8365384615384616 0.11057692307692318 0.8365384615384616 0.24759615384615394 0.9230769230769231 0.247596153846154
0 0.13461538461538466 0.3918269230769231 0.043269230769230824 0.3918269230769231 0.04326923076923083 0.5360576923076923 0.1346153846153847 0.5360576923076923
0 0.5504807692307693 0.34375 0.46634615384615385 0.34375 0.46634615384615385 0.4735576923076923 0.5504807692307693 0.4735576923076923
0 0.3557692307692308 0.39663461538461536 0.26682692307692313 0.39663461538461536 0.26682692307692313 0.5240384615384616 0.3557692307692308 0.5240384615384616
0 0.7163461538461539 0.36057692307692324 0.625 0.36057692307692324 0.625 0.4807692307692309 0.7163461538461539 0.4807692307692309
0 0.9134615384615384 0.3317307692307694 0.8317307692307693 0.3317307692307694 0.8317307692307693 0.44230769230769246 0.9134615384615384 0.44230769230769246
0 0.6586538461538461 0.4326923076923078 0.5769230769230769 0.4326923076923078 0.5769230769230769 0.5336538461538463 0.6586538461538461 0.5336538461538463
0 0.5889423076923077 0.46875000000000006 0.49278846153846156 0.46875 0.4927884615384616 0.6009615384615385 0.5889423076923078 0.6009615384615385
0 0.3653846153846155 0.5072115384615384 0.264423076923077 0.5072115384615384 0.264423076923077 0.6538461538461539 0.36538461538461553 0.6538461538461539
0 0.7283653846153846 0.4326923076923078 0.6274038461538461 0.4326923076923078 0.6274038461538461 0.5865384615384617 0.7283653846153846 0.5865384615384617
0 0.4302884615384616 0.47596153846153844 0.31971153846153844 0.47596153846153844 0.31971153846153855 0.6706730769230769 0.4302884615384617 0.6706730769230769
0 0.7860576923076923 9.155412368625644e-17 0.7091346153846154 8.684394368953586e-17 0.7091346153846154 0.055288461538461633 0.7860576923076923 0.05528846153846164
0 1 0.4807692307692309 0.9591346153846154 0.4807692307692309 0.9591346153846154 0.5985576923076924 1 0.5985576923076924
0 0.6538461538461539 7.271340369937408e-17 0.5336538461538461 6.535374745449818e-17 0.5336538461538461 0.11538461538461545 0.6538461538461539 0.11538461538461545
0 0.18269230769230768 0.06009615384615386 0.09615384615384616 0.06009615384615386 0.09615384615384617 0.17067307692307693 0.18269230769230768 0.17067307692307693
0 0.22115384615384615 0.055288461538461564 0.12740384615384615 0.05528846153846156 0.12740384615384617 0.21153846153846154 0.22115384615384615 0.21153846153846154
0 1 0.6730769230769231 0.96875 0.6730769230769231 0.96875 0.78125 1 0.78125
0 0.2740384615384617 0.8966346153846154 0.1730769230769232 0.8966346153846154 0.1730769230769232 0.9855769230769231 0.2740384615384617 0.9855769230769231
0 0.1466346153846154 0.06730769230769232 0.08653846153846154 0.06730769230769232 0.08653846153846155 0.16105769230769232 0.14663461538461542 0.16105769230769232