0 0.8533653846153846 0.7860576923076923 0.7427884615384616 0.7860576923076923 0.7427884615384616 0.8485576923076923 0.8533653846153846 0.8485576923076923
0 0.8365384615384616 0.40384615384615397 0.7475961538461539 0.40384615384615397 0.7475961538461539 0.45192307692307704 0.8365384615384616 0.45192307692307704
0 0.7956730769230769 0.16826923076923084 0.7259615384615384 0.16826923076923084 0.7259615384615384 0.21875000000000006 0.7956730769230769 0.21875000000000006
0 0.8173076923076923 0.2283653846153847 0.6971153846153846 0.2283653846153847 0.6971153846153846 0.2836538461538462 0.8173076923076923 0.2836538461538462
0 0.7932692307692307 0.2163461538461539 0.6971153846153846 0.2163461538461539 0.6971153846153846 0.26682692307692313 0.7932692307692307 0.26682692307692313
0 0.7235576923076923 0.09615384615384624 0.6466346153846154 0.09615384615384623 0.6466346153846154 0.14182692307692316 0.7235576923076923 0.14182692307692318
0 0.6850961538461539 0.5649038461538463 0.591346153846154 0.5649038461538463 0.591346153846154 0.6201923076923077 0.6850961538461539 0.6201923076923077
0 0.6947115384615384 0.1346153846153847 0.5961538461538461 0.1346153846153847 0.5961538461538461 0.18990384615384623 0.6947115384615384 0.18990384615384623
0 0.6923076923076923 0.06971153846153853 0.5865384615384616 0.06971153846153853 0.5865384615384616 0.12500000000000006 0.6923076923076923 0.12500000000000006
0 0.6706730769230769 0.25000000000000006 0.5889423076923077 0.25000000000000006 0.5889423076923077 0.3028846153846155 0.6706730769230769 0.3028846153846155
0 0.6394230769230769 0.6514423076923077 0.560096153846154 0.6514423076923077 0.560096153846154 0.7043269230769231 0.6394230769230769 0.7043269230769231
0 0.6394230769230769 0.10096153846153853 0.5504807692307693 0.10096153846153853 0.5504807692307693 0.1538461538461539 0.6394230769230769 0.1538461538461539
0 0.6201923076923077 0.2596153846153847 0.5360576923076923 0.2596153846153847 0.5360576923076923 0.3100961538461539 0.6201923076923077 0.31009615384615397
0 0.5913461538461539 0.2163461538461539 0.5024038461538461 0.2163461538461539 0.5024038461538461 0.264423076923077 0.5913461538461539 0.264423076923077
0 0.5817307692307693 0.09615384615384623 0.49038461538461536 0.09615384615384623 0.49038461538461536 0.15144230769230776 0.5817307692307693 0.15144230769230776
0 0.5625 0.19230769230769237 0.4639423076923077 0.19230769230769237 0.4639423076923077 0.24519230769230776 0.5625 0.24519230769230776
0 0.5552884615384616 0.3245192307692308 0.46153846153846156 0.3245192307692308 0.46153846153846156 0.3701923076923077 0.5552884615384616 0.3701923076923077
0 0.5240384615384616 0.39663461538461536 0.4375 0.39663461538461536 0.4375 0.4567307692307692 0.5240384615384616 0.4567307692307692
0 0.5144230769230769 0.2860576923076924 0.4254807692307692 0.2860576923076924 0.4254807692307692 0.3389423076923077 0.5144230769230769 0.3389423076923077
0 0.47115384615384615 0.08653846153846159 0.39903846153846156 0.08653846153846158 0.39903846153846156 0.12980769230769235 0.47115384615384615 0.12980769230769237
0 0.4807692307692308 0.22596153846153852 0.3798076923076923 0.22596153846153852 0.3798076923076923 0.2860576923076924 0.4807692307692308 0.2860576923076924
0 0.4735576923076923 0.10576923076923082 0.3629807692307692 0.10576923076923081 0.3629807692307692 0.15865384615384623 0.4735576923076923 0.15865384615384623
0 0.44711538461538464 0.20913461538461545 0.36778846153846156 0.20913461538461545 0.36778846153846156 0.25721153846153855 0.44711538461538464 0.25721153846153855
0 0.44471153846153844 0.12500000000000006 0.34375 0.12500000000000003 0.34375 0.17788461538461545 0.44471153846153844 0.17788461538461545
0 0.4423076923076923 0.012019230769230818 0.3557692307692308 0.012019230769230812 0.3557692307692308 0.060096153846153896 0.4423076923076923 0.060096153846153896
0 0.40625 0.295673076923077 0.3125 0.295673076923077 0.3125 0.3389423076923077 0.40625 0.3389423076923077
0 0.3894230769230769 0.07211538461538466 0.2980769230769231 0.07211538461538465 0.2980769230769231 0.12019230769230772 0.3894230769230769 0.12019230769230772
0 0.3629807692307692 0.3269230769230769 0.2908653846153847 0.3269230769230769 0.2908653846153847 0.3798076923076923 0.3629807692307692 0.3798076923076923
0 0.36538461538461536 0.25000000000000006 0.2692307692307692 0.25 0.2692307692307693 0.3076923076923077 0.36538461538461536 0.3076923076923077
0 0.24759615384615385 0.08653846153846158 0.17307692307692307 0.08653846153846158 0.17307692307692307 0.12980769230769235 0.24759615384615385 0.12980769230769235
0 0.23798076923076922 0.15144230769230774 0.14903846153846156 0.15144230769230774 0.14903846153846156 0.20432692307692307 0.23798076923076922 0.20432692307692307
0 0.2091346153846154 0.19230769230769232 0.1274038461538462 0.19230769230769232 0.1274038461538462 0.2403846153846154 0.2091346153846154 0.2403846153846154
0 0.14423076923076927 0.25 0.06730769230769235 0.25 0.06730769230769235 0.30528846153846156 0.14423076923076927 0.30528846153846156