0 0.1634615384615385 0.22115384615384615 0.09855769230769235 0.22115384615384615 0.09855769230769235 0.33413461538461536 0.16346153846153852 0.33413461538461536
0 0.5408653846153846 0.15625000000000006 0.4807692307692308 0.15625000000000006 0.4807692307692308 0.2475961538461539 0.5408653846153846 0.2475961538461539
0 0.7716346153846154 0.14663461538461547 0.71875 0.14663461538461547 0.71875 0.21875000000000006 0.7716346153846154 0.21875000000000006
0 0.7163461538461539 0.13701923076923087 0.6538461538461539 0.13701923076923084 0.6538461538461539 0.2596153846153847 0.7163461538461539 0.2596153846153847
0 0.7283653846153846 0.15865384615384623 0.6778846153846154 0.15865384615384623 0.6778846153846154 0.2548076923076924 0.7283653846153846 0.2548076923076924
0 0.8629807692307693 0.20192307692307704 0.8125 0.20192307692307698 0.8125 0.2812500000000001 0.8629807692307693 0.2812500000000001
0 0.4110576923076923 0.33653846153846156 0.35096153846153844 0.33653846153846156 0.35096153846153844 0.4326923076923077 0.4110576923076923 0.4326923076923077
0 0.8293269230769231 0.24038461538461545 0.7716346153846154 0.24038461538461545 0.7716346153846154 0.3389423076923078 0.8293269230769231 0.3389423076923078
0 0.8918269230769231 0.2307692307692309 0.8413461538461539 0.2307692307692309 0.8413461538461539 0.3365384615384617 0.8918269230769231 0.3365384615384617
0 0.71875 0.2860576923076924 0.6682692307692307 0.2860576923076924 0.6682692307692307 0.3677884615384617 0.71875 0.3677884615384617
0 0.33413461538461536 0.39903846153846156 0.28125000000000006 0.39903846153846156 0.28125000000000006 0.47836538461538464 0.33413461538461536 0.47836538461538464
0 0.8725961538461539 0.2860576923076924 0.8197115384615384 0.2860576923076924 0.8197115384615384 0.3774038461538463 0.8725961538461539 0.3774038461538463
0 0.7259615384615384 0.33413461538461553 0.6682692307692307 0.33413461538461553 0.6682692307692307 0.42067307692307704 0.7259615384615384 0.42067307692307704
0 0.7692307692307693 0.3557692307692309 0.7235576923076923 0.3557692307692309 0.7235576923076923 0.4447115384615386 0.7692307692307693 0.4447115384615386
0 0.8918269230769231 0.34134615384615397 0.8341346153846154 0.34134615384615397 0.8341346153846154 0.4326923076923078 0.8918269230769231 0.4326923076923078
0 0.8004807692307693 0.3822115384615386 0.7475961538461539 0.3822115384615386 0.7475961538461539 0.4807692307692309 0.8004807692307693 0.4807692307692309
0 0.6754807692307693 0.4134615384615386 0.6225961538461539 0.4134615384615386 0.6225961538461539 0.5144230769230771 0.6754807692307693 0.5144230769230771
0 0.6105769230769231 0.4591346153846155 0.5480769230769231 0.45913461538461536 0.5480769230769231 0.5480769230769231 0.6105769230769231 0.5480769230769232
0 0.7211538461538461 0.4447115384615386 0.6634615384615384 0.4447115384615386 0.6634615384615384 0.5336538461538463 0.7211538461538461 0.5336538461538463
0 0.9230769230769231 0.44711538461538475 0.8725961538461539 0.44711538461538475 0.8725961538461539 0.5216346153846155 0.9230769230769231 0.5216346153846155
0 0.7836538461538461 0.4687500000000001 0.7235576923076923 0.4687500000000001 0.7235576923076923 0.5697115384615385 0.7836538461538461 0.5697115384615385
0 0.90625 0.4495192307692309 0.8485576923076923 0.4495192307692309 0.8485576923076923 0.5625000000000001 0.90625 0.5625000000000001
0 0.8052884615384616 0.49759615384615397 0.7548076923076923 0.49759615384615397 0.7548076923076923 0.5769230769230771 0.8052884615384616 0.5769230769230771
0 0.8918269230769231 0.4807692307692309 0.8365384615384616 0.4807692307692309 0.8365384615384616 0.5817307692307694 0.8918269230769231 0.5817307692307694
0 1 0.4567307692307694 0.9495192307692307 0.4567307692307694 0.9495192307692307 0.5480769230769232 1 0.5480769230769232
0 0.7355769230769231 0.5528846153846155 0.6850961538461539 0.5528846153846155 0.6850961538461539 0.6514423076923077 0.7355769230769231 0.6514423076923077
0 0.9519230769230769 0.5240384615384617 0.90625 0.5240384615384617 0.90625 0.6153846153846154 0.9519230769230769 0.6153846153846154
0 0.7067307692307693 0.6033653846153848 0.6538461538461539 0.6033653846153848 0.6538461538461539 0.6778846153846154 0.7067307692307693 0.6778846153846154
0 0.7836538461538461 0.5841346153846155 0.7259615384615384 0.5841346153846155 0.7259615384615384 0.6802884615384616 0.7836538461538461 0.6802884615384616
0 0.9711538461538461 0.6634615384615384 0.9182692307692307 0.6634615384615384 0.9182692307692307 0.7451923076923077 0.9711538461538461 0.7451923076923077
0 0.90625 0.6875 0.8509615384615384 0.6875 0.8509615384615384 0.7764423076923077 0.90625 0.7764423076923077
0 0.875 0.7235576923076923 0.8221153846153846 0.7235576923076923 0.8221153846153846 0.8052884615384616 0.875 0.8052884615384616
0 0.8293269230769231 0.8004807692307693 0.7716346153846154 0.8004807692307693 0.7716346153846154 0.8798076923076923 0.8293269230769231 0.8798076923076923