0 0.9927884615384616 0.5673076923076924 0.8701923076923077 0.5673076923076924 0.8701923076923077 0.6586538461538461 0.9927884615384616 0.6586538461538461
0 0.22355769230769237 0.30288461538461536 0.05048076923076927 0.30288461538461536 0.050480769230769273 0.40625 0.22355769230769237 0.40625
0 0.21875000000000006 0.35096153846153844 0.09615384615384619 0.35096153846153844 0.0961538461538462 0.4326923076923077 0.21875000000000006 0.4326923076923077
0 0.2620192307692308 0.25 0.12259615384615388 0.25 0.12259615384615388 0.35096153846153844 0.26201923076923084 0.35096153846153844
0 0.25000000000000006 0.4254807692307692 0.108173076923077 0.4254807692307692 0.108173076923077 0.5264423076923077 0.25000000000000006 0.5264423076923077
0 0.2067307692307693 0.7211538461538461 0.03846153846153855 0.7211538461538461 0.038461538461538554 0.8365384615384616 0.2067307692307693 0.8365384615384616
0 0.4206730769230769 0.10096153846153852 0.23557692307692307 0.10096153846153849 0.23557692307692307 0.22836538461538464 0.4206730769230769 0.2283653846153847
0 0.5120192307692307 5.2400752463516556e-17 0.34375 4.209723372069027e-17 0.34375 0.08653846153846159 0.5120192307692307 0.0865384615384616
0 0.3413461538461539 0.5360576923076923 0.1971153846153847 0.5360576923076923 0.1971153846153847 0.6394230769230769 0.34134615384615397 0.6394230769230769
0 0.4423076923076923 0.2716346153846155 0.32211538461538464 0.2716346153846155 0.32211538461538464 0.37259615384615385 0.4423076923076923 0.37259615384615385
0 0.026442307692307765 0.5817307692307693 7.124147245039892e-17 0.5817307692307693 7.536287994752943e-17 0.6490384615384616 0.02644230769230777 0.6490384615384616
0 0.1658653846153846 0.13942307692307693 0.06490384615384617 0.13942307692307693 0.06490384615384617 0.22355769230769232 0.1658653846153846 0.22355769230769232
0 0.5625 0.14663461538461545 0.4543269230769231 0.14663461538461545 0.4543269230769231 0.2379807692307693 0.5625 0.2379807692307693
0 0.5 0.35336538461538464 0.3870192307692308 0.35336538461538464 0.3870192307692308 0.44471153846153844 0.5 0.44471153846153844
0 0.04326923076923085 0.6634615384615384 8.125060494343017e-17 0.6634615384615384 8.71383299393309e-17 0.7596153846153846 0.04326923076923085 0.7596153846153846
0 0.5817307692307694 0.7115384615384616 0.45192307692307704 0.7115384615384616 0.45192307692307704 0.8100961538461539 0.5817307692307694 0.8100961538461539
0 0.0865384615384616 0.5264423076923077 6.447058870511307e-17 0.5264423076923077 7.021112057611628e-17 0.6201923076923077 0.0865384615384616 0.6201923076923077
0 0.7379807692307693 0.4182692307692309 0.5769230769230769 0.4182692307692309 0.5769230769230769 0.5168269230769232 0.7379807692307693 0.5168269230769232
0 0.7836538461538461 0.37259615384615397 0.6201923076923077 0.37259615384615397 0.6201923076923077 0.4879807692307694 0.7836538461538461 0.4879807692307694
0 0.1370192307692308 0.4014423076923077 0.026442307692307744 0.4014423076923077 0.026442307692307748 0.49038461538461536 0.13701923076923084 0.49038461538461536
0 0.8725961538461539 0.5072115384615385 0.7572115384615384 0.5072115384615385 0.7572115384615384 0.6033653846153848 0.8725961538461539 0.6033653846153848
0 0.9110576923076923 0.4014423076923078 0.7836538461538461 0.4014423076923078 0.7836538461538461 0.5048076923076924 0.9110576923076923 0.5048076923076924
0 0.9975961538461539 0.2620192307692309 0.8389423076923077 0.2620192307692309 0.8389423076923077 0.37259615384615397 0.9975961538461539 0.37259615384615397
0 0.9831730769230769 0.49038461538461553 0.84375 0.49038461538461553 0.84375 0.5961538461538463 0.9831730769230769 0.5961538461538463
0 1 0.18990384615384628 0.9158653846153846 0.18990384615384628 0.9158653846153846 0.3076923076923078 1 0.3076923076923078