0 0.5456730769230771 0.9302884615384616 0.5240384615384617 0.9302884615384616 0.5240384615384617 0.9663461538461539 0.5456730769230771 0.9663461538461539
0 0.2812500000000001 0.9182692307692307 0.2572115384615386 0.9182692307692307 0.2572115384615386 0.9543269230769231 0.2812500000000001 0.9543269230769231
0 0.10576923076923087 0.9038461538461539 0.07932692307692318 0.9038461538461539 0.07932692307692318 0.9423076923076923 0.10576923076923087 0.9423076923076923
0 0.8365384615384616 0.32211538461538475 0.8100961538461539 0.32211538461538475 0.8100961538461539 0.37980769230769246 0.8365384615384616 0.37980769230769246
0 0.6442307692307693 0.3437500000000001 0.6201923076923077 0.3437500000000001 0.6201923076923077 0.39182692307692324 0.6442307692307693 0.39182692307692324
0 0.5480769230769231 0.3245192307692308 0.5168269230769231 0.3245192307692308 0.5168269230769231 0.37740384615384615 0.5480769230769231 0.37740384615384615
0 0.6201923076923077 0.3437500000000001 0.5961538461538461 0.3437500000000001 0.5961538461538461 0.3942307692307694 0.6201923076923077 0.3942307692307694
0 0.6033653846153846 0.37980769230769246 0.5697115384615384 0.37980769230769246 0.5697115384615384 0.4302884615384617 0.6033653846153846 0.4302884615384617
0 0.6418269230769231 0.4014423076923078 0.6105769230769231 0.4014423076923078 0.6105769230769231 0.4495192307692309 0.6418269230769231 0.4495192307692309
0 0.6658653846153846 0.41105769230769246 0.6418269230769231 0.41105769230769246 0.6418269230769231 0.4567307692307694 0.6658653846153846 0.4567307692307694
0 0.40625 0.41586538461538464 0.37259615384615385 0.41586538461538464 0.37259615384615385 0.46875 0.40625 0.46875
0 0.6634615384615384 0.5000000000000001 0.6370192307692307 0.5000000000000001 0.6370192307692307 0.5504807692307694 0.6634615384615384 0.5504807692307694
0 0.5721153846153846 0.4903846153846155 0.5408653846153846 0.49038461538461536 0.5408653846153846 0.5432692307692308 0.5721153846153846 0.543269230769231
0 0.7019230769230769 0.5072115384615385 0.6754807692307693 0.5072115384615385 0.6754807692307693 0.5673076923076924 0.7019230769230769 0.5673076923076924
0 0.625 0.512019230769231 0.5961538461538461 0.512019230769231 0.5961538461538461 0.5552884615384617 0.625 0.5552884615384617
0 0.5649038461538463 0.5336538461538463 0.5408653846153846 0.5336538461538461 0.5408653846153847 0.5649038461538463 0.5649038461538463 0.5649038461538463
0 0.7572115384615384 0.560096153846154 0.7259615384615384 0.560096153846154 0.7259615384615384 0.6201923076923077 0.7572115384615384 0.6201923076923077
0 0.6778846153846154 0.5576923076923078 0.6490384615384616 0.5576923076923078 0.6490384615384616 0.6177884615384616 0.6778846153846154 0.6177884615384616
0 0.4927884615384617 0.5841346153846154 0.46634615384615397 0.5841346153846154 0.46634615384615397 0.6370192307692307 0.4927884615384617 0.6370192307692307
0 0.44230769230769246 0.5889423076923077 0.41586538461538475 0.5889423076923077 0.41586538461538475 0.6322115384615384 0.44230769230769246 0.6322115384615384
0 0.47355769230769246 0.59375 0.45192307692307704 0.59375 0.45192307692307704 0.6466346153846154 0.47355769230769246 0.6466346153846154
0 0.6346153846153846 0.6274038461538461 0.6081730769230771 0.6274038461538461 0.6081730769230771 0.6706730769230769 0.6346153846153846 0.6706730769230769
0 0.4254807692307694 0.6322115384615384 0.4014423076923078 0.6322115384615384 0.4014423076923078 0.6682692307692307 0.4254807692307694 0.6682692307692307
0 0.47355769230769246 0.6586538461538461 0.4447115384615386 0.6586538461538461 0.4447115384615386 0.7091346153846154 0.47355769230769246 0.7091346153846154
0 0.5408653846153848 0.6826923076923077 0.5072115384615385 0.6826923076923077 0.5072115384615385 0.7355769230769231 0.5408653846153848 0.7355769230769231
0 0.8028846153846154 0.7259615384615384 0.7788461538461539 0.7259615384615384 0.7788461538461539 0.7764423076923077 0.8028846153846154 0.7764423076923077
0 0.18269230769230776 0.6298076923076923 0.1538461538461539 0.6298076923076923 0.1538461538461539 0.6802884615384616 0.18269230769230776 0.6802884615384616
0 0.6586538461538461 0.7019230769230769 0.625 0.7019230769230769 0.625 0.7644230769230769 0.6586538461538461 0.7644230769230769
0 0.3149038461538463 0.6682692307692307 0.28846153846153855 0.6682692307692307 0.28846153846153855 0.7211538461538461 0.3149038461538463 0.7211538461538461
0 0.38942307692307704 0.6850961538461539 0.3629807692307694 0.6850961538461539 0.3629807692307694 0.7475961538461539 0.38942307692307704 0.7475961538461539
0 0.5264423076923078 0.7259615384615384 0.5072115384615385 0.7259615384615384 0.5072115384615385 0.7620192307692307 0.5264423076923078 0.7620192307692307
0 0.35336538461538475 0.6947115384615384 0.32211538461538475 0.6947115384615384 0.32211538461538475 0.7379807692307693 0.35336538461538475 0.7379807692307693
0 0.4399038461538463 0.7211538461538461 0.4182692307692309 0.7211538461538461 0.4182692307692309 0.7716346153846154 0.4399038461538463 0.7716346153846154
0 0.4302884615384617 0.7211538461538461 0.4086538461538463 0.7211538461538461 0.4086538461538463 0.7716346153846154 0.4302884615384617 0.7716346153846154
0 0.6033653846153848 0.7572115384615384 0.5769230769230771 0.7572115384615384 0.5769230769230771 0.7932692307692307 0.6033653846153848 0.7932692307692307
0 0.6105769230769232 0.7692307692307693 0.5793269230769232 0.7692307692307693 0.5793269230769232 0.8461538461538461 0.6105769230769232 0.8461538461538461
0 0.42067307692307704 0.7788461538461539 0.39182692307692324 0.7788461538461539 0.39182692307692324 0.8221153846153846 0.42067307692307704 0.8221153846153846
0 0.3076923076923078 0.7644230769230769 0.28125000000000006 0.7644230769230769 0.28125000000000006 0.8125 0.3076923076923078 0.8125
0 0.4927884615384617 0.8028846153846154 0.45913461538461553 0.8028846153846154 0.45913461538461553 0.8653846153846154 0.4927884615384617 0.8653846153846154
0 0.5456730769230771 0.8317307692307693 0.5096153846153848 0.8317307692307693 0.5096153846153848 0.8846153846153846 0.5456730769230771 0.8846153846153846
0 0.591346153846154 0.8461538461538461 0.5649038461538463 0.8461538461538461 0.5649038461538463 0.8966346153846154 0.591346153846154 0.8966346153846154
0 0.03365384615384625 0.7692307692307693 9.420359993441179e-17 0.7692307692307693 9.685307618256712e-17 0.8125 0.033653846153846256 0.8125
0 0.31730769230769246 0.8461538461538461 0.29086538461538475 0.8461538461538461 0.29086538461538475 0.9014423076923077 0.31730769230769246 0.9014423076923077