0 0.9879807692307693 0.44711538461538475 0.9086538461538461 0.44711538461538475 0.9086538461538461 0.5072115384615385 0.9879807692307693 0.5072115384615385
0 1 0.574519230769231 0.9783653846153846 0.574519230769231 0.9783653846153846 0.6177884615384616 1 0.6177884615384616
0 0.4086538461538463 0.7307692307692307 0.3052884615384616 0.7307692307692307 0.3052884615384616 0.8004807692307693 0.4086538461538463 0.8004807692307693
0 0.40384615384615397 0.5817307692307693 0.3197115384615386 0.5817307692307693 0.3197115384615386 0.6394230769230769 0.40384615384615397 0.6394230769230769
0 0.48557692307692324 0.8798076923076923 0.4182692307692309 0.8798076923076923 0.4182692307692309 0.9206730769230769 0.48557692307692324 0.9206730769230769
0 0.40144230769230776 0.5192307692307693 0.3269230769230769 0.5192307692307693 0.326923076923077 0.5745192307692307 0.4014423076923078 0.5745192307692307
0 0.36538461538461536 0.25721153846153855 0.28846153846153844 0.25721153846153855 0.2884615384615385 0.31490384615384615 0.36538461538461536 0.31490384615384615
0 0.5240384615384617 0.8942307692307693 0.4495192307692309 0.8942307692307693 0.4495192307692309 0.9447115384615384 0.5240384615384617 0.9447115384615384
0 0.43509615384615385 0.4735576923076923 0.3798076923076923 0.4735576923076923 0.3798076923076923 0.5192307692307693 0.43509615384615385 0.5192307692307693
0 0.5528846153846155 0.84375 0.45913461538461553 0.84375 0.45913461538461553 0.9038461538461539 0.5528846153846155 0.9038461538461539
0 0.5312500000000001 0.7524038461538461 0.45192307692307704 0.7524038461538461 0.45192307692307704 0.8028846153846154 0.5312500000000001 0.8028846153846154
0 0.5048076923076924 0.6754807692307693 0.44711538461538475 0.6754807692307693 0.44711538461538475 0.7283653846153846 0.5048076923076924 0.7283653846153846
0 0.47836538461538464 0.29326923076923084 0.3870192307692308 0.29326923076923084 0.3870192307692308 0.3557692307692308 0.47836538461538464 0.3557692307692308
0 0.605769230769231 0.8197115384615384 0.5216346153846155 0.8197115384615384 0.5216346153846155 0.875 0.605769230769231 0.875
0 0.591346153846154 0.7283653846153846 0.512019230769231 0.7283653846153846 0.512019230769231 0.7860576923076923 0.591346153846154 0.7860576923076923
0 0.5384615384615385 0.5168269230769231 0.4855769230769231 0.5168269230769231 0.48557692307692313 0.5625 0.5384615384615385 0.5625
0 0.5961538461538463 0.6586538461538461 0.5336538461538463 0.6586538461538461 0.5336538461538463 0.6971153846153846 0.5961538461538463 0.6971153846153846
0 0.4951923076923077 0.11538461538461543 0.38221153846153844 0.11538461538461542 0.38221153846153844 0.19951923076923084 0.4951923076923077 0.19951923076923084
0 0.4519230769230769 0.021634615384615433 0.375 0.021634615384615426 0.375 0.06730769230769236 0.4519230769230769 0.06730769230769236
0 0.6225961538461539 0.6682692307692307 0.5360576923076924 0.6682692307692307 0.5360576923076924 0.71875 0.6225961538461539 0.71875
0 0.5889423076923077 0.528846153846154 0.5144230769230769 0.5288461538461539 0.514423076923077 0.5865384615384616 0.5889423076923078 0.5865384615384617
0 0.6538461538461539 0.560096153846154 0.5576923076923078 0.5600961538461539 0.5576923076923078 0.6129807692307693 0.6538461538461539 0.6129807692307694
0 0.7091346153846154 0.5793269230769232 0.6442307692307693 0.5793269230769232 0.6442307692307693 0.6201923076923077 0.7091346153846154 0.6201923076923077
0 0.625 7.109427932550139e-17 0.5360576923076923 6.564813370429321e-17 0.5360576923076923 0.06250000000000007 0.625 0.06250000000000007
0 0.6971153846153846 0.3076923076923078 0.6105769230769231 0.3076923076923078 0.6105769230769231 0.36538461538461553 0.6971153846153846 0.36538461538461553
0 0.6875 0.16346153846153852 0.5865384615384616 0.16346153846153852 0.5865384615384616 0.23317307692307698 0.6875 0.23317307692307698
0 0.7620192307692307 0.512019230769231 0.6899038461538461 0.512019230769231 0.6899038461538461 0.5625000000000001 0.7620192307692307 0.5625000000000001
0 0.7331730769230769 0.3509615384615386 0.6658653846153846 0.3509615384615386 0.6658653846153846 0.3990384615384617 0.7331730769230769 0.3990384615384617
0 0.90625 0.8677884615384616 0.8100961538461539 0.8677884615384616 0.8100961538461539 0.9326923076923077 0.90625 0.9326923076923077
0 0.9278846153846154 0.7524038461538461 0.8581730769230769 0.7524038461538461 0.8581730769230769 0.8052884615384616 0.9278846153846154 0.8052884615384616
0 0.9495192307692307 0.8052884615384616 0.8774038461538461 0.8052884615384616 0.8774038461538461 0.8605769230769231 0.9495192307692307 0.8605769230769231
0 0.9615384615384616 0.875 0.9182692307692307 0.875 0.9182692307692307 0.9110576923076923 0.9615384615384616 0.9110576923076923
0 0.8557692307692307 0.3076923076923078 0.7788461538461539 0.3076923076923078 0.7788461538461539 0.3629807692307694 0.8557692307692307 0.3629807692307694
0 1 0.7572115384615384 0.9567307692307693 0.7572115384615384 0.9567307692307693 0.8149038461538461 1 0.8149038461538461