0 0.40865384615384615 0.31490384615384615 0.38461538461538464 0.31490384615384615 0.38461538461538464 0.34615384615384615 0.40865384615384615 0.34615384615384615
0 0.3293269230769231 0.4230769230769231 0.3052884615384616 0.4230769230769231 0.3052884615384616 0.4567307692307692 0.3293269230769231 0.4567307692307692
0 0.5168269230769231 0.3942307692307692 0.4855769230769231 0.3942307692307692 0.4855769230769231 0.4423076923076923 0.5168269230769231 0.4423076923076923
0 0.4375 0.43028846153846156 0.41346153846153844 0.43028846153846156 0.41346153846153844 0.47115384615384615 0.4375 0.47115384615384615
0 0.38221153846153844 0.4543269230769231 0.3629807692307692 0.4543269230769231 0.3629807692307692 0.4831730769230769 0.38221153846153844 0.4831730769230769
0 0.4110576923076923 0.4567307692307692 0.38221153846153844 0.4567307692307692 0.38221153846153844 0.49278846153846156 0.4110576923076923 0.49278846153846156
0 0.35096153846153844 0.4855769230769231 0.3245192307692308 0.4855769230769231 0.3245192307692308 0.5264423076923077 0.35096153846153844 0.5264423076923077
0 0.3317307692307693 0.5360576923076923 0.3004807692307693 0.5360576923076923 0.3004807692307693 0.5721153846153846 0.3317307692307694 0.5721153846153846
0 0.4543269230769231 0.5096153846153846 0.43509615384615385 0.5096153846153846 0.43509615384615385 0.5408653846153846 0.4543269230769231 0.5408653846153846
0 0.5096153846153847 0.5192307692307693 0.4807692307692308 0.5192307692307693 0.48076923076923084 0.5625 0.5096153846153848 0.5625
0 0.3701923076923078 0.5625 0.3437500000000001 0.5625 0.3437500000000001 0.6009615384615384 0.3701923076923078 0.6009615384615384
0 0.5504807692307693 0.5192307692307693 0.5240384615384616 0.5192307692307693 0.5240384615384616 0.5576923076923077 0.5504807692307693 0.5576923076923077
0 0.5168269230769231 0.5360576923076923 0.4951923076923077 0.5360576923076923 0.49519230769230776 0.5673076923076923 0.5168269230769232 0.5673076923076923
0 0.4062500000000001 0.5721153846153846 0.3774038461538463 0.5721153846153846 0.3774038461538463 0.6129807692307693 0.4062500000000001 0.6129807692307693
0 0.4134615384615386 0.5769230769230769 0.39182692307692324 0.5769230769230769 0.39182692307692324 0.6177884615384616 0.4134615384615386 0.6177884615384616
0 0.33413461538461553 0.6009615384615384 0.3052884615384616 0.6009615384615384 0.3052884615384616 0.6442307692307693 0.33413461538461553 0.6442307692307693
0 0.5456730769230771 0.5673076923076923 0.512019230769231 0.5673076923076923 0.512019230769231 0.6105769230769231 0.5456730769230771 0.6105769230769231
0 0.5192307692307694 0.5769230769230769 0.5024038461538463 0.5769230769230769 0.5024038461538463 0.6081730769230769 0.5192307692307694 0.6081730769230769
0 0.47836538461538475 0.5889423076923077 0.45913461538461553 0.5889423076923077 0.45913461538461553 0.6177884615384616 0.47836538461538475 0.6177884615384616
0 0.5865384615384617 0.5721153846153847 0.5576923076923078 0.5721153846153846 0.5576923076923078 0.6057692307692308 0.5865384615384617 0.605769230769231
0 0.45192307692307704 0.6057692307692307 0.4326923076923078 0.6057692307692307 0.4326923076923078 0.6346153846153846 0.45192307692307704 0.6346153846153846
0 0.48557692307692324 0.6201923076923077 0.4639423076923078 0.6201923076923077 0.4639423076923078 0.6466346153846154 0.48557692307692324 0.6466346153846154
0 0.5360576923076924 0.6057692307692307 0.5000000000000001 0.6057692307692307 0.5000000000000001 0.6538461538461539 0.5360576923076924 0.6538461538461539
0 0.3677884615384617 0.65625 0.3437500000000001 0.65625 0.3437500000000001 0.6850961538461539 0.3677884615384617 0.6850961538461539
0 0.4447115384615386 0.65625 0.42307692307692324 0.65625 0.42307692307692324 0.6899038461538461 0.4447115384615386 0.6899038461538461
0 0.4951923076923078 0.6466346153846154 0.47355769230769246 0.6466346153846154 0.47355769230769246 0.6802884615384616 0.4951923076923078 0.6802884615384616
0 0.3822115384615386 0.6778846153846154 0.36057692307692324 0.6778846153846154 0.36057692307692324 0.7091346153846154 0.3822115384615386 0.7091346153846154
0 0.5336538461538463 0.6538461538461539 0.5072115384615385 0.6538461538461539 0.5072115384615385 0.6899038461538461 0.5336538461538463 0.6899038461538461
0 0.40384615384615397 0.6875 0.38461538461538475 0.6875 0.38461538461538475 0.7139423076923077 0.40384615384615397 0.7139423076923077
0 0.5456730769230771 0.6586538461538461 0.5240384615384617 0.6586538461538461 0.5240384615384617 0.6850961538461539 0.5456730769230771 0.6850961538461539
0 0.5144230769230771 0.6586538461538461 0.49038461538461553 0.6586538461538461 0.49038461538461553 0.7043269230769231 0.5144230769230771 0.7043269230769231
0 0.4326923076923078 0.7115384615384616 0.4134615384615386 0.7115384615384616 0.4134615384615386 0.7427884615384616 0.4326923076923078 0.7427884615384616
0 0.48317307692307704 0.6971153846153846 0.45432692307692324 0.6971153846153846 0.45432692307692324 0.7379807692307693 0.48317307692307704 0.7379807692307693
0 0.4711538461538463 0.7019230769230769 0.45192307692307704 0.7019230769230769 0.45192307692307704 0.7379807692307693 0.4711538461538463 0.7379807692307693
0 0.45913461538461553 0.7115384615384616 0.42788461538461553 0.7115384615384616 0.42788461538461553 0.7596153846153846 0.45913461538461553 0.7596153846153846
0 0.5096153846153848 0.7043269230769231 0.48317307692307704 0.7043269230769231 0.48317307692307704 0.7427884615384616 0.5096153846153848 0.7427884615384616
0 0.5528846153846155 0.7091346153846154 0.5264423076923078 0.7091346153846154 0.5264423076923078 0.7475961538461539 0.5528846153846155 0.7475961538461539
0 0.46634615384615397 0.7427884615384616 0.4495192307692309 0.7427884615384616 0.4495192307692309 0.7644230769230769 0.46634615384615397 0.7644230769230769
0 0.9471153846153846 0.3076923076923078 0.8966346153846154 0.3076923076923078 0.8966346153846154 0.37980769230769246 0.9471153846153846 0.37980769230769246