0 0.9038461538461539 0.8677884615384616 0.7668269230769231 0.8677884615384616 0.7668269230769231 0.9615384615384616 0.9038461538461539 0.9615384615384616
0 0.8461538461538461 0.7596153846153846 0.7331730769230769 0.7596153846153846 0.7331730769230769 0.8461538461538461 0.8461538461538461 0.8461538461538461
0 0.8870192307692307 0.528846153846154 0.7644230769230769 0.528846153846154 0.7644230769230769 0.6129807692307694 0.8870192307692307 0.6129807692307694
0 0.7836538461538461 0.9254807692307693 0.6971153846153846 0.9254807692307693 0.6971153846153846 0.9927884615384616 0.7836538461538461 0.9927884615384616
0 0.8629807692307693 0.23798076923076933 0.75 0.2379807692307693 0.75 0.3149038461538463 0.8629807692307693 0.3149038461538463
0 0.71875 0.8798076923076923 0.6225961538461539 0.8798076923076923 0.6225961538461539 0.9495192307692307 0.71875 0.9495192307692307
0 0.8125 0.4711538461538463 0.6826923076923077 0.4711538461538463 0.6826923076923077 0.560096153846154 0.8125 0.560096153846154
0 0.7307692307692307 0.7836538461538461 0.6177884615384616 0.7836538461538461 0.6177884615384616 0.875 0.7307692307692307 0.875
0 0.8533653846153846 0.0673076923076924 0.71875 0.06730769230769239 0.71875 0.16826923076923087 0.8533653846153846 0.1682692307692309
0 0.6370192307692307 0.9711538461538461 0.5576923076923078 0.9711538461538461 0.5576923076923078 1 0.6370192307692307 1
0 0.9543269230769231 0.7884615384615384 0.8701923076923077 0.7884615384615384 0.8701923076923077 0.8629807692307693 0.9543269230769231 0.8629807692307693
0 0.6754807692307693 0.71875 0.5192307692307694 0.71875 0.5192307692307694 0.8125 0.6754807692307693 0.8125
0 0.9350961538461539 0.9302884615384616 0.84375 0.9302884615384616 0.84375 0.9951923076923077 0.9350961538461539 0.9951923076923077
0 0.6370192307692307 0.5120192307692308 0.5192307692307693 0.5120192307692307 0.5192307692307693 0.5865384615384616 0.6370192307692307 0.5865384615384617
0 0.33413461538461553 0.6514423076923077 0.21875000000000006 0.6514423076923077 0.21875000000000006 0.7331730769230769 0.33413461538461553 0.7331730769230769
0 0.1947115384615386 0.8846153846153846 0.09855769230769242 0.8846153846153846 0.09855769230769242 0.9591346153846154 0.1947115384615386 0.9591346153846154
0 0.8725961538461539 0.9663461538461539 0.7860576923076923 0.9663461538461539 0.7860576923076923 0.9951923076923077 0.8725961538461539 0.9951923076923077
0 0.9975961538461539 0.22836538461538475 0.9038461538461539 0.22836538461538475 0.9038461538461539 0.30288461538461553 0.9975961538461539 0.30288461538461553