0 0.41586538461538464 4.548267559333319e-17 0.3269230769230769 4.0036529972125004e-17 0.3269230769230769 0.06730769230769235 0.41586538461538464 0.06730769230769236
0 0.9423076923076923 0.24519230769230782 0.875 0.24519230769230782 0.875 0.32692307692307704 0.9423076923076923 0.32692307692307704
0 1 0.3245192307692309 0.9831730769230769 0.3245192307692309 0.9831730769230769 0.3774038461538463 1 0.3774038461538463
0 0.8341346153846154 0.2548076923076924 0.7836538461538461 0.2548076923076924 0.7836538461538461 0.31009615384615397 0.8341346153846154 0.31009615384615397
0 0.9711538461538461 0.3245192307692309 0.9206730769230769 0.3245192307692309 0.9206730769230769 0.3822115384615386 0.9711538461538461 0.3822115384615386
0 0.8365384615384616 0.07692307692307702 0.7860576923076923 0.07692307692307702 0.7860576923076923 0.13221153846153857 0.8365384615384616 0.13221153846153857
0 0.6754807692307693 0.2524038461538462 0.6370192307692307 0.2524038461538462 0.6370192307692307 0.29326923076923084 0.6754807692307693 0.29326923076923084
0 0.5168269230769231 0.26682692307692313 0.4375 0.26682692307692313 0.4375 0.3581730769230769 0.5168269230769231 0.3581730769230769
0 0.5600961538461539 0.31971153846153855 0.5120192307692307 0.31971153846153844 0.5120192307692307 0.3725961538461539 0.5600961538461539 0.37259615384615397
0 0.7884615384615384 0.4182692307692309 0.7115384615384616 0.4182692307692309 0.7115384615384616 0.5000000000000001 0.7884615384615384 0.5000000000000001
0 0.9302884615384616 0.48317307692307704 0.8389423076923077 0.48317307692307704 0.8389423076923077 0.5721153846153848 0.9302884615384616 0.5721153846153848
0 0.6995192307692307 0.4447115384615386 0.6274038461538461 0.4447115384615386 0.6274038461538461 0.5240384615384617 0.6995192307692307 0.5240384615384617
0 0.84375 0.5360576923076924 0.7788461538461539 0.5360576923076924 0.7788461538461539 0.6129807692307694 0.84375 0.6129807692307694
0 0.8317307692307693 0.5673076923076924 0.7764423076923077 0.5673076923076924 0.7764423076923077 0.6225961538461539 0.8317307692307693 0.6225961538461539
0 0.625 0.5048076923076924 0.5673076923076923 0.5048076923076924 0.5673076923076924 0.574519230769231 0.625 0.574519230769231
0 0.6105769230769231 0.5048076923076924 0.5528846153846154 0.5048076923076923 0.5528846153846154 0.5721153846153847 0.6105769230769232 0.5721153846153848
0 0.375 0.40865384615384615 0.28846153846153855 0.40865384615384615 0.28846153846153855 0.4951923076923077 0.375 0.4951923076923077
0 0.7427884615384616 0.5889423076923078 0.6971153846153846 0.5889423076923078 0.6971153846153846 0.6394230769230769 0.7427884615384616 0.6394230769230769
0 0.7163461538461539 0.5769230769230771 0.6658653846153846 0.5769230769230771 0.6658653846153846 0.6370192307692307 0.7163461538461539 0.6370192307692307
0 0.6129807692307693 0.5552884615384617 0.5600961538461539 0.5552884615384617 0.560096153846154 0.6201923076923077 0.6129807692307694 0.6201923076923077
0 0.5697115384615385 0.5552884615384616 0.5264423076923077 0.5552884615384616 0.5264423076923077 0.6057692307692308 0.5697115384615385 0.605769230769231
0 0.6875 0.6153846153846154 0.6394230769230769 0.6153846153846154 0.6394230769230769 0.6754807692307693 0.6875 0.6754807692307693
0 0.420673076923077 0.5552884615384616 0.375 0.5552884615384616 0.37500000000000006 0.6129807692307693 0.42067307692307704 0.6129807692307693
0 0.6009615384615385 0.6322115384615384 0.5504807692307694 0.6322115384615384 0.5504807692307694 0.6923076923076923 0.6009615384615385 0.6923076923076923
0 0.5961538461538463 0.6370192307692307 0.5360576923076924 0.6370192307692307 0.5360576923076924 0.7163461538461539 0.5961538461538463 0.7163461538461539
0 0.35817307692307704 0.5721153846153846 0.3028846153846155 0.5721153846153846 0.3028846153846155 0.6322115384615384 0.35817307692307704 0.6322115384615384
0 0.48557692307692324 0.65625 0.4086538461538463 0.65625 0.4086538461538463 0.7331730769230769 0.48557692307692324 0.7331730769230769
0 0.19230769230769237 0.5528846153846154 0.12500000000000006 0.5528846153846154 0.12500000000000006 0.6322115384615384 0.19230769230769237 0.6322115384615384
0 0.5576923076923078 0.7019230769230769 0.49759615384615397 0.7019230769230769 0.49759615384615397 0.7740384615384616 0.5576923076923078 0.7740384615384616
0 0.29807692307692313 0.6538461538461539 0.2475961538461539 0.6538461538461539 0.2475961538461539 0.7211538461538461 0.29807692307692313 0.7211538461538461
0 0.46634615384615397 0.7139423076923077 0.39663461538461553 0.7139423076923077 0.39663461538461553 0.7980769230769231 0.46634615384615397 0.7980769230769231
0 0.4182692307692309 0.7019230769230769 0.3461538461538463 0.7019230769230769 0.3461538461538463 0.78125 0.4182692307692309 0.78125
0 0.2379807692307693 0.6995192307692307 0.15865384615384623 0.6995192307692307 0.15865384615384623 0.7836538461538461 0.2379807692307693 0.7836538461538461
0 0.32692307692307704 0.7548076923076923 0.27644230769230776 0.7548076923076923 0.27644230769230776 0.8221153846153846 0.32692307692307704 0.8221153846153846
0 0.2716346153846155 0.7283653846153846 0.20432692307692316 0.7283653846153846 0.20432692307692316 0.8052884615384616 0.2716346153846155 0.8052884615384616
0 0.42788461538461553 0.8341346153846154 0.37259615384615397 0.8341346153846154 0.37259615384615397 0.9038461538461539 0.42788461538461553 0.9038461538461539
0 0.1538461538461539 0.7620192307692307 0.10096153846153856 0.7620192307692307 0.10096153846153856 0.8269230769230769 0.1538461538461539 0.8269230769230769