0 0.5865384615384616 0.012019230769230838 0.5360576923076923 0.012019230769230834 0.5360576923076923 0.04567307692307699 0.5865384615384616 0.04567307692307699
0 0.6105769230769231 0.12019230769230776 0.5649038461538461 0.12019230769230776 0.5649038461538461 0.15144230769230776 0.6105769230769231 0.15144230769230776
0 0.5673076923076923 0.29326923076923084 0.5264423076923077 0.29326923076923084 0.5264423076923077 0.3221153846153847 0.5673076923076923 0.32211538461538475
0 0.5697115384615384 0.32451923076923084 0.5336538461538461 0.3245192307692308 0.5336538461538461 0.35096153846153855 0.5697115384615384 0.3509615384615386
0 0.5048076923076923 0.16105769230769237 0.45913461538461536 0.16105769230769237 0.45913461538461536 0.19471153846153852 0.5048076923076923 0.19471153846153852
0 0.5528846153846154 0.44471153846153844 0.5168269230769231 0.44471153846153844 0.5168269230769231 0.46875 0.5528846153846154 0.46875
0 0.5 0.2716346153846155 0.46875 0.2716346153846155 0.46875 0.29326923076923084 0.5 0.29326923076923084
0 0.5240384615384616 0.4182692307692308 0.4807692307692308 0.4182692307692308 0.4807692307692308 0.4519230769230769 0.5240384615384616 0.4519230769230769
0 0.4735576923076923 0.295673076923077 0.43028846153846156 0.295673076923077 0.43028846153846156 0.31490384615384615 0.4735576923076923 0.31490384615384615
0 0.44711538461538464 0.2740384615384616 0.4110576923076923 0.2740384615384616 0.4110576923076923 0.3004807692307693 0.44711538461538464 0.3004807692307693
0 0.46634615384615385 0.35096153846153844 0.42788461538461536 0.35096153846153844 0.42788461538461536 0.37740384615384615 0.46634615384615385 0.37740384615384615
0 0.41346153846153844 0.19230769230769237 0.3701923076923077 0.19230769230769237 0.3701923076923077 0.21875000000000006 0.41346153846153844 0.21875000000000006
0 0.3894230769230769 0.18750000000000006 0.35336538461538464 0.18750000000000006 0.35336538461538464 0.21153846153846162 0.3894230769230769 0.21153846153846162
0 0.4639423076923077 0.5216346153846154 0.4254807692307692 0.5216346153846154 0.4254807692307692 0.5480769230769231 0.4639423076923077 0.5480769230769231
0 0.4326923076923077 0.42788461538461536 0.40384615384615385 0.42788461538461536 0.40384615384615385 0.44711538461538464 0.4326923076923077 0.44711538461538464
0 0.41586538461538464 0.3629807692307692 0.38461538461538464 0.3629807692307692 0.38461538461538464 0.3870192307692308 0.41586538461538464 0.3870192307692308
0 0.40865384615384615 0.5024038461538461 0.3629807692307692 0.5024038461538461 0.3629807692307692 0.53125 0.40865384615384615 0.53125
0 0.38461538461538464 0.39903846153846156 0.3389423076923077 0.39903846153846156 0.3389423076923077 0.43028846153846156 0.38461538461538464 0.43028846153846156
0 0.3389423076923077 0.2596153846153847 0.3076923076923077 0.2596153846153847 0.3076923076923077 0.2836538461538462 0.3389423076923077 0.2836538461538462
0 0.36778846153846156 0.46634615384615385 0.3317307692307692 0.46634615384615385 0.3317307692307692 0.49038461538461536 0.36778846153846156 0.49038461538461536
0 0.3389423076923077 0.40384615384615385 0.3028846153846155 0.40384615384615385 0.3028846153846155 0.4230769230769231 0.3389423076923077 0.4230769230769231
0 0.3125 0.27403846153846156 0.2764423076923077 0.27403846153846156 0.2764423076923077 0.29807692307692313 0.3125 0.29807692307692313
0 0.3485576923076923 0.4639423076923077 0.31490384615384615 0.4639423076923077 0.31490384615384615 0.4879807692307692 0.3485576923076923 0.4879807692307692
0 0.31009615384615385 0.375 0.2740384615384616 0.375 0.2740384615384616 0.40384615384615385 0.31009615384615385 0.40384615384615385
0 0.295673076923077 0.3317307692307692 0.25000000000000006 0.3317307692307692 0.25000000000000006 0.3557692307692308 0.295673076923077 0.3557692307692308
0 0.2548076923076923 0.23798076923076922 0.20432692307692307 0.23798076923076922 0.20432692307692307 0.2692307692307692 0.2548076923076923 0.2692307692307692
0 0.26201923076923084 0.36778846153846156 0.2283653846153847 0.36778846153846156 0.2283653846153847 0.3918269230769231 0.26201923076923084 0.3918269230769231
0 0.3197115384615386 0.6610576923076923 0.2860576923076924 0.6610576923076923 0.2860576923076924 0.6850961538461539 0.3197115384615386 0.6850961538461539
0 0.2692307692307693 0.4855769230769231 0.2283653846153847 0.4855769230769231 0.2283653846153847 0.5168269230769231 0.2692307692307693 0.5168269230769231
0 0.28846153846153855 0.6225961538461539 0.26682692307692313 0.6225961538461539 0.26682692307692313 0.6418269230769231 0.28846153846153855 0.6418269230769231
0 0.25000000000000006 0.4375 0.21394230769230776 0.4375 0.21394230769230776 0.4639423076923077 0.25000000000000006 0.4639423076923077
0 0.2908653846153847 0.6610576923076923 0.26682692307692313 0.6610576923076923 0.26682692307692313 0.6850961538461539 0.2908653846153847 0.6850961538461539
0 0.1971153846153847 0.31009615384615385 0.1538461538461539 0.31009615384615385 0.1538461538461539 0.3389423076923077 0.1971153846153847 0.3389423076923077
0 0.24038461538461545 0.5576923076923077 0.19471153846153852 0.5576923076923077 0.19471153846153852 0.5913461538461539 0.24038461538461545 0.5913461538461539
0 0.20913461538461545 0.46634615384615385 0.16826923076923084 0.46634615384615385 0.16826923076923084 0.4951923076923077 0.20913461538461545 0.4951923076923077
0 0.17067307692307698 0.49038461538461536 0.12980769230769237 0.49038461538461536 0.12980769230769237 0.5168269230769231 0.17067307692307698 0.5168269230769231
0 0.13221153846153852 0.5144230769230769 0.09134615384615391 0.5144230769230769 0.09134615384615391 0.5432692307692307 0.13221153846153852 0.5432692307692307
0 0.13942307692307698 0.6394230769230769 0.10096153846153853 0.6394230769230769 0.10096153846153853 0.6754807692307693 0.13942307692307698 0.6754807692307693
0 0.35096153846153844 0.3485576923076923 0.3052884615384616 0.3485576923076923 0.3052884615384616 0.37740384615384615 0.35096153846153844 0.37740384615384615