0 0.2524038461538462 0.2644230769230769 0.21634615384615385 0.2644230769230769 0.21634615384615388 0.29086538461538464 0.2524038461538462 0.29086538461538464
0 0.29807692307692313 0.49038461538461536 0.2548076923076924 0.49038461538461536 0.2548076923076924 0.5168269230769231 0.29807692307692313 0.5168269230769231
0 0.3149038461538462 0.5360576923076923 0.2692307692307693 0.5360576923076923 0.2692307692307693 0.5625 0.3149038461538463 0.5625
0 0.32211538461538464 0.24278846153846156 0.27403846153846156 0.24278846153846154 0.27403846153846156 0.27403846153846156 0.32211538461538464 0.2740384615384616
0 0.32211538461538464 0.13461538461538464 0.2860576923076923 0.13461538461538464 0.2860576923076923 0.1658653846153847 0.32211538461538464 0.1658653846153847
0 0.3870192307692309 0.625 0.35817307692307704 0.625 0.35817307692307704 0.6514423076923077 0.3870192307692309 0.6514423076923077
0 0.375 0.295673076923077 0.3269230769230769 0.295673076923077 0.3269230769230769 0.32211538461538464 0.375 0.32211538461538464
0 0.4014423076923078 0.6177884615384616 0.37259615384615397 0.6177884615384616 0.37259615384615397 0.6370192307692307 0.4014423076923078 0.6370192307692307
0 0.35336538461538464 0.07211538461538466 0.3293269230769231 0.07211538461538465 0.3293269230769231 0.10096153846153849 0.35336538461538464 0.10096153846153849
0 0.4206730769230769 0.47115384615384615 0.37259615384615385 0.47115384615384615 0.37259615384615385 0.5072115384615384 0.4206730769230769 0.5072115384615384
0 0.37740384615384615 0.07692307692307696 0.35336538461538464 0.07692307692307696 0.35336538461538464 0.10096153846153849 0.37740384615384615 0.10096153846153849
0 0.4230769230769231 0.40625 0.3870192307692308 0.40625 0.3870192307692308 0.43028846153846156 0.4230769230769231 0.43028846153846156
0 0.39903846153846156 0.11298076923076926 0.3605769230769231 0.11298076923076926 0.3605769230769231 0.14423076923076927 0.39903846153846156 0.14423076923076927
0 0.45432692307692313 0.5480769230769231 0.4110576923076923 0.5480769230769231 0.4110576923076924 0.5721153846153846 0.45432692307692324 0.5721153846153846
0 0.43990384615384615 0.4831730769230769 0.4182692307692308 0.4831730769230769 0.4182692307692308 0.5024038461538461 0.43990384615384615 0.5024038461538461
0 0.40625 0.05048076923076928 0.37740384615384615 0.05048076923076928 0.37740384615384615 0.07211538461538466 0.40625 0.07211538461538466
0 0.47355769230769246 0.6610576923076923 0.4447115384615386 0.6610576923076923 0.4447115384615386 0.6850961538461539 0.47355769230769246 0.6850961538461539
0 0.4567307692307692 0.46875 0.43028846153846156 0.46875 0.43028846153846156 0.49278846153846156 0.4567307692307692 0.49278846153846156
0 0.4254807692307692 0.03846153846153851 0.4014423076923077 0.03846153846153851 0.4014423076923077 0.0649038461538462 0.4254807692307692 0.0649038461538462
0 0.4951923076923078 0.6057692307692307 0.45913461538461553 0.6057692307692307 0.45913461538461553 0.6298076923076923 0.4951923076923078 0.6298076923076923
0 0.4879807692307692 0.47596153846153844 0.44471153846153844 0.47596153846153844 0.44471153846153844 0.5 0.4879807692307692 0.5
0 0.46634615384615385 0.2836538461538462 0.43028846153846156 0.2836538461538462 0.43028846153846156 0.31490384615384615 0.46634615384615385 0.31490384615384615
0 0.5240384615384617 0.6105769230769231 0.4927884615384617 0.6105769230769231 0.4927884615384617 0.6346153846153846 0.5240384615384617 0.6346153846153846
0 0.5096153846153846 0.33413461538461536 0.4567307692307692 0.33413461538461536 0.4567307692307692 0.36538461538461536 0.5096153846153846 0.36538461538461536
0 0.5 0.264423076923077 0.4567307692307692 0.264423076923077 0.4567307692307692 0.29807692307692313 0.5 0.29807692307692313
0 0.5192307692307693 0.375 0.47596153846153844 0.375 0.47596153846153844 0.40625 0.5192307692307693 0.40625
0 0.5384615384615384 0.4735576923076923 0.5 0.4735576923076923 0.5 0.5024038461538461 0.5384615384615384 0.5024038461538461
0 0.5600961538461539 0.19230769230769237 0.49759615384615385 0.19230769230769237 0.49759615384615385 0.24038461538461545 0.5600961538461539 0.24038461538461545
0 0.5889423076923078 0.591346153846154 0.5552884615384617 0.5913461538461539 0.5552884615384617 0.6105769230769231 0.5889423076923078 0.6105769230769232
0 0.5697115384615384 0.41346153846153855 0.5336538461538461 0.41346153846153844 0.5336538461538461 0.4423076923076924 0.5697115384615384 0.44230769230769246
0 0.5841346153846154 0.31971153846153855 0.5408653846153846 0.31971153846153844 0.5408653846153846 0.34375000000000006 0.5841346153846154 0.3437500000000001
0 0.6105769230769231 0.37259615384615397 0.5721153846153846 0.37259615384615397 0.5721153846153846 0.3990384615384617 0.6105769230769231 0.3990384615384617
0 0.6586538461538461 0.44711538461538475 0.6009615384615384 0.44711538461538475 0.6009615384615384 0.48557692307692324 0.6586538461538461 0.48557692307692324
0 0.6995192307692307 0.264423076923077 0.6538461538461539 0.264423076923077 0.6538461538461539 0.29326923076923084 0.6995192307692307 0.29326923076923084
0 0.7163461538461539 0.42067307692307704 0.6778846153846154 0.42067307692307704 0.6778846153846154 0.4447115384615386 0.7163461538461539 0.4447115384615386