0 0.9423076923076923 0.6418269230769231 0.9014423076923077 0.6418269230769231 0.9014423076923077 0.6706730769230769 0.9423076923076923 0.6706730769230769
0 0.9951923076923077 0.3822115384615386 0.9591346153846154 0.3822115384615386 0.9591346153846154 0.4134615384615386 0.9951923076923077 0.4134615384615386
0 0.3028846153846155 0.75 0.2379807692307693 0.75 0.2379807692307693 0.7932692307692307 0.3028846153846155 0.7932692307692307
0 0.36057692307692324 0.5769230769230769 0.31009615384615397 0.5769230769230769 0.31009615384615397 0.6081730769230769 0.36057692307692324 0.6081730769230769
0 0.37740384615384615 0.47115384615384615 0.32211538461538464 0.47115384615384615 0.32211538461538464 0.5096153846153846 0.37740384615384615 0.5096153846153846
0 0.3725961538461539 0.5504807692307693 0.3173076923076923 0.5504807692307693 0.3173076923076924 0.5841346153846154 0.37259615384615397 0.5841346153846154
0 0.41346153846153855 0.5360576923076923 0.3581730769230769 0.5360576923076923 0.358173076923077 0.5769230769230769 0.4134615384615386 0.5769230769230769
0 0.4182692307692309 0.5817307692307693 0.36538461538461553 0.5817307692307693 0.36538461538461553 0.6201923076923077 0.4182692307692309 0.6201923076923077
0 0.42067307692307704 0.6129807692307693 0.3701923076923078 0.6129807692307693 0.3701923076923078 0.6418269230769231 0.42067307692307704 0.6418269230769231
0 0.5 0.3581730769230769 0.44471153846153844 0.3581730769230769 0.44471153846153844 0.39903846153846156 0.5 0.39903846153846156
0 0.5096153846153848 0.6370192307692307 0.4567307692307694 0.6370192307692307 0.4567307692307694 0.6682692307692307 0.5096153846153848 0.6682692307692307
0 0.528846153846154 0.5360576923076923 0.4735576923076923 0.5360576923076923 0.4735576923076924 0.5769230769230769 0.528846153846154 0.5769230769230769
0 0.5144230769230771 0.6754807692307693 0.45192307692307704 0.6754807692307693 0.45192307692307704 0.7091346153846154 0.5144230769230771 0.7091346153846154
0 0.5240384615384617 0.6009615384615384 0.47836538461538475 0.6009615384615384 0.47836538461538475 0.6346153846153846 0.5240384615384617 0.6346153846153846
0 0.5504807692307693 0.5504807692307693 0.5168269230769231 0.5504807692307693 0.5168269230769231 0.5769230769230769 0.5504807692307694 0.5769230769230769
0 0.5552884615384617 0.7331730769230769 0.4879807692307694 0.7331730769230769 0.4879807692307694 0.7788461538461539 0.5552884615384617 0.7788461538461539
0 0.5721153846153848 0.6610576923076923 0.5096153846153848 0.6610576923076923 0.5096153846153848 0.7043269230769231 0.5721153846153848 0.7043269230769231
0 0.6418269230769231 0.4927884615384617 0.5817307692307693 0.4927884615384617 0.5817307692307693 0.5264423076923078 0.6418269230769231 0.5264423076923078
0 0.6514423076923077 0.4447115384615386 0.6033653846153846 0.4447115384615386 0.6033653846153846 0.47836538461538475 0.6514423076923077 0.47836538461538475
0 0.6538461538461539 0.4807692307692309 0.5985576923076923 0.4807692307692309 0.5985576923076923 0.512019230769231 0.6538461538461539 0.512019230769231
0 0.6322115384615384 0.6442307692307693 0.5865384615384617 0.6442307692307693 0.5865384615384617 0.6730769230769231 0.6322115384615384 0.6730769230769231
0 0.6875 0.4447115384615386 0.6514423076923077 0.4447115384615386 0.6514423076923077 0.47355769230769246 0.6875 0.47355769230769246
0 0.7163461538461539 0.4927884615384617 0.6610576923076923 0.4927884615384617 0.6610576923076923 0.5312500000000001 0.7163461538461539 0.5312500000000001
0 0.7259615384615384 0.5552884615384617 0.6658653846153846 0.5552884615384617 0.6658653846153846 0.6033653846153848 0.7259615384615384 0.6033653846153848
0 0.6899038461538461 0.8341346153846154 0.6346153846153846 0.8341346153846154 0.6346153846153846 0.8677884615384616 0.6899038461538461 0.8677884615384616
0 0.7668269230769231 0.20913461538461545 0.7139423076923077 0.20913461538461545 0.7139423076923077 0.24038461538461545 0.7668269230769231 0.24038461538461545
0 0.71875 0.6802884615384616 0.6538461538461539 0.6802884615384616 0.6538461538461539 0.7235576923076923 0.71875 0.7235576923076923
0 0.7716346153846154 0.3461538461538463 0.7163461538461539 0.3461538461538463 0.7163461538461539 0.3822115384615386 0.7716346153846154 0.3822115384615386
0 0.7740384615384616 0.42067307692307704 0.7091346153846154 0.42067307692307704 0.7091346153846154 0.45913461538461553 0.7740384615384616 0.45913461538461553
0 0.75 0.5697115384615385 0.7091346153846154 0.5697115384615385 0.7091346153846154 0.5961538461538463 0.75 0.5961538461538463
0 0.7788461538461539 0.3822115384615386 0.7283653846153846 0.3822115384615386 0.7283653846153846 0.42067307692307704 0.7788461538461539 0.42067307692307704
0 0.7836538461538461 0.48557692307692324 0.7307692307692307 0.48557692307692324 0.7307692307692307 0.512019230769231 0.7836538461538461 0.512019230769231
0 0.7860576923076923 0.47836538461538475 0.7355769230769231 0.47836538461538475 0.7355769230769231 0.5048076923076924 0.7860576923076923 0.5048076923076924
0 0.7620192307692307 0.6466346153846154 0.7211538461538461 0.6466346153846154 0.7211538461538461 0.6778846153846154 0.7620192307692307 0.6778846153846154
0 0.8100961538461539 0.6538461538461539 0.7307692307692307 0.6538461538461539 0.7307692307692307 0.6971153846153846 0.8100961538461539 0.6971153846153846
0 0.8389423076923077 0.47355769230769246 0.7908653846153846 0.47355769230769246 0.7908653846153846 0.5096153846153848 0.8389423076923077 0.5096153846153848
0 0.8629807692307693 0.36538461538461553 0.8125 0.36538461538461553 0.8125 0.3942307692307694 0.8629807692307693 0.3942307692307694
0 0.8629807692307693 0.5480769230769232 0.7956730769230769 0.5480769230769232 0.7956730769230769 0.591346153846154 0.8629807692307693 0.591346153846154
0 0.8653846153846154 0.605769230769231 0.8100961538461539 0.605769230769231 0.8100961538461539 0.6466346153846154 0.8653846153846154 0.6466346153846154
0 0.8629807692307693 0.6610576923076923 0.8076923076923077 0.6610576923076923 0.8076923076923077 0.6947115384615384 0.8629807692307693 0.6947115384615384
0 0.9399038461538461 0.09134615384615395 0.8894230769230769 0.09134615384615395 0.8894230769230769 0.13701923076923087 0.9399038461538461 0.13701923076923087
0 0.9471153846153846 0.39663461538461553 0.8870192307692307 0.39663461538461553 0.8870192307692307 0.4302884615384617 0.9471153846153846 0.4302884615384617