0 0.8100961538461539 0.42067307692307704 0.7764423076923077 0.42067307692307704 0.7764423076923077 0.44711538461538475 0.8100961538461539 0.44711538461538475
0 0.7884615384615384 0.3701923076923078 0.7548076923076923 0.3701923076923078 0.7548076923076923 0.39663461538461553 0.7884615384615384 0.39663461538461553
0 0.7644230769230769 0.48557692307692324 0.7355769230769231 0.48557692307692324 0.7355769230769231 0.5072115384615385 0.7644230769230769 0.5072115384615385
0 0.7548076923076923 0.5024038461538463 0.7331730769230769 0.5024038461538463 0.7331730769230769 0.5192307692307694 0.7548076923076923 0.5192307692307694
0 0.7524038461538461 0.4711538461538463 0.7307692307692307 0.4711538461538463 0.7307692307692307 0.49038461538461553 0.7524038461538461 0.49038461538461553
0 0.7355769230769231 0.5384615384615385 0.7067307692307693 0.5384615384615385 0.7067307692307693 0.5625000000000001 0.7355769230769231 0.5625000000000001
0 0.7211538461538461 0.5480769230769232 0.6995192307692307 0.5480769230769232 0.6995192307692307 0.5673076923076924 0.7211538461538461 0.5673076923076924
0 0.7307692307692307 0.4399038461538463 0.7043269230769231 0.4399038461538463 0.7043269230769231 0.45913461538461553 0.7307692307692307 0.45913461538461553
0 0.6995192307692307 0.591346153846154 0.6802884615384616 0.591346153846154 0.6802884615384616 0.6081730769230771 0.6995192307692307 0.6081730769230771
0 0.6995192307692307 0.5408653846153848 0.6706730769230769 0.5408653846153848 0.6706730769230769 0.5673076923076924 0.6995192307692307 0.5673076923076924
0 0.71875 0.3942307692307694 0.6754807692307693 0.3942307692307694 0.6754807692307693 0.4254807692307694 0.71875 0.4254807692307694
0 0.7067307692307693 0.42307692307692324 0.6706730769230769 0.42307692307692324 0.6706730769230769 0.4495192307692309 0.7067307692307693 0.4495192307692309
0 0.6995192307692307 0.4134615384615386 0.6730769230769231 0.4134615384615386 0.6730769230769231 0.4302884615384617 0.6995192307692307 0.4302884615384617
0 0.6730769230769231 0.5408653846153848 0.6514423076923077 0.5408653846153848 0.6514423076923077 0.560096153846154 0.6730769230769231 0.560096153846154
0 0.6466346153846154 0.5817307692307694 0.6201923076923077 0.5817307692307694 0.6201923076923077 0.6081730769230771 0.6466346153846154 0.6081730769230771
0 0.6682692307692307 0.37980769230769246 0.6442307692307693 0.37980769230769246 0.6442307692307693 0.3942307692307694 0.6682692307692307 0.3942307692307694
0 0.6298076923076923 0.41586538461538475 0.6105769230769231 0.41586538461538475 0.6105769230769231 0.4302884615384617 0.6298076923076923 0.4302884615384617
0 0.6225961538461539 0.4567307692307694 0.5961538461538461 0.4567307692307694 0.5961538461538461 0.4759615384615386 0.6225961538461539 0.4759615384615386
0 0.6033653846153846 0.5168269230769232 0.5841346153846154 0.5168269230769232 0.5841346153846154 0.5360576923076924 0.6033653846153846 0.5360576923076924
0 0.5985576923076923 0.5024038461538463 0.5769230769230769 0.5024038461538463 0.5769230769230769 0.5168269230769232 0.5985576923076923 0.5168269230769232
0 0.5913461538461539 0.5312500000000001 0.5697115384615384 0.5312500000000001 0.5697115384615384 0.5528846153846155 0.5913461538461539 0.5528846153846155
0 0.5961538461538461 0.4062500000000001 0.5625 0.4062500000000001 0.5625 0.4326923076923078 0.5961538461538461 0.4326923076923078
0 0.5793269230769231 0.4711538461538462 0.5456730769230769 0.47115384615384615 0.5456730769230769 0.5048076923076924 0.5793269230769231 0.5048076923076924
0 0.5889423076923077 0.35576923076923084 0.5576923076923077 0.3557692307692308 0.5576923076923077 0.37500000000000006 0.5889423076923077 0.3750000000000001
0 0.5745192307692307 0.3846153846153847 0.5480769230769231 0.38461538461538464 0.5480769230769231 0.4038461538461539 0.5745192307692307 0.40384615384615397
0 0.5721153846153846 0.420673076923077 0.5240384615384616 0.4206730769230769 0.5240384615384616 0.4567307692307693 0.5721153846153846 0.4567307692307694
0 0.5649038461538461 0.3774038461538462 0.5288461538461539 0.37740384615384615 0.5288461538461539 0.40625000000000006 0.5649038461538461 0.4062500000000001
0 0.5336538461538463 0.5697115384615384 0.5048076923076924 0.5697115384615384 0.5048076923076924 0.59375 0.5336538461538463 0.59375
0 0.5408653846153846 0.36778846153846156 0.5048076923076923 0.36778846153846156 0.5048076923076923 0.3918269230769231 0.5408653846153846 0.3918269230769231
0 0.512019230769231 0.5600961538461539 0.4879807692307694 0.5600961538461539 0.4879807692307694 0.5817307692307693 0.512019230769231 0.5817307692307693
0 0.49278846153846156 0.5048076923076923 0.47115384615384615 0.5048076923076923 0.47115384615384615 0.5264423076923077 0.49278846153846156 0.5264423076923077
0 0.49278846153846156 0.3894230769230769 0.46875 0.3894230769230769 0.46875 0.40865384615384615 0.49278846153846156 0.40865384615384615
0 0.49278846153846156 0.35096153846153844 0.4543269230769231 0.35096153846153844 0.4543269230769231 0.3798076923076923 0.49278846153846156 0.3798076923076923
0 0.46875 0.4326923076923077 0.43990384615384615 0.4326923076923077 0.43990384615384615 0.4519230769230769 0.46875 0.4519230769230769
0 0.41586538461538464 0.4375 0.3870192307692308 0.4375 0.3870192307692308 0.45913461538461536 0.41586538461538464 0.45913461538461536
0 0.4254807692307692 0.29326923076923084 0.3894230769230769 0.29326923076923084 0.3894230769230769 0.32211538461538464 0.4254807692307692 0.32211538461538464
0 0.3701923076923077 0.4326923076923077 0.35336538461538464 0.4326923076923077 0.35336538461538464 0.4495192307692308 0.3701923076923077 0.4495192307692308
0 0.5649038461538461 0.14663461538461545 0.5360576923076923 0.14663461538461545 0.5360576923076923 0.17067307692307698 0.5649038461538461 0.17067307692307698
0 0.4567307692307692 0.43028846153846156 0.4375 0.43028846153846156 0.4375 0.44471153846153844 0.4567307692307692 0.44471153846153844