0 0.22596153846153852 0.4375 0.20192307692307698 0.4375 0.20192307692307698 0.4639423076923077 0.22596153846153852 0.4639423076923077
0 0.28125000000000006 0.5432692307692307 0.26201923076923084 0.5432692307692307 0.26201923076923084 0.5721153846153846 0.28125000000000006 0.5721153846153846
0 0.33413461538461536 0.37259615384615385 0.31009615384615385 0.37259615384615385 0.31009615384615385 0.39903846153846156 0.33413461538461536 0.39903846153846156
0 0.4375 0.4014423076923077 0.41586538461538464 0.4014423076923077 0.41586538461538464 0.42788461538461536 0.4375 0.42788461538461536
0 0.37259615384615385 0.3557692307692308 0.35096153846153844 0.3557692307692308 0.35096153846153844 0.37740384615384615 0.37259615384615385 0.37740384615384615
0 0.35576923076923084 0.5384615384615384 0.33653846153846156 0.5384615384615384 0.3365384615384616 0.5600961538461539 0.3557692307692309 0.5600961538461539
0 0.37500000000000006 0.5384615384615384 0.35336538461538464 0.5384615384615384 0.3533653846153847 0.5625 0.3750000000000001 0.5625
0 0.46875 0.43509615384615385 0.4495192307692308 0.43509615384615385 0.4495192307692308 0.4543269230769231 0.46875 0.4543269230769231
0 0.47596153846153844 0.4567307692307692 0.4543269230769231 0.4567307692307692 0.4543269230769231 0.4807692307692308 0.47596153846153844 0.4807692307692308
0 0.45913461538461536 0.4543269230769231 0.4375 0.4543269230769231 0.4375 0.4735576923076923 0.45913461538461536 0.4735576923076923
0 0.4182692307692309 0.6033653846153846 0.3990384615384617 0.6033653846153846 0.3990384615384617 0.6322115384615384 0.4182692307692309 0.6322115384615384
0 0.3677884615384617 0.6466346153846154 0.3437500000000001 0.6466346153846154 0.3437500000000001 0.6802884615384616 0.3677884615384617 0.6802884615384616
0 0.37259615384615397 0.7115384615384616 0.3509615384615386 0.7115384615384616 0.3509615384615386 0.7403846153846154 0.37259615384615397 0.7403846153846154
0 0.40384615384615397 0.7283653846153846 0.38461538461538475 0.7283653846153846 0.38461538461538475 0.75 0.40384615384615397 0.75
0 0.4615384615384617 0.6947115384615384 0.44711538461538475 0.6947115384615384 0.44711538461538475 0.7139423076923077 0.4615384615384617 0.7139423076923077
0 0.5480769230769231 0.5528846153846154 0.5240384615384616 0.5528846153846154 0.5240384615384616 0.5817307692307693 0.5480769230769232 0.5817307692307693
0 0.5456730769230771 0.5793269230769231 0.528846153846154 0.5793269230769231 0.528846153846154 0.5985576923076923 0.5456730769230771 0.5985576923076923
0 0.5360576923076924 0.5865384615384616 0.5072115384615385 0.5865384615384616 0.5072115384615385 0.625 0.5360576923076924 0.625
0 0.5240384615384617 0.6442307692307693 0.5048076923076924 0.6442307692307693 0.5048076923076924 0.6682692307692307 0.5240384615384617 0.6682692307692307
0 0.5384615384615385 0.65625 0.5144230769230771 0.65625 0.5144230769230771 0.6826923076923077 0.5384615384615385 0.6826923076923077
0 0.5576923076923078 0.6370192307692307 0.5336538461538463 0.6370192307692307 0.5336538461538463 0.6586538461538461 0.5576923076923078 0.6586538461538461
0 0.5625000000000001 0.6177884615384616 0.543269230769231 0.6177884615384616 0.543269230769231 0.6394230769230769 0.5625000000000001 0.6394230769230769
0 0.560096153846154 0.5961538461538463 0.543269230769231 0.5961538461538461 0.543269230769231 0.6177884615384616 0.560096153846154 0.6177884615384616
0 0.5817307692307694 0.6105769230769232 0.5625000000000001 0.6105769230769232 0.5625000000000001 0.6298076923076923 0.5817307692307694 0.6298076923076923
0 0.6201923076923077 0.591346153846154 0.5985576923076924 0.591346153846154 0.5985576923076924 0.6153846153846154 0.6201923076923077 0.6153846153846154
0 0.6105769230769231 0.5336538461538463 0.5769230769230769 0.5336538461538463 0.576923076923077 0.5625000000000001 0.6105769230769232 0.5625000000000001
0 0.5961538461538461 0.45913461538461553 0.5745192307692307 0.45913461538461553 0.5745192307692307 0.48557692307692324 0.5961538461538461 0.48557692307692324
0 0.5745192307692307 0.3942307692307693 0.5528846153846154 0.3942307692307692 0.5528846153846154 0.420673076923077 0.5745192307692307 0.42067307692307704
0 0.5913461538461539 0.32211538461538475 0.5721153846153846 0.32211538461538475 0.5721153846153846 0.3461538461538463 0.5913461538461539 0.3461538461538463
0 0.6105769230769231 0.39182692307692324 0.5913461538461539 0.39182692307692324 0.5913461538461539 0.41105769230769246 0.6105769230769231 0.41105769230769246
0 0.6370192307692307 0.36538461538461553 0.6129807692307693 0.36538461538461553 0.6129807692307693 0.39182692307692324 0.6370192307692307 0.39182692307692324
0 0.6634615384615384 0.37980769230769246 0.6442307692307693 0.37980769230769246 0.6442307692307693 0.3990384615384617 0.6634615384615384 0.3990384615384617
0 0.6538461538461539 0.41105769230769246 0.6298076923076923 0.41105769230769246 0.6298076923076923 0.43509615384615397 0.6538461538461539 0.43509615384615397