0 0.3701923076923077 0.19230769230769237 0.34134615384615385 0.19230769230769237 0.34134615384615385 0.23076923076923084 0.3701923076923077 0.23076923076923084
0 0.3605769230769231 0.25721153846153855 0.3317307692307692 0.25721153846153855 0.3317307692307692 0.2908653846153847 0.3605769230769231 0.2908653846153847
0 0.4206730769230769 0.25721153846153855 0.39663461538461536 0.25721153846153855 0.39663461538461536 0.29326923076923084 0.4206730769230769 0.29326923076923084
0 0.22355769230769237 0.28846153846153844 0.1971153846153847 0.28846153846153844 0.1971153846153847 0.3269230769230769 0.22355769230769237 0.3269230769230769
0 0.44711538461538464 0.3076923076923077 0.4230769230769231 0.3076923076923077 0.4230769230769231 0.35096153846153844 0.44711538461538464 0.35096153846153844
0 0.3389423076923077 0.31490384615384615 0.3052884615384616 0.31490384615384615 0.3052884615384616 0.3557692307692308 0.3389423076923077 0.3557692307692308
0 0.47115384615384615 0.35336538461538464 0.4375 0.35336538461538464 0.4375 0.39663461538461536 0.47115384615384615 0.39663461538461536
0 0.5745192307692307 0.3629807692307693 0.5480769230769231 0.3629807692307692 0.5480769230769231 0.40625000000000006 0.5745192307692307 0.4062500000000001
0 0.4206730769230769 0.40625 0.39903846153846156 0.40625 0.39903846153846156 0.4423076923076923 0.4206730769230769 0.4423076923076923
0 0.4375 0.40865384615384615 0.41346153846153844 0.40865384615384615 0.41346153846153844 0.4423076923076923 0.4375 0.4423076923076923
0 0.5336538461538461 0.40384615384615385 0.5048076923076923 0.40384615384615385 0.5048076923076923 0.4519230769230769 0.5336538461538461 0.4519230769230769
0 0.29807692307692313 0.44471153846153844 0.2716346153846155 0.44471153846153844 0.2716346153846155 0.4735576923076923 0.29807692307692313 0.4735576923076923
0 0.5985576923076923 0.4495192307692309 0.5649038461538461 0.4495192307692309 0.5649038461538461 0.49038461538461553 0.5985576923076923 0.49038461538461553
0 0.6490384615384616 0.46634615384615397 0.6225961538461539 0.46634615384615397 0.6225961538461539 0.5096153846153848 0.6490384615384616 0.5096153846153848
0 0.5480769230769231 0.46634615384615385 0.5168269230769231 0.46634615384615385 0.5168269230769231 0.5192307692307693 0.5480769230769231 0.5192307692307693
0 0.5288461538461539 0.47836538461538464 0.5120192307692307 0.47836538461538464 0.5120192307692307 0.5096153846153846 0.5288461538461539 0.5096153846153846
0 0.6225961538461539 0.5000000000000001 0.6009615384615384 0.5000000000000001 0.6009615384615384 0.5384615384615385 0.6225961538461539 0.5384615384615385
0 0.6442307692307693 0.5240384615384617 0.6153846153846154 0.5240384615384617 0.6153846153846154 0.5673076923076924 0.6442307692307693 0.5673076923076924
0 0.38701923076923084 0.5408653846153846 0.3605769230769231 0.5408653846153846 0.36057692307692313 0.5793269230769231 0.3870192307692309 0.5793269230769231
0 0.5697115384615385 0.5432692307692308 0.5432692307692307 0.5432692307692307 0.5432692307692308 0.591346153846154 0.5697115384615385 0.591346153846154
0 0.35096153846153855 0.5504807692307693 0.32211538461538464 0.5504807692307693 0.3221153846153847 0.6033653846153846 0.3509615384615386 0.6033653846153846
0 0.6201923076923077 0.5793269230769232 0.6033653846153848 0.5793269230769232 0.6033653846153848 0.605769230769231 0.6201923076923077 0.605769230769231
0 0.512019230769231 0.5721153846153846 0.4879807692307694 0.5721153846153846 0.4879807692307694 0.625 0.512019230769231 0.625
0 0.37259615384615397 0.6033653846153846 0.3437500000000001 0.6033653846153846 0.3437500000000001 0.6466346153846154 0.37259615384615397 0.6466346153846154
0 0.39663461538461553 0.6298076923076923 0.3774038461538463 0.6298076923076923 0.3774038461538463 0.6634615384615384 0.39663461538461553 0.6634615384615384
0 0.37980769230769246 0.6298076923076923 0.34855769230769246 0.6298076923076923 0.34855769230769246 0.6875 0.37980769230769246 0.6875
0 0.6177884615384616 0.6586538461538461 0.5937500000000001 0.6586538461538461 0.5937500000000001 0.6899038461538461 0.6177884615384616 0.6899038461538461
0 0.6514423076923077 0.6634615384615384 0.6225961538461539 0.6634615384615384 0.6225961538461539 0.6971153846153846 0.6514423076923077 0.6971153846153846
0 0.5456730769230771 0.6826923076923077 0.5144230769230771 0.6826923076923077 0.5144230769230771 0.7403846153846154 0.5456730769230771 0.7403846153846154
0 0.23076923076923084 0.7139423076923077 0.20192307692307698 0.7139423076923077 0.20192307692307698 0.7475961538461539 0.23076923076923084 0.7475961538461539
0 0.6225961538461539 0.6923076923076923 0.5889423076923078 0.6923076923076923 0.5889423076923078 0.7427884615384616 0.6225961538461539 0.7427884615384616
0 0.5168269230769232 0.7211538461538461 0.4927884615384617 0.7211538461538461 0.4927884615384617 0.7596153846153846 0.5168269230769232 0.7596153846153846
0 0.46634615384615397 0.7259615384615384 0.44230769230769246 0.7259615384615384 0.44230769230769246 0.7596153846153846 0.46634615384615397 0.7596153846153846
0 0.48557692307692324 0.7307692307692307 0.46634615384615397 0.7307692307692307 0.46634615384615397 0.7644230769230769 0.48557692307692324 0.7644230769230769
0 0.65625 0.7572115384615384 0.625 0.7572115384615384 0.625 0.8004807692307693 0.65625 0.8004807692307693
0 0.22596153846153857 0.7980769230769231 0.18750000000000006 0.7980769230769231 0.1875000000000001 0.8557692307692307 0.2259615384615386 0.8557692307692307
0 0.560096153846154 0.7956730769230769 0.528846153846154 0.7956730769230769 0.528846153846154 0.84375 0.560096153846154 0.84375
0 0.6346153846153846 0.8293269230769231 0.6105769230769232 0.8293269230769231 0.6105769230769232 0.8605769230769231 0.6346153846153846 0.8605769230769231
0 0.5649038461538463 0.8557692307692307 0.5264423076923078 0.8557692307692307 0.5264423076923078 0.8990384615384616 0.5649038461538463 0.8990384615384616
0 0.25480769230769246 0.875 0.22115384615384628 0.875 0.22115384615384628 0.9182692307692307 0.25480769230769246 0.9182692307692307