0 0.9375 0.08653846153846165 0.8485576923076923 0.08653846153846165 0.8485576923076923 0.14423076923076933 0.9375 0.14423076923076933
0 0.9663461538461539 0.20913461538461553 0.8894230769230769 0.20913461538461553 0.8894230769230769 0.2812500000000001 0.9663461538461539 0.2812500000000001
0 1 0.6490384615384616 0.9519230769230769 0.6490384615384616 0.9519230769230769 0.71875 1 0.71875
0 0.13461538461538464 0.09615384615384616 1.1775449991801473e-17 0.09615384615384616 1.7221595613009652e-17 0.18509615384615385 0.13461538461538464 0.18509615384615385
0 0.2596153846153847 0.4495192307692308 0.12740384615384623 0.4495192307692308 0.12740384615384623 0.5288461538461539 0.2596153846153847 0.5288461538461539
0 0.3918269230769231 0.3173076923076923 0.2475961538461539 0.3173076923076923 0.2475961538461539 0.39903846153846156 0.3918269230769231 0.39903846153846156
0 0.44711538461538464 0.37740384615384615 0.3004807692307693 0.37740384615384615 0.3004807692307693 0.4495192307692308 0.44711538461538464 0.4495192307692308
0 0.5264423076923078 0.8004807692307693 0.42067307692307704 0.8004807692307693 0.42067307692307704 0.8653846153846154 0.5264423076923078 0.8653846153846154
0 0.5192307692307694 0.5841346153846154 0.44230769230769246 0.5841346153846154 0.44230769230769246 0.6466346153846154 0.5192307692307694 0.6466346153846154
0 0.53125 0.41586538461538464 0.43509615384615385 0.41586538461538464 0.43509615384615385 0.4831730769230769 0.53125 0.4831730769230769
0 0.5216346153846154 0.10817307692307697 0.35096153846153844 0.10817307692307696 0.35096153846153844 0.19471153846153852 0.5216346153846154 0.19471153846153852
0 0.5576923076923078 0.5961538461538461 0.4639423076923078 0.5961538461538461 0.4639423076923078 0.6586538461538461 0.5576923076923078 0.6586538461538461
0 0.12740384615384626 0.7115384615384616 0.03365384615384624 0.7115384615384616 0.03365384615384624 0.7764423076923077 0.12740384615384626 0.7764423076923077
0 0.5913461538461539 0.30769230769230776 0.43509615384615385 0.3076923076923077 0.43509615384615385 0.389423076923077 0.5913461538461539 0.38942307692307704
0 0.5480769230769231 0.06971153846153852 0.42788461538461536 0.06971153846153852 0.42788461538461536 0.14663461538461545 0.5480769230769231 0.14663461538461545
0 0.6322115384615384 0.4158653846153847 0.4855769230769231 0.41586538461538464 0.4855769230769231 0.4975961538461539 0.6322115384615384 0.49759615384615397
0 0.6586538461538461 0.5096153846153847 0.5552884615384616 0.5096153846153846 0.5552884615384616 0.5793269230769231 0.6586538461538461 0.5793269230769232
0 0.11057692307692314 0.5240384615384616 6.417620245531803e-17 0.5240384615384616 6.829760995244854e-17 0.5913461538461539 0.11057692307692314 0.5913461538461539
0 0.7403846153846154 0.48557692307692324 0.6394230769230769 0.48557692307692324 0.6394230769230769 0.560096153846154 0.7403846153846154 0.560096153846154
0 0.11538461538461542 0.30528846153846156 3.7387053723969676e-17 0.30528846153846156 4.2244426845587785e-17 0.38461538461538464 0.11538461538461542 0.38461538461538464
0 0.8701923076923077 0.7139423076923077 0.7163461538461539 0.7139423076923077 0.7163461538461539 0.8028846153846154 0.8701923076923077 0.8028846153846154
0 0.06250000000000001 0.06971153846153846 8.537201244056068e-18 0.06971153846153846 1.1775449991801473e-17 0.12259615384615384 0.06250000000000001 0.12259615384615384
0 0.8341346153846154 0.19951923076923084 0.7283653846153846 0.19951923076923084 0.7283653846153846 0.264423076923077 0.8341346153846154 0.264423076923077
0 0.9663461538461539 0.6682692307692307 0.8557692307692307 0.6682692307692307 0.8557692307692307 0.7307692307692307 0.9663461538461539 0.7307692307692307