0 0.36538461538461536 0.2379807692307693 0.31009615384615385 0.2379807692307693 0.31009615384615385 0.31490384615384615 0.36538461538461536 0.31490384615384615
0 0.39903846153846156 0.2716346153846155 0.3389423076923077 0.2716346153846155 0.3389423076923077 0.35336538461538464 0.39903846153846156 0.35336538461538464
0 0.24519230769230776 0.30288461538461536 0.20432692307692316 0.30288461538461536 0.20432692307692316 0.34615384615384615 0.24519230769230776 0.34615384615384615
0 0.3004807692307693 0.29086538461538464 0.25000000000000006 0.29086538461538464 0.25000000000000006 0.36778846153846156 0.3004807692307693 0.36778846153846156
0 0.8197115384615384 0.3197115384615386 0.7524038461538461 0.3197115384615386 0.7524038461538461 0.4062500000000001 0.8197115384615384 0.4062500000000001
0 0.3293269230769231 0.31490384615384615 0.2692307692307693 0.31490384615384615 0.2692307692307693 0.4014423076923077 0.3293269230769231 0.4014423076923077
0 0.18990384615384623 0.34375 0.14423076923076927 0.34375 0.14423076923076927 0.41586538461538464 0.18990384615384623 0.41586538461538464
0 0.21394230769230776 0.36778846153846156 0.16346153846153852 0.36778846153846156 0.16346153846153852 0.44471153846153844 0.21394230769230776 0.44471153846153844
0 0.6418269230769231 0.38942307692307704 0.5817307692307693 0.38942307692307704 0.5817307692307693 0.4639423076923078 0.6418269230769231 0.4639423076923078
0 0.2740384615384616 0.40625 0.22115384615384623 0.40625 0.22115384615384623 0.4831730769230769 0.2740384615384616 0.4831730769230769
0 0.5504807692307693 0.42788461538461536 0.4951923076923077 0.42788461538461536 0.4951923076923077 0.5048076923076923 0.5504807692307693 0.5048076923076923
0 0.45913461538461536 0.43509615384615385 0.40384615384615385 0.43509615384615385 0.40384615384615385 0.5048076923076923 0.45913461538461536 0.5048076923076923
0 0.37740384615384615 0.4495192307692308 0.3269230769230769 0.4495192307692308 0.3269230769230769 0.5192307692307693 0.37740384615384615 0.5192307692307693
0 0.33653846153846156 0.46875 0.28846153846153855 0.46875 0.28846153846153855 0.5360576923076923 0.33653846153846156 0.5360576923076923
0 0.40384615384615385 0.47596153846153844 0.34615384615384615 0.47596153846153844 0.34615384615384615 0.5552884615384616 0.40384615384615385 0.5552884615384616
0 0.5937500000000001 0.4927884615384616 0.5480769230769231 0.49278846153846156 0.5480769230769231 0.5673076923076924 0.5937500000000001 0.5673076923076924
0 0.26682692307692313 0.4855769230769231 0.21153846153846162 0.4855769230769231 0.21153846153846162 0.5673076923076923 0.26682692307692313 0.5673076923076923
0 0.5552884615384616 0.49759615384615385 0.49759615384615385 0.49759615384615385 0.4975961538461539 0.5793269230769231 0.5552884615384617 0.5793269230769231
0 0.5697115384615385 0.5264423076923077 0.5240384615384616 0.5264423076923077 0.5240384615384616 0.5841346153846154 0.5697115384615385 0.5841346153846155
0 0.38221153846153855 0.5192307692307693 0.3293269230769231 0.5192307692307693 0.32932692307692313 0.5889423076923077 0.3822115384615386 0.5889423076923077
0 0.5961538461538463 0.5745192307692308 0.5480769230769232 0.5745192307692307 0.5480769230769232 0.6346153846153846 0.5961538461538463 0.6346153846153846
0 0.24038461538461545 0.5625 0.18028846153846162 0.5625 0.18028846153846162 0.6466346153846154 0.24038461538461545 0.6466346153846154
0 0.4687500000000001 0.59375 0.41586538461538475 0.59375 0.41586538461538475 0.6754807692307693 0.4687500000000001 0.6754807692307693
0 0.5312500000000001 0.6033653846153846 0.48317307692307704 0.6033653846153846 0.48317307692307704 0.6682692307692307 0.5312500000000001 0.6682692307692307
0 0.3028846153846155 0.6201923076923077 0.25721153846153855 0.6201923076923077 0.25721153846153855 0.6706730769230769 0.3028846153846155 0.6706730769230769
0 0.7259615384615384 0.6129807692307694 0.6802884615384616 0.6129807692307694 0.6802884615384616 0.6778846153846154 0.7259615384615384 0.6778846153846154
0 0.4302884615384617 0.6201923076923077 0.37980769230769246 0.6201923076923077 0.37980769230769246 0.6947115384615384 0.4302884615384617 0.6947115384615384
0 0.3774038461538463 0.6274038461538461 0.32211538461538475 0.6274038461538461 0.32211538461538475 0.7043269230769231 0.3774038461538463 0.7043269230769231
0 0.3389423076923078 0.625 0.28125000000000006 0.625 0.28125000000000006 0.7115384615384616 0.3389423076923078 0.7115384615384616
0 0.31730769230769246 0.65625 0.2692307692307693 0.65625 0.2692307692307693 0.71875 0.31730769230769246 0.71875
0 0.41586538461538475 0.6706730769230769 0.36538461538461553 0.6706730769230769 0.36538461538461553 0.7451923076923077 0.41586538461538475 0.7451923076923077
0 0.3389423076923078 0.6802884615384616 0.3052884615384616 0.6802884615384616 0.3052884615384616 0.7379807692307693 0.3389423076923078 0.7379807692307693
0 0.4086538461538463 0.6802884615384616 0.34855769230769246 0.6802884615384616 0.34855769230769246 0.7572115384615384 0.4086538461538463 0.7572115384615384
0 0.29807692307692313 0.7259615384615384 0.2548076923076924 0.7259615384615384 0.2548076923076924 0.7836538461538461 0.29807692307692313 0.7836538461538461
0 0.5384615384615385 0.7403846153846154 0.48557692307692324 0.7403846153846154 0.48557692307692324 0.8028846153846154 0.5384615384615385 0.8028846153846154
0 0.31730769230769246 0.7668269230769231 0.26682692307692313 0.7668269230769231 0.2668269230769232 0.8389423076923077 0.31730769230769246 0.8389423076923077
0 0.37980769230769246 0.7740384615384616 0.3317307692307694 0.7740384615384616 0.3317307692307694 0.8389423076923077 0.37980769230769246 0.8389423076923077
0 0.4014423076923078 0.8197115384615384 0.3461538461538463 0.8197115384615384 0.3461538461538463 0.8966346153846154 0.4014423076923078 0.8966346153846154
0 0.4807692307692309 0.8269230769230769 0.42307692307692324 0.8269230769230769 0.42307692307692324 0.90625 0.4807692307692309 0.90625
0 0.6658653846153846 0.8605769230769231 0.6322115384615384 0.8605769230769231 0.6322115384615384 0.8990384615384616 0.6658653846153846 0.8990384615384616
0 0.6706730769230769 0.875 0.6346153846153846 0.875 0.6346153846153846 0.9134615384615384 0.6706730769230769 0.9134615384615384