0 0.9591346153846154 0.8581730769230769 0.8918269230769231 0.8581730769230769 0.8918269230769231 0.9206730769230769 0.9591346153846154 0.9206730769230769
0 0.42788461538461536 0.17788461538461545 0.33413461538461536 0.17788461538461545 0.33413461538461536 0.34375 0.42788461538461536 0.34375
0 0.8389423076923077 0.10096153846153856 0.7596153846153846 0.10096153846153856 0.7596153846153846 0.23557692307692318 0.8389423076923077 0.2355769230769232
0 0.7692307692307693 0.14663461538461547 0.6802884615384616 0.14663461538461545 0.6802884615384616 0.3028846153846155 0.7692307692307693 0.3028846153846155
0 0.47836538461538464 0.26201923076923084 0.4014423076923077 0.26201923076923084 0.4014423076923077 0.38461538461538464 0.47836538461538464 0.38461538461538464
0 0.8317307692307693 0.17067307692307698 0.7307692307692307 0.17067307692307698 0.7307692307692307 0.37980769230769246 0.8317307692307693 0.37980769230769246
0 0.6201923076923077 0.2788461538461539 0.5240384615384616 0.2788461538461539 0.5240384615384616 0.4591346153846155 0.6201923076923077 0.45913461538461553
0 0.5480769230769231 0.4014423076923077 0.46634615384615385 0.4014423076923077 0.46634615384615385 0.5336538461538461 0.5480769230769231 0.5336538461538461
0 0.3533653846153847 0.44711538461538464 0.2716346153846155 0.44711538461538464 0.2716346153846155 0.5769230769230769 0.35336538461538475 0.5769230769230769
0 0.2548076923076924 0.6418269230769231 0.15865384615384623 0.6418269230769231 0.15865384615384623 0.8149038461538461 0.2548076923076924 0.8149038461538461
0 1 0.5408653846153848 0.9711538461538461 0.5408653846153848 0.9711538461538461 0.6442307692307693 1 0.6442307692307693
0 0.23557692307692307 0.055288461538461564 0.1346153846153846 0.05528846153846156 0.13461538461538464 0.21875 0.23557692307692307 0.21875
0 0.5432692307692307 6.049637433288006e-17 0.44471153846153844 5.4461456212081815e-17 0.44471153846153844 0.15144230769230776 0.5432692307692307 0.15144230769230776