0 0.8125 0.3028846153846155 0.7836538461538461 0.3028846153846155 0.7836538461538461 0.3389423076923078 0.8125 0.3389423076923078
0 0.5865384615384616 0.26682692307692313 0.5552884615384616 0.26682692307692313 0.5552884615384616 0.30769230769230776 0.5865384615384616 0.3076923076923078
0 0.5384615384615384 0.264423076923077 0.5072115384615384 0.264423076923077 0.5072115384615384 0.3125 0.5384615384615384 0.3125
0 0.8100961538461539 0.3629807692307694 0.7788461538461539 0.3629807692307694 0.7788461538461539 0.41105769230769246 0.8100961538461539 0.41105769230769246
0 0.9134615384615384 0.4086538461538463 0.8798076923076923 0.4086538461538463 0.8798076923076923 0.44711538461538475 0.9134615384615384 0.44711538461538475
0 0.4254807692307692 0.3173076923076923 0.39903846153846156 0.3173076923076923 0.39903846153846156 0.34615384615384615 0.4254807692307692 0.34615384615384615
0 0.7451923076923077 0.39663461538461553 0.7163461538461539 0.39663461538461553 0.7163461538461539 0.4447115384615386 0.7451923076923077 0.4447115384615386
0 0.42788461538461536 0.3389423076923077 0.40384615384615385 0.3389423076923077 0.40384615384615385 0.3701923076923077 0.42788461538461536 0.3701923076923077
0 0.9591346153846154 0.47355769230769246 0.9278846153846154 0.47355769230769246 0.9278846153846154 0.49759615384615397 0.9591346153846154 0.49759615384615397
0 0.5625 0.38221153846153855 0.5264423076923077 0.38221153846153844 0.5264423076923077 0.4302884615384616 0.5625 0.4302884615384617
0 0.9495192307692307 0.4927884615384617 0.9230769230769231 0.4927884615384617 0.9230769230769231 0.5192307692307694 0.9495192307692307 0.5192307692307694
0 0.625 0.4182692307692309 0.5985576923076923 0.4182692307692309 0.5985576923076923 0.45432692307692324 0.625 0.45432692307692324
0 0.90625 0.4879807692307694 0.8774038461538461 0.4879807692307694 0.8774038461538461 0.5264423076923078 0.90625 0.5264423076923078
0 0.4807692307692308 0.39663461538461536 0.4543269230769231 0.39663461538461536 0.4543269230769231 0.43990384615384615 0.4807692307692308 0.43990384615384615
0 0.5408653846153846 0.4230769230769231 0.5192307692307693 0.4230769230769231 0.5192307692307693 0.44711538461538464 0.5408653846153846 0.44711538461538464
0 0.9639423076923077 0.5264423076923078 0.9399038461538461 0.5264423076923078 0.9399038461538461 0.5576923076923078 0.9639423076923077 0.5576923076923078
0 0.3629807692307692 0.3894230769230769 0.33653846153846156 0.3894230769230769 0.33653846153846156 0.4206730769230769 0.3629807692307692 0.4206730769230769
0 0.5528846153846154 0.4375 0.5264423076923077 0.4375 0.5264423076923077 0.46634615384615385 0.5528846153846154 0.46634615384615385
0 0.96875 0.5504807692307694 0.9423076923076923 0.5504807692307694 0.9423076923076923 0.574519230769231 0.96875 0.574519230769231
0 0.40865384615384615 0.4230769230769231 0.38461538461538464 0.4230769230769231 0.38461538461538464 0.46153846153846156 0.40865384615384615 0.46153846153846156
0 0.5384615384615384 0.4495192307692308 0.5120192307692307 0.4495192307692308 0.5120192307692307 0.49278846153846156 0.5384615384615384 0.49278846153846156
0 0.7211538461538461 0.5000000000000001 0.6899038461538461 0.5000000000000001 0.6899038461538461 0.5360576923076924 0.7211538461538461 0.5360576923076924
0 0.39663461538461536 0.4519230769230769 0.375 0.4519230769230769 0.375 0.4831730769230769 0.39663461538461536 0.4831730769230769
0 0.6658653846153846 0.5072115384615385 0.6322115384615384 0.5072115384615385 0.6322115384615384 0.560096153846154 0.6658653846153846 0.560096153846154
0 0.7331730769230769 0.528846153846154 0.6971153846153846 0.528846153846154 0.6971153846153846 0.5721153846153848 0.7331730769230769 0.5721153846153848
0 0.6201923076923077 0.512019230769231 0.5913461538461539 0.512019230769231 0.5913461538461539 0.5528846153846155 0.6201923076923077 0.5528846153846155
0 0.5216346153846154 0.5024038461538461 0.49038461538461536 0.5024038461538461 0.49038461538461536 0.5432692307692307 0.5216346153846154 0.5432692307692307
0 0.7836538461538461 0.5889423076923078 0.7379807692307693 0.5889423076923078 0.7379807692307693 0.6490384615384616 0.7836538461538461 0.6490384615384616
0 0.3918269230769231 0.5168269230769231 0.3701923076923077 0.5168269230769231 0.3701923076923077 0.5528846153846154 0.3918269230769231 0.5528846153846154
0 0.5673076923076924 0.5528846153846154 0.5384615384615384 0.5528846153846154 0.5384615384615385 0.5889423076923077 0.5673076923076924 0.5889423076923078
0 0.6538461538461539 0.5937500000000001 0.6274038461538461 0.5937500000000001 0.6274038461538461 0.6370192307692307 0.6538461538461539 0.6370192307692307
0 0.5937500000000001 0.6033653846153848 0.5649038461538463 0.6033653846153848 0.5649038461538463 0.6394230769230769 0.5937500000000001 0.6394230769230769
0 0.512019230769231 0.6033653846153846 0.47355769230769246 0.6033653846153846 0.47355769230769246 0.6610576923076923 0.512019230769231 0.6610576923076923
0 0.6682692307692307 0.71875 0.6370192307692307 0.71875 0.6370192307692307 0.7644230769230769 0.6682692307692307 0.7644230769230769
0 0.5168269230769232 0.6875 0.49038461538461553 0.6875 0.49038461538461553 0.7283653846153846 0.5168269230769232 0.7283653846153846