0 0.7524038461538461 0.9014423076923077 0.7019230769230769 0.9014423076923077 0.7019230769230769 0.9375 0.7524038461538461 0.9375
0 0.7355769230769231 0.7908653846153846 0.6850961538461539 0.7908653846153846 0.6850961538461539 0.8317307692307693 0.7355769230769231 0.8317307692307693
0 0.6346153846153846 0.6466346153846154 0.5937500000000001 0.6466346153846154 0.5937500000000001 0.6802884615384616 0.6346153846153846 0.6802884615384616
0 0.625 0.6177884615384616 0.5865384615384617 0.6177884615384616 0.5865384615384617 0.6490384615384616 0.625 0.6490384615384616
0 0.625 0.7908653846153846 0.5793269230769232 0.7908653846153846 0.5793269230769232 0.8269230769230769 0.625 0.8269230769230769
0 0.5673076923076923 0.5192307692307693 0.53125 0.5192307692307693 0.53125 0.5408653846153847 0.5673076923076923 0.5408653846153848
0 0.5817307692307694 0.6971153846153846 0.5456730769230771 0.6971153846153846 0.5456730769230771 0.7235576923076923 0.5817307692307694 0.7235576923076923
0 0.5480769230769231 0.5408653846153846 0.5024038461538461 0.5408653846153846 0.5024038461538463 0.5793269230769231 0.5480769230769232 0.5793269230769231
0 0.5480769230769232 0.6826923076923077 0.5024038461538463 0.6826923076923077 0.5024038461538463 0.7139423076923077 0.5480769230769232 0.7139423076923077
0 0.528846153846154 0.7115384615384616 0.49038461538461553 0.7115384615384616 0.49038461538461553 0.7403846153846154 0.528846153846154 0.7403846153846154
0 0.5192307692307694 0.6298076923076923 0.47836538461538475 0.6298076923076923 0.47836538461538475 0.6634615384615384 0.5192307692307694 0.6634615384615384
0 0.528846153846154 0.7980769230769231 0.48317307692307704 0.7980769230769231 0.48317307692307704 0.8317307692307693 0.528846153846154 0.8317307692307693
0 0.5072115384615385 0.8173076923076923 0.4711538461538463 0.8173076923076923 0.4711538461538463 0.8389423076923077 0.5072115384615385 0.8389423076923077
0 0.4567307692307692 0.4735576923076923 0.41586538461538464 0.4735576923076923 0.41586538461538464 0.5024038461538461 0.4567307692307692 0.5024038461538461
0 0.45913461538461553 0.5793269230769231 0.4302884615384617 0.5793269230769231 0.4302884615384617 0.6009615384615384 0.45913461538461553 0.6009615384615384
0 0.4687500000000001 0.6418269230769231 0.43509615384615397 0.6418269230769231 0.43509615384615397 0.6658653846153846 0.4687500000000001 0.6658653846153846
0 0.4110576923076923 0.5096153846153846 0.36538461538461536 0.5096153846153846 0.36538461538461536 0.5432692307692307 0.4110576923076923 0.5432692307692307
0 0.4254807692307694 0.6105769230769231 0.3750000000000001 0.6105769230769231 0.3750000000000001 0.6466346153846154 0.4254807692307694 0.6466346153846154
0 0.4326923076923078 0.7644230769230769 0.39663461538461553 0.7644230769230769 0.39663461538461553 0.7908653846153846 0.4326923076923078 0.7908653846153846
0 0.3870192307692309 0.5600961538461539 0.34855769230769246 0.5600961538461539 0.34855769230769246 0.5913461538461539 0.3870192307692309 0.5913461538461539
0 0.38461538461538475 0.6322115384615384 0.3437500000000001 0.6322115384615384 0.3437500000000001 0.6586538461538461 0.38461538461538475 0.6586538461538461
0 0.40384615384615397 0.7572115384615384 0.36538461538461553 0.7572115384615384 0.36538461538461553 0.7908653846153846 0.40384615384615397 0.7908653846153846
0 0.3677884615384617 0.5697115384615384 0.33413461538461553 0.5697115384615384 0.33413461538461553 0.5961538461538461 0.3677884615384617 0.5961538461538461
0 0.36538461538461553 0.6634615384615384 0.32692307692307704 0.6634615384615384 0.32692307692307704 0.6947115384615384 0.36538461538461553 0.6947115384615384
0 0.3677884615384617 0.7091346153846154 0.32211538461538475 0.7091346153846154 0.32211538461538475 0.7427884615384616 0.3677884615384617 0.7427884615384616
0 0.36057692307692324 0.8100961538461539 0.31009615384615397 0.8100961538461539 0.31009615384615397 0.84375 0.36057692307692324 0.84375
0 0.3245192307692309 0.6923076923076923 0.28846153846153855 0.6923076923076923 0.28846153846153855 0.7211538461538461 0.3245192307692309 0.7211538461538461
0 0.2740384615384616 0.3942307692307692 0.23557692307692316 0.3942307692307692 0.23557692307692316 0.4230769230769231 0.2740384615384616 0.4230769230769231
0 0.2860576923076924 0.5745192307692307 0.24519230769230776 0.5745192307692307 0.24519230769230776 0.6105769230769231 0.2860576923076924 0.6105769230769231
0 0.2596153846153847 0.44711538461538464 0.23317307692307698 0.44711538461538464 0.23317307692307698 0.46875 0.2596153846153847 0.46875
0 0.28846153846153855 0.6274038461538461 0.2475961538461539 0.6274038461538461 0.2475961538461539 0.6586538461538461 0.28846153846153855 0.6586538461538461
0 0.24519230769230776 0.40625 0.21875000000000006 0.40625 0.21875000000000006 0.4326923076923077 0.24519230769230776 0.4326923076923077
0 0.2836538461538462 0.7644230769230769 0.2379807692307693 0.7644230769230769 0.2379807692307693 0.7980769230769231 0.2836538461538462 0.7980769230769231
0 0.23076923076923084 0.5120192307692307 0.1850961538461539 0.5120192307692307 0.1850961538461539 0.5504807692307693 0.23076923076923084 0.5504807692307693
0 0.23317307692307698 0.6177884615384616 0.19471153846153852 0.6177884615384616 0.19471153846153852 0.6466346153846154 0.23317307692307698 0.6466346153846154
0 0.19230769230769237 0.6081730769230769 0.15144230769230776 0.6081730769230769 0.15144230769230776 0.6394230769230769 0.19230769230769237 0.6394230769230769
0 0.14663461538461545 0.5961538461538461 0.10576923076923084 0.5961538461538461 0.10576923076923084 0.6298076923076923 0.14663461538461545 0.6298076923076923
0 0.108173076923077 0.46634615384615385 0.0649038461538462 0.46634615384615385 0.06490384615384621 0.5096153846153846 0.108173076923077 0.5096153846153846
0 0.41105769230769246 0.6730769230769231 0.36538461538461553 0.6730769230769231 0.36538461538461553 0.7067307692307693 0.41105769230769246 0.7067307692307693