0 0.8269230769230769 0.6586538461538461 0.8004807692307693 0.6586538461538461 0.8004807692307693 0.7019230769230769 0.8269230769230769 0.7019230769230769
0 0.6778846153846154 0.9278846153846154 0.6490384615384616 0.9278846153846154 0.6490384615384616 0.9711538461538461 0.6778846153846154 0.9711538461538461
0 0.6418269230769231 0.8725961538461539 0.6177884615384616 0.8725961538461539 0.6177884615384616 0.9086538461538461 0.6418269230769231 0.9086538461538461
0 0.6153846153846154 0.9158653846153846 0.5889423076923078 0.9158653846153846 0.5889423076923078 0.9495192307692307 0.6153846153846154 0.9495192307692307
0 0.6730769230769231 0.7716346153846154 0.6466346153846154 0.7716346153846154 0.6466346153846154 0.8052884615384616 0.6730769230769231 0.8052884615384616
0 0.7596153846153846 0.4759615384615386 0.7331730769230769 0.4759615384615386 0.7331730769230769 0.5072115384615385 0.7596153846153846 0.5072115384615385
0 0.6298076923076923 0.7860576923076923 0.6033653846153848 0.7860576923076923 0.6033653846153848 0.8245192307692307 0.6298076923076923 0.8245192307692307
0 0.6081730769230771 0.7980769230769231 0.5817307692307694 0.7980769230769231 0.5817307692307694 0.8341346153846154 0.6081730769230771 0.8341346153846154
0 0.6201923076923077 0.6947115384615384 0.591346153846154 0.6947115384615384 0.591346153846154 0.7379807692307693 0.6201923076923077 0.7379807692307693
0 0.6442307692307693 0.6081730769230771 0.6153846153846154 0.6081730769230771 0.6153846153846154 0.6394230769230769 0.6442307692307693 0.6394230769230769
0 0.591346153846154 0.5625000000000001 0.5625000000000001 0.5625000000000001 0.5625000000000001 0.5985576923076924 0.591346153846154 0.5985576923076924
0 0.5985576923076923 0.47355769230769246 0.5697115384615384 0.47355769230769246 0.5697115384615384 0.512019230769231 0.5985576923076923 0.512019230769231
0 0.5649038461538461 0.4423076923076924 0.5360576923076923 0.4423076923076923 0.5360576923076923 0.48076923076923084 0.5649038461538461 0.4807692307692309
0 0.6442307692307693 0.3389423076923078 0.6177884615384616 0.3389423076923078 0.6177884615384616 0.3822115384615386 0.6442307692307693 0.3822115384615386
0 0.6129807692307693 0.32692307692307704 0.5865384615384616 0.32692307692307704 0.5865384615384616 0.3677884615384617 0.6129807692307693 0.3677884615384617
0 0.5240384615384616 0.36778846153846156 0.5 0.36778846153846156 0.5 0.3942307692307692 0.5240384615384616 0.3942307692307692
0 0.49759615384615385 0.3894230769230769 0.47115384615384615 0.3894230769230769 0.47115384615384615 0.4182692307692308 0.49759615384615385 0.4182692307692308
0 0.48076923076923084 0.5288461538461539 0.4543269230769231 0.5288461538461539 0.45432692307692313 0.5600961538461539 0.4807692307692309 0.5600961538461539
0 0.5000000000000001 0.5216346153846154 0.47596153846153844 0.5216346153846154 0.47596153846153855 0.5600961538461539 0.5000000000000001 0.5600961538461539
0 0.4903846153846155 0.5480769230769231 0.46153846153846156 0.5480769230769231 0.4615384615384616 0.5793269230769231 0.49038461538461553 0.5793269230769231
0 0.4639423076923078 0.5817307692307693 0.43509615384615397 0.5817307692307693 0.43509615384615397 0.6105769230769231 0.4639423076923078 0.6105769230769231
0 0.41346153846153844 0.4110576923076923 0.3870192307692308 0.4110576923076923 0.3870192307692308 0.4495192307692308 0.41346153846153844 0.4495192307692308
0 0.375 0.4495192307692308 0.3485576923076923 0.4495192307692308 0.3485576923076923 0.4855769230769231 0.375 0.4855769230769231
0 0.3485576923076923 0.5192307692307693 0.3269230769230769 0.5192307692307693 0.3269230769230769 0.5576923076923077 0.3485576923076923 0.5576923076923077
0 0.375 0.5144230769230769 0.34615384615384615 0.5144230769230769 0.34615384615384615 0.5576923076923077 0.375 0.5576923076923077
0 0.42307692307692324 0.6370192307692307 0.39182692307692324 0.6370192307692307 0.39182692307692324 0.6778846153846154 0.42307692307692324 0.6778846153846154
0 0.37980769230769246 0.6105769230769231 0.35336538461538475 0.6105769230769231 0.35336538461538475 0.6418269230769231 0.37980769230769246 0.6418269230769231
0 0.3629807692307694 0.6057692307692307 0.3389423076923078 0.6057692307692307 0.3389423076923078 0.6442307692307693 0.3629807692307694 0.6442307692307693
0 0.37980769230769246 0.5649038461538461 0.35336538461538475 0.5649038461538461 0.35336538461538475 0.5889423076923077 0.37980769230769246 0.5889423076923077
0 0.3822115384615386 0.6682692307692307 0.3557692307692309 0.6682692307692307 0.3557692307692309 0.7091346153846154 0.3822115384615386 0.7091346153846154
0 0.39182692307692324 0.7043269230769231 0.36057692307692324 0.7043269230769231 0.36057692307692324 0.7451923076923077 0.39182692307692324 0.7451923076923077
0 0.41105769230769246 0.7379807692307693 0.38461538461538475 0.7379807692307693 0.38461538461538475 0.7644230769230769 0.41105769230769246 0.7644230769230769
0 0.44711538461538475 0.7259615384615384 0.42067307692307704 0.7259615384615384 0.42067307692307704 0.7548076923076923 0.44711538461538475 0.7548076923076923
0 0.4759615384615386 0.7644230769230769 0.4495192307692309 0.7644230769230769 0.4495192307692309 0.8052884615384616 0.4759615384615386 0.8052884615384616
0 0.44230769230769246 0.8341346153846154 0.4182692307692309 0.8341346153846154 0.4182692307692309 0.8725961538461539 0.44230769230769246 0.8725961538461539
0 0.4495192307692309 0.8581730769230769 0.42788461538461553 0.8581730769230769 0.42788461538461553 0.8798076923076923 0.4495192307692309 0.8798076923076923
0 0.5048076923076924 0.7932692307692307 0.47836538461538475 0.7932692307692307 0.47836538461538475 0.8293269230769231 0.5048076923076924 0.8293269230769231
0 0.5384615384615385 0.7908653846153846 0.5144230769230771 0.7908653846153846 0.5144230769230771 0.8221153846153846 0.5384615384615385 0.8221153846153846
0 0.512019230769231 0.6947115384615384 0.48557692307692324 0.6947115384615384 0.48557692307692324 0.7211538461538461 0.512019230769231 0.7211538461538461
0 0.512019230769231 0.6730769230769231 0.4879807692307694 0.6730769230769231 0.4879807692307694 0.6947115384615384 0.512019230769231 0.6947115384615384
0 0.3822115384615386 0.5865384615384616 0.35336538461538475 0.5865384615384616 0.35336538461538475 0.6153846153846154 0.3822115384615386 0.6153846153846154