0 0.43028846153846156 0.12980769230769235 0.40625 0.12980769230769235 0.40625 0.19230769230769237 0.43028846153846156 0.19230769230769237
0 0.4951923076923077 0.1850961538461539 0.4735576923076923 0.1850961538461539 0.4735576923076923 0.22355769230769237 0.4951923076923077 0.22355769230769237
0 0.37259615384615385 0.20432692307692316 0.35336538461538464 0.20432692307692316 0.35336538461538464 0.2475961538461539 0.37259615384615385 0.2475961538461539
0 0.5649038461538461 0.20432692307692316 0.5408653846153846 0.20432692307692316 0.5408653846153846 0.2548076923076924 0.5649038461538461 0.2548076923076924
0 0.6105769230769231 0.21394230769230776 0.5889423076923077 0.21394230769230776 0.5889423076923077 0.2548076923076924 0.6105769230769231 0.2548076923076924
0 0.44711538461538464 0.22115384615384623 0.4206730769230769 0.22115384615384623 0.4206730769230769 0.2740384615384616 0.44711538461538464 0.2740384615384616
0 0.5504807692307693 0.25000000000000006 0.53125 0.25000000000000006 0.53125 0.2860576923076924 0.5504807692307693 0.2860576923076924
0 0.5336538461538461 0.26682692307692313 0.5120192307692307 0.26682692307692313 0.5120192307692307 0.3028846153846155 0.5336538461538461 0.3028846153846155
0 0.5745192307692307 0.2692307692307693 0.5552884615384616 0.2692307692307693 0.5552884615384616 0.3004807692307693 0.5745192307692307 0.3004807692307693
0 0.35336538461538464 0.28125000000000006 0.3317307692307692 0.28125000000000006 0.3317307692307692 0.3389423076923077 0.35336538461538464 0.3389423076923077
0 0.6826923076923077 0.2740384615384616 0.6610576923076923 0.2740384615384616 0.6610576923076923 0.3125000000000001 0.6826923076923077 0.3125000000000001
0 0.5913461538461539 0.28125000000000006 0.5721153846153846 0.28125000000000006 0.5721153846153846 0.3149038461538463 0.5913461538461539 0.3149038461538463
0 0.40865384615384615 0.2908653846153847 0.3870192307692308 0.2908653846153847 0.3870192307692308 0.3293269230769231 0.40865384615384615 0.3293269230769231
0 0.6538461538461539 0.2908653846153847 0.6346153846153846 0.2908653846153847 0.6346153846153846 0.32932692307692324 0.6538461538461539 0.32932692307692324
0 0.5456730769230769 0.31490384615384615 0.5240384615384616 0.31490384615384615 0.5240384615384616 0.34615384615384615 0.5456730769230769 0.34615384615384615
0 0.6153846153846154 0.3076923076923078 0.5961538461538461 0.3076923076923078 0.5961538461538461 0.3629807692307694 0.6153846153846154 0.3629807692307694
0 0.3125 0.34134615384615385 0.2908653846153847 0.34134615384615385 0.2908653846153847 0.3870192307692308 0.3125 0.3870192307692308
0 0.6706730769230769 0.3437500000000001 0.6514423076923077 0.3437500000000001 0.6514423076923077 0.3990384615384617 0.6706730769230769 0.3990384615384617
0 0.65625 0.36538461538461553 0.6394230769230769 0.36538461538461553 0.6394230769230769 0.4086538461538463 0.65625 0.4086538461538463
0 0.5769230769230769 0.38701923076923084 0.5528846153846154 0.3870192307692308 0.5528846153846154 0.43269230769230776 0.5769230769230769 0.4326923076923078
0 0.6706730769230769 0.39182692307692324 0.6490384615384616 0.39182692307692324 0.6490384615384616 0.4447115384615386 0.6706730769230769 0.4447115384615386
0 0.6129807692307693 0.42307692307692324 0.5913461538461539 0.42307692307692324 0.5913461538461539 0.47355769230769246 0.6129807692307693 0.47355769230769246
0 0.5889423076923077 0.4639423076923078 0.5673076923076923 0.4639423076923078 0.5673076923076923 0.49759615384615397 0.5889423076923077 0.49759615384615397
0 0.3870192307692308 0.46875 0.3605769230769231 0.46875 0.3605769230769231 0.5168269230769231 0.3870192307692308 0.5168269230769231
0 0.6995192307692307 0.46634615384615397 0.6730769230769231 0.46634615384615397 0.6730769230769231 0.5264423076923078 0.6995192307692307 0.5264423076923078
0 0.46153846153846156 0.4807692307692308 0.43990384615384615 0.4807692307692308 0.43990384615384615 0.5360576923076923 0.46153846153846156 0.5360576923076923
0 0.5144230769230769 0.4807692307692308 0.4879807692307692 0.4807692307692308 0.4879807692307692 0.5384615384615384 0.5144230769230769 0.5384615384615384
0 0.6370192307692307 0.49038461538461553 0.6153846153846154 0.49038461538461553 0.6153846153846154 0.5240384615384617 0.6370192307692307 0.5240384615384617
0 0.6322115384615384 0.5216346153846155 0.6105769230769231 0.5216346153846155 0.6105769230769231 0.560096153846154 0.6322115384615384 0.560096153846154
0 0.6610576923076923 0.5168269230769232 0.6370192307692307 0.5168269230769232 0.6370192307692307 0.5625000000000001 0.6610576923076923 0.5625000000000001
0 0.5000000000000001 0.5384615384615384 0.47596153846153844 0.5384615384615384 0.47596153846153855 0.5745192307692307 0.5000000000000001 0.5745192307692307
0 0.44951923076923084 0.5528846153846154 0.4254807692307692 0.5528846153846154 0.4254807692307693 0.6009615384615384 0.4495192307692309 0.6009615384615384
0 0.6971153846153846 0.574519230769231 0.6778846153846154 0.574519230769231 0.6778846153846154 0.6129807692307694 0.6971153846153846 0.6129807692307694
0 0.6201923076923077 0.6009615384615385 0.5985576923076924 0.6009615384615385 0.5985576923076924 0.6514423076923077 0.6201923076923077 0.6514423076923077
0 0.5865384615384617 0.6177884615384616 0.5673076923076924 0.6177884615384616 0.5673076923076924 0.6538461538461539 0.5865384615384617 0.6538461538461539
0 0.6346153846153846 0.625 0.6153846153846154 0.625 0.6153846153846154 0.6634615384615384 0.6346153846153846 0.6634615384615384
0 0.5384615384615385 0.7379807692307693 0.5168269230769232 0.7379807692307693 0.5168269230769232 0.7692307692307693 0.5384615384615385 0.7692307692307693
0 0.5144230769230771 0.7620192307692307 0.4927884615384617 0.7620192307692307 0.4927884615384617 0.8028846153846154 0.5144230769230771 0.8028846153846154
0 0.6826923076923077 0.8004807692307693 0.6634615384615384 0.8004807692307693 0.6634615384615384 0.8317307692307693 0.6826923076923077 0.8317307692307693