0 0.7644230769230769 0.5312500000000001 0.7283653846153846 0.5312500000000001 0.7283653846153846 0.5528846153846155 0.7644230769230769 0.5528846153846155
0 0.6682692307692307 0.6225961538461539 0.6274038461538461 0.6225961538461539 0.6274038461538461 0.6490384615384616 0.6682692307692307 0.6490384615384616
0 0.6634615384615384 0.45913461538461553 0.6177884615384616 0.45913461538461553 0.6177884615384616 0.48317307692307704 0.6634615384615384 0.48317307692307704
0 0.6298076923076923 0.528846153846154 0.6009615384615384 0.528846153846154 0.6009615384615384 0.5528846153846155 0.6298076923076923 0.5528846153846155
0 0.6634615384615384 0.40384615384615397 0.6033653846153846 0.40384615384615397 0.6033653846153846 0.43509615384615397 0.6634615384615384 0.43509615384615397
0 0.6081730769230769 0.483173076923077 0.5576923076923077 0.4831730769230769 0.5576923076923077 0.5096153846153847 0.6081730769230769 0.5096153846153848
0 0.5576923076923078 0.6129807692307693 0.49759615384615397 0.6129807692307693 0.49759615384615397 0.6442307692307693 0.5576923076923078 0.6442307692307693
0 0.5528846153846155 0.5841346153846154 0.5216346153846155 0.5841346153846154 0.5216346153846155 0.6033653846153846 0.5528846153846155 0.6033653846153846
0 0.5360576923076923 0.4567307692307692 0.5072115384615384 0.4567307692307692 0.5072115384615384 0.4735576923076923 0.5360576923076923 0.4735576923076923
0 0.5552884615384616 0.3918269230769231 0.5168269230769231 0.3918269230769231 0.5168269230769231 0.4206730769230769 0.5552884615384616 0.4206730769230769
0 0.5024038461538463 0.5985576923076923 0.45432692307692324 0.5985576923076923 0.45432692307692324 0.625 0.5024038461538463 0.625
0 0.53125 0.4807692307692308 0.4831730769230769 0.4807692307692308 0.4831730769230769 0.5072115384615384 0.53125 0.5072115384615384
0 0.5048076923076924 0.5288461538461539 0.4495192307692308 0.5288461538461539 0.44951923076923084 0.5600961538461539 0.5048076923076924 0.5600961538461539
0 0.5432692307692307 0.3389423076923077 0.49038461538461536 0.3389423076923077 0.49038461538461536 0.37259615384615385 0.5432692307692307 0.37259615384615385
0 0.5216346153846154 0.3605769230769231 0.4951923076923077 0.3605769230769231 0.4951923076923077 0.37740384615384615 0.5216346153846154 0.37740384615384615
0 0.4495192307692309 0.6153846153846154 0.42307692307692324 0.6153846153846154 0.42307692307692324 0.6370192307692307 0.4495192307692309 0.6370192307692307
0 0.47836538461538464 0.49038461538461536 0.44471153846153844 0.49038461538461536 0.44471153846153844 0.5144230769230769 0.47836538461538464 0.5144230769230769
0 0.5072115384615384 0.35336538461538464 0.4567307692307692 0.35336538461538464 0.4567307692307692 0.38221153846153844 0.5072115384615384 0.38221153846153844
0 0.5096153846153846 0.3269230769230769 0.4735576923076923 0.3269230769230769 0.4735576923076923 0.34615384615384615 0.5096153846153846 0.34615384615384615
0 0.47836538461538464 0.4206730769230769 0.4567307692307692 0.4206730769230769 0.4567307692307692 0.4326923076923077 0.47836538461538464 0.4326923076923077
0 0.4831730769230769 0.3605769230769231 0.43990384615384615 0.3605769230769231 0.43990384615384615 0.3798076923076923 0.4831730769230769 0.3798076923076923
0 0.43990384615384615 0.4519230769230769 0.40865384615384615 0.4519230769230769 0.40865384615384615 0.46875 0.43990384615384615 0.46875
0 0.4495192307692308 0.3557692307692308 0.40865384615384615 0.3557692307692308 0.40865384615384615 0.37259615384615385 0.4495192307692308 0.37259615384615385
0 0.42788461538461536 0.39903846153846156 0.4014423076923077 0.39903846153846156 0.4014423076923077 0.4206730769230769 0.42788461538461536 0.4206730769230769
0 0.44471153846153844 0.37740384615384615 0.3870192307692308 0.37740384615384615 0.3870192307692308 0.4110576923076923 0.44471153846153844 0.4110576923076923
0 0.4326923076923077 0.35336538461538464 0.38221153846153844 0.35336538461538464 0.38221153846153844 0.38461538461538464 0.4326923076923077 0.38461538461538464
0 0.38461538461538464 0.44471153846153844 0.35096153846153844 0.44471153846153844 0.35096153846153844 0.46634615384615385 0.38461538461538464 0.46634615384615385
0 0.3533653846153847 0.5552884615384616 0.31490384615384615 0.5552884615384616 0.3149038461538462 0.5865384615384616 0.35336538461538475 0.5865384615384616
0 0.39663461538461536 0.40384615384615385 0.3389423076923077 0.40384615384615385 0.3389423076923077 0.4375 0.39663461538461536 0.4375
0 0.3798076923076923 0.34134615384615385 0.35336538461538464 0.34134615384615385 0.35336538461538464 0.3557692307692308 0.3798076923076923 0.3557692307692308
0 0.3629807692307692 0.36778846153846156 0.3076923076923077 0.36778846153846156 0.3076923076923077 0.3918269230769231 0.3629807692307692 0.3918269230769231
0 0.31009615384615385 0.53125 0.264423076923077 0.53125 0.264423076923077 0.5576923076923077 0.31009615384615385 0.5576923076923077
0 0.3317307692307692 0.4230769230769231 0.2788461538461539 0.4230769230769231 0.2788461538461539 0.4519230769230769 0.3317307692307692 0.4519230769230769
0 0.3028846153846155 0.47115384615384615 0.2740384615384616 0.47115384615384615 0.2740384615384616 0.49038461538461536 0.3028846153846155 0.49038461538461536
0 0.31009615384615385 0.4519230769230769 0.2548076923076924 0.4519230769230769 0.2548076923076924 0.47596153846153844 0.31009615384615385 0.47596153846153844
0 0.3173076923076923 0.37740384615384615 0.2692307692307693 0.37740384615384615 0.2692307692307693 0.4110576923076923 0.3173076923076923 0.4110576923076923
0 0.29807692307692313 0.35336538461538464 0.2596153846153847 0.35336538461538464 0.2596153846153847 0.3798076923076923 0.29807692307692313 0.3798076923076923
0 0.24278846153846162 0.4519230769230769 0.2163461538461539 0.4519230769230769 0.2163461538461539 0.46875 0.24278846153846162 0.46875
0 0.75 0.08173076923076932 0.6971153846153846 0.0817307692307693 0.6971153846153846 0.12740384615384623 0.75 0.12740384615384626