0 0.5625 0.29326923076923084 0.5480769230769231 0.29326923076923084 0.5480769230769231 0.32451923076923084 0.5625 0.3245192307692309
0 0.5024038461538461 0.3052884615384616 0.4855769230769231 0.3052884615384616 0.4855769230769231 0.3269230769230769 0.5024038461538461 0.3269230769230769
0 0.45913461538461536 0.3076923076923077 0.44471153846153844 0.3076923076923077 0.44471153846153844 0.34375 0.45913461538461536 0.34375
0 0.4326923076923077 0.34375 0.4254807692307692 0.34375 0.4254807692307692 0.35336538461538464 0.4326923076923077 0.35336538461538464
0 0.5480769230769231 0.33413461538461536 0.5384615384615384 0.33413461538461536 0.5384615384615384 0.35336538461538464 0.5480769230769231 0.35336538461538464
0 0.5769230769230769 0.33413461538461553 0.5600961538461539 0.33413461538461553 0.5600961538461539 0.36057692307692324 0.5769230769230769 0.36057692307692324
0 0.40625 0.35336538461538464 0.3918269230769231 0.35336538461538464 0.3918269230769231 0.375 0.40625 0.375
0 0.5625 0.34375000000000006 0.5504807692307693 0.34375 0.5504807692307693 0.3677884615384616 0.5625 0.3677884615384617
0 0.5360576923076923 0.36538461538461536 0.5216346153846154 0.36538461538461536 0.5216346153846154 0.3894230769230769 0.5360576923076923 0.3894230769230769
0 0.5168269230769231 0.3870192307692308 0.5 0.3870192307692308 0.5 0.40865384615384615 0.5168269230769231 0.40865384615384615
0 0.59375 0.38461538461538475 0.5793269230769231 0.38461538461538475 0.5793269230769231 0.4134615384615386 0.59375 0.4134615384615386
0 0.5408653846153846 0.39663461538461536 0.5264423076923077 0.39663461538461536 0.5264423076923077 0.4230769230769231 0.5408653846153846 0.4230769230769231
0 0.49278846153846156 0.4110576923076923 0.4807692307692308 0.4110576923076923 0.4807692307692308 0.4375 0.49278846153846156 0.4375
0 0.4543269230769231 0.4182692307692308 0.43990384615384615 0.4182692307692308 0.43990384615384615 0.4495192307692308 0.4543269230769231 0.4495192307692308
0 0.5769230769230769 0.4086538461538463 0.5625 0.4086538461538463 0.5625 0.4375000000000001 0.5769230769230769 0.4375000000000001
0 0.5168269230769231 0.41586538461538464 0.5024038461538461 0.41586538461538464 0.5024038461538461 0.43990384615384615 0.5168269230769231 0.43990384615384615
0 0.59375 0.42067307692307704 0.5745192307692307 0.42067307692307704 0.5745192307692307 0.4447115384615386 0.59375 0.4447115384615386
0 0.5649038461538461 0.4399038461538462 0.5528846153846154 0.43990384615384615 0.5528846153846154 0.46394230769230776 0.5649038461538461 0.4639423076923078
0 0.6033653846153846 0.44711538461538475 0.5889423076923077 0.44711538461538475 0.5889423076923077 0.47355769230769246 0.6033653846153846 0.47355769230769246
0 0.5721153846153846 0.4495192307692309 0.5600961538461539 0.4495192307692309 0.5600961538461539 0.47836538461538475 0.5721153846153846 0.47836538461538475
0 0.5456730769230769 0.4639423076923077 0.5336538461538461 0.4639423076923077 0.5336538461538461 0.49038461538461536 0.5456730769230769 0.49038461538461536
0 0.46153846153846156 0.4735576923076923 0.44711538461538464 0.4735576923076923 0.44711538461538464 0.5024038461538461 0.46153846153846156 0.5024038461538461
0 0.5408653846153846 0.4639423076923077 0.5264423076923077 0.4639423076923077 0.5264423076923077 0.5 0.5408653846153846 0.5
0 0.4951923076923077 0.4855769230769231 0.4831730769230769 0.4855769230769231 0.4831730769230769 0.5072115384615384 0.4951923076923077 0.5072115384615384
0 0.5865384615384616 0.49038461538461553 0.5697115384615384 0.49038461538461553 0.5697115384615384 0.5216346153846155 0.5865384615384616 0.5216346153846155
0 0.5120192307692307 0.5048076923076923 0.49278846153846156 0.5048076923076923 0.49278846153846156 0.5360576923076923 0.5120192307692307 0.5360576923076923
0 0.46875 0.5120192307692307 0.4543269230769231 0.5120192307692307 0.4543269230769231 0.5432692307692307 0.46875 0.5432692307692307
0 0.5384615384615384 0.5144230769230769 0.5240384615384616 0.5144230769230769 0.5240384615384616 0.5456730769230769 0.5384615384615384 0.5456730769230769
0 0.5216346153846154 0.53125 0.5072115384615384 0.53125 0.5072115384615384 0.5552884615384616 0.5216346153846154 0.5552884615384616
0 0.5528846153846154 0.5336538461538461 0.5408653846153846 0.5336538461538461 0.5408653846153847 0.5600961538461539 0.5528846153846155 0.5600961538461539
0 0.5793269230769231 0.5576923076923078 0.5649038461538461 0.5576923076923078 0.5649038461538463 0.5937500000000001 0.5793269230769232 0.5937500000000001
0 0.5961538461538463 0.5697115384615385 0.5817307692307694 0.5697115384615385 0.5817307692307694 0.6009615384615385 0.5961538461538463 0.6009615384615385
0 0.49038461538461553 0.5961538461538461 0.4807692307692309 0.5961538461538461 0.4807692307692309 0.6201923076923077 0.49038461538461553 0.6201923076923077
0 0.5024038461538463 0.5961538461538461 0.4879807692307694 0.5961538461538461 0.4879807692307694 0.625 0.5024038461538463 0.625
0 0.560096153846154 0.5961538461538463 0.543269230769231 0.5961538461538461 0.543269230769231 0.6394230769230769 0.560096153846154 0.6394230769230769
0 0.5793269230769232 0.6033653846153848 0.5625000000000001 0.6033653846153848 0.5625000000000001 0.6442307692307693 0.5793269230769232 0.6442307692307693
0 0.6009615384615385 0.6418269230769231 0.5865384615384617 0.6418269230769231 0.5865384615384617 0.6682692307692307 0.6009615384615385 0.6682692307692307
0 0.528846153846154 0.6706730769230769 0.5144230769230771 0.6706730769230769 0.5144230769230771 0.7019230769230769 0.528846153846154 0.7019230769230769