0 0.47596153846153844 0.2596153846153847 0.4543269230769231 0.2596153846153847 0.4543269230769231 0.28846153846153855 0.47596153846153844 0.28846153846153855
0 0.5192307692307693 0.2524038461538462 0.49278846153846156 0.2524038461538462 0.49278846153846156 0.2908653846153847 0.5192307692307693 0.2908653846153847
0 0.47596153846153844 0.3245192307692308 0.4519230769230769 0.3245192307692308 0.4519230769230769 0.35096153846153844 0.47596153846153844 0.35096153846153844
0 0.4014423076923077 0.35336538461538464 0.3798076923076923 0.35336538461538464 0.3798076923076923 0.38461538461538464 0.4014423076923077 0.38461538461538464
0 0.6706730769230769 0.3149038461538463 0.6466346153846154 0.3149038461538463 0.6466346153846154 0.3437500000000001 0.6706730769230769 0.3437500000000001
0 0.4182692307692308 0.37259615384615385 0.39663461538461536 0.37259615384615385 0.39663461538461536 0.39663461538461536 0.4182692307692308 0.39663461538461536
0 0.5264423076923077 0.3918269230769231 0.5072115384615384 0.3918269230769231 0.5072115384615384 0.41346153846153844 0.5264423076923077 0.41346153846153844
0 0.4879807692307692 0.4014423076923077 0.4639423076923077 0.4014423076923077 0.4639423076923077 0.43028846153846156 0.4879807692307692 0.43028846153846156
0 0.3293269230769231 0.47836538461538464 0.3076923076923077 0.47836538461538464 0.3076923076923077 0.4951923076923077 0.3293269230769231 0.4951923076923077
0 0.29807692307692313 0.47115384615384615 0.2692307692307693 0.47115384615384615 0.2692307692307693 0.5144230769230769 0.29807692307692313 0.5144230769230769
0 0.4206730769230769 0.49038461538461536 0.39663461538461536 0.49038461538461536 0.39663461538461536 0.5144230769230769 0.4206730769230769 0.5144230769230769
0 0.4543269230769231 0.4951923076923077 0.43028846153846156 0.4951923076923077 0.43028846153846156 0.5264423076923077 0.4543269230769231 0.5264423076923077
0 0.59375 0.4759615384615386 0.5673076923076923 0.4759615384615386 0.5673076923076923 0.5072115384615385 0.59375 0.5072115384615385
0 0.326923076923077 0.5456730769230769 0.3004807692307693 0.5456730769230769 0.3004807692307693 0.5769230769230769 0.32692307692307704 0.5769230769230769
0 0.5480769230769231 0.49759615384615385 0.5240384615384616 0.49759615384615385 0.5240384615384616 0.5360576923076923 0.5480769230769231 0.5360576923076923
0 0.46634615384615385 0.5168269230769231 0.43990384615384615 0.5168269230769231 0.43990384615384615 0.5528846153846154 0.46634615384615385 0.5528846153846154
0 0.44471153846153855 0.5288461538461539 0.4230769230769231 0.5288461538461539 0.42307692307692313 0.5649038461538461 0.4447115384615386 0.5649038461538461
0 0.3052884615384616 0.5697115384615384 0.2788461538461539 0.5697115384615384 0.2788461538461539 0.6081730769230769 0.3052884615384616 0.6081730769230769
0 0.43269230769230776 0.5504807692307693 0.40625 0.5504807692307693 0.40625000000000006 0.5865384615384616 0.4326923076923078 0.5865384615384616
0 0.7884615384615384 0.48557692307692324 0.7644230769230769 0.48557692307692324 0.7644230769230769 0.5168269230769232 0.7884615384615384 0.5168269230769232
0 0.36057692307692324 0.5865384615384616 0.3245192307692309 0.5865384615384616 0.3245192307692309 0.6225961538461539 0.36057692307692324 0.6225961538461539
0 0.3437500000000001 0.6057692307692307 0.3197115384615386 0.6057692307692307 0.3197115384615386 0.6442307692307693 0.3437500000000001 0.6442307692307693
0 0.3677884615384617 0.625 0.3437500000000001 0.625 0.3437500000000001 0.6634615384615384 0.3677884615384617 0.6634615384615384
0 0.41105769230769246 0.6225961538461539 0.38461538461538475 0.6225961538461539 0.38461538461538475 0.6490384615384616 0.41105769230769246 0.6490384615384616
0 0.3557692307692309 0.6418269230769231 0.33413461538461553 0.6418269230769231 0.33413461538461553 0.6802884615384616 0.3557692307692309 0.6802884615384616
0 0.5144230769230771 0.6177884615384616 0.49038461538461553 0.6177884615384616 0.49038461538461553 0.6442307692307693 0.5144230769230771 0.6442307692307693
0 0.5096153846153848 0.6322115384615384 0.48317307692307704 0.6322115384615384 0.48317307692307704 0.6610576923076923 0.5096153846153848 0.6610576923076923
0 0.6105769230769232 0.6177884615384616 0.591346153846154 0.6177884615384616 0.591346153846154 0.6418269230769231 0.6105769230769232 0.6418269230769231
0 0.6923076923076923 0.6009615384615385 0.6658653846153846 0.6009615384615385 0.6658653846153846 0.6394230769230769 0.6923076923076923 0.6394230769230769
0 0.3870192307692309 0.6850961538461539 0.36538461538461553 0.6850961538461539 0.36538461538461553 0.7139423076923077 0.3870192307692309 0.7139423076923077
0 0.6418269230769231 0.6370192307692307 0.625 0.6370192307692307 0.625 0.65625 0.6418269230769231 0.65625
0 0.4062500000000001 0.6899038461538461 0.38461538461538475 0.6899038461538461 0.38461538461538475 0.7211538461538461 0.4062500000000001 0.7211538461538461
0 0.4687500000000001 0.7163461538461539 0.4495192307692309 0.7163461538461539 0.4495192307692309 0.7475961538461539 0.4687500000000001 0.7475961538461539
0 0.4399038461538463 0.7211538461538461 0.42067307692307704 0.7211538461538461 0.42067307692307704 0.7524038461538461 0.4399038461538463 0.7524038461538461
0 0.512019230769231 0.7067307692307693 0.4879807692307694 0.7067307692307693 0.4879807692307694 0.7451923076923077 0.512019230769231 0.7451923076923077
0 0.6514423076923077 0.6875 0.6322115384615384 0.6875 0.6322115384615384 0.7163461538461539 0.6514423076923077 0.7163461538461539
0 0.543269230769231 0.7451923076923077 0.5264423076923078 0.7451923076923077 0.5264423076923078 0.7644230769230769 0.543269230769231 0.7644230769230769
0 0.5817307692307694 0.7548076923076923 0.560096153846154 0.7548076923076923 0.560096153846154 0.7860576923076923 0.5817307692307694 0.7860576923076923
0 0.5000000000000001 0.7860576923076923 0.48557692307692324 0.7860576923076923 0.48557692307692324 0.8125 0.5000000000000001 0.8125
0 0.5144230769230771 0.7884615384615384 0.49038461538461553 0.7884615384615384 0.49038461538461553 0.8221153846153846 0.5144230769230771 0.8221153846153846
0 0.7355769230769231 0.7860576923076923 0.7139423076923077 0.7860576923076923 0.7139423076923077 0.8149038461538461 0.7355769230769231 0.8149038461538461
0 0.6850961538461539 0.8317307692307693 0.6610576923076923 0.8317307692307693 0.6610576923076923 0.8605769230769231 0.6850961538461539 0.8605769230769231
0 0.7836538461538461 0.8100961538461539 0.7620192307692307 0.8100961538461539 0.7620192307692307 0.8389423076923077 0.7836538461538461 0.8389423076923077