0 0.25721153846153855 0.7475961538461539 0.23317307692307698 0.7475961538461539 0.23317307692307698 0.7668269230769231 0.25721153846153855 0.7668269230769231
0 0.2860576923076924 0.6923076923076923 0.26201923076923084 0.6923076923076923 0.26201923076923084 0.7163461538461539 0.2860576923076924 0.7163461538461539
0 0.3629807692307692 0.2475961538461539 0.33413461538461536 0.2475961538461539 0.33413461538461536 0.2740384615384616 0.3629807692307692 0.2740384615384616
0 0.3677884615384617 0.6706730769230769 0.3461538461538463 0.6706730769230769 0.3461538461538463 0.6875 0.3677884615384617 0.6875
0 0.38461538461538475 0.6033653846153846 0.3557692307692309 0.6033653846153846 0.3557692307692309 0.625 0.38461538461538475 0.625
0 0.3750000000000001 0.6826923076923077 0.35336538461538475 0.6826923076923077 0.35336538461538475 0.7019230769230769 0.3750000000000001 0.7019230769230769
0 0.39663461538461553 0.6177884615384616 0.37980769230769246 0.6177884615384616 0.37980769230769246 0.6394230769230769 0.39663461538461553 0.6394230769230769
0 0.4110576923076924 0.5384615384615384 0.3870192307692308 0.5384615384615384 0.38701923076923084 0.5625 0.41105769230769246 0.5625
0 0.4062500000000001 0.6850961538461539 0.3774038461538463 0.6850961538461539 0.3774038461538463 0.7091346153846154 0.4062500000000001 0.7091346153846154
0 0.4326923076923077 0.35096153846153844 0.40625 0.35096153846153844 0.40625 0.37740384615384615 0.4326923076923077 0.37740384615384615
0 0.4326923076923077 0.3894230769230769 0.40625 0.3894230769230769 0.40625 0.41346153846153844 0.4326923076923077 0.41346153846153844
0 0.4182692307692309 0.7403846153846154 0.38942307692307704 0.7403846153846154 0.38942307692307704 0.7644230769230769 0.4182692307692309 0.7644230769230769
0 0.42788461538461553 0.6442307692307693 0.4086538461538463 0.6442307692307693 0.4086538461538463 0.6634615384615384 0.42788461538461553 0.6634615384615384
0 0.44471153846153844 0.3798076923076923 0.4254807692307692 0.3798076923076923 0.4254807692307692 0.39903846153846156 0.44471153846153844 0.39903846153846156
0 0.44471153846153855 0.5288461538461539 0.40625 0.5288461538461539 0.40625000000000006 0.5625 0.4447115384615386 0.5625
0 0.44711538461538475 0.6370192307692307 0.42067307692307704 0.6370192307692307 0.42067307692307704 0.6610576923076923 0.44711538461538475 0.6610576923076923
0 0.45913461538461553 0.6105769230769231 0.4302884615384617 0.6105769230769231 0.4302884615384617 0.6322115384615384 0.45913461538461553 0.6322115384615384
0 0.45913461538461553 0.625 0.4326923076923078 0.625 0.4326923076923078 0.6490384615384616 0.45913461538461553 0.6490384615384616
0 0.4639423076923078 0.65625 0.4447115384615386 0.65625 0.4447115384615386 0.6778846153846154 0.4639423076923078 0.6778846153846154
0 0.4759615384615386 0.6322115384615384 0.45432692307692324 0.6322115384615384 0.45432692307692324 0.6490384615384616 0.4759615384615386 0.6490384615384616
0 0.4951923076923078 0.6153846153846154 0.4759615384615386 0.6153846153846154 0.4759615384615386 0.6346153846153846 0.4951923076923078 0.6346153846153846
0 0.5336538461538461 0.25721153846153855 0.5 0.25721153846153855 0.5 0.2860576923076924 0.5336538461538461 0.2860576923076924
0 0.5264423076923077 0.5408653846153846 0.5 0.5408653846153846 0.5000000000000001 0.5625 0.5264423076923078 0.5625
0 0.5360576923076923 0.4543269230769231 0.5024038461538461 0.4543269230769231 0.5024038461538461 0.47836538461538464 0.5360576923076923 0.47836538461538464
0 0.5432692307692307 0.44471153846153844 0.5216346153846154 0.44471153846153844 0.5216346153846154 0.46153846153846156 0.5432692307692307 0.46153846153846156
0 0.5504807692307694 0.6081730769230769 0.5336538461538463 0.6081730769230769 0.5336538461538463 0.625 0.5504807692307694 0.625
0 0.5913461538461539 0.36057692307692324 0.5649038461538461 0.36057692307692324 0.5649038461538461 0.3870192307692309 0.5913461538461539 0.3870192307692309
0 0.574519230769231 0.6009615384615385 0.5504807692307694 0.6009615384615384 0.5504807692307694 0.6201923076923077 0.574519230769231 0.6201923076923077
0 0.6009615384615385 0.5697115384615385 0.560096153846154 0.5697115384615385 0.560096153846154 0.6009615384615385 0.6009615384615385 0.6009615384615385
0 0.6274038461538461 0.5192307692307694 0.5961538461538461 0.5192307692307694 0.5961538461538461 0.543269230769231 0.6274038461538461 0.543269230769231
0 0.6274038461538461 0.5504807692307694 0.5961538461538461 0.5504807692307694 0.5961538461538463 0.5769230769230771 0.6274038461538461 0.5769230769230771
0 0.6370192307692307 0.49759615384615397 0.5961538461538461 0.49759615384615397 0.5961538461538461 0.5264423076923078 0.6370192307692307 0.5264423076923078
0 0.6610576923076923 0.3365384615384617 0.6322115384615384 0.3365384615384617 0.6322115384615384 0.3629807692307694 0.6610576923076923 0.3629807692307694
0 0.6682692307692307 0.25721153846153855 0.6370192307692307 0.25721153846153855 0.6370192307692307 0.2836538461538462 0.6682692307692307 0.2836538461538462
0 0.6706730769230769 0.3822115384615386 0.6370192307692307 0.3822115384615386 0.6370192307692307 0.4086538461538463 0.6706730769230769 0.4086538461538463
0 0.6658653846153846 0.5336538461538463 0.6346153846153846 0.5336538461538463 0.6346153846153846 0.5625000000000001 0.6658653846153846 0.5625000000000001
0 0.6875 0.5360576923076924 0.6586538461538461 0.5360576923076924 0.6586538461538461 0.5625000000000001 0.6875 0.5625000000000001
0 0.7019230769230769 0.3461538461538463 0.6754807692307693 0.3461538461538463 0.6754807692307693 0.3701923076923078 0.7019230769230769 0.3701923076923078
0 0.7043269230769231 0.39663461538461553 0.6875 0.39663461538461553 0.6875 0.41586538461538475 0.7043269230769231 0.41586538461538475
0 0.7235576923076923 0.4807692307692309 0.6923076923076923 0.4807692307692309 0.6923076923076923 0.5072115384615385 0.7235576923076923 0.5072115384615385