0 0.9471153846153846 0.2620192307692309 0.90625 0.2620192307692309 0.90625 0.31730769230769246 0.9471153846153846 0.31730769230769246
0 0.8389423076923077 0.2764423076923078 0.7980769230769231 0.27644230769230776 0.7980769230769231 0.32692307692307704 0.8389423076923077 0.32692307692307704
0 0.6850961538461539 0.3701923076923078 0.6514423076923077 0.3701923076923078 0.6514423076923077 0.4134615384615386 0.6850961538461539 0.4134615384615386
0 0.6538461538461539 0.3774038461538463 0.6201923076923077 0.3774038461538463 0.6201923076923077 0.42067307692307704 0.6538461538461539 0.42067307692307704
0 0.8317307692307693 0.38461538461538475 0.7932692307692307 0.38461538461538475 0.7932692307692307 0.43509615384615397 0.8317307692307693 0.43509615384615397
0 0.5456730769230769 0.43509615384615385 0.5192307692307693 0.43509615384615385 0.5192307692307693 0.47115384615384615 0.5456730769230769 0.47115384615384615
0 0.7259615384615384 0.42788461538461553 0.6971153846153846 0.42788461538461553 0.6971153846153846 0.4639423076923078 0.7259615384615384 0.4639423076923078
0 0.5817307692307693 0.45432692307692313 0.5432692307692307 0.4543269230769231 0.5432692307692307 0.5024038461538463 0.5817307692307693 0.5024038461538463
0 0.7139423076923077 0.4615384615384617 0.6850961538461539 0.4615384615384617 0.6850961538461539 0.5048076923076924 0.7139423076923077 0.5048076923076924
0 0.7427884615384616 0.47836538461538475 0.7091346153846154 0.47836538461538475 0.7091346153846154 0.5216346153846155 0.7427884615384616 0.5216346153846155
0 0.6634615384615384 0.4879807692307694 0.6322115384615384 0.4879807692307694 0.6322115384615384 0.528846153846154 0.6634615384615384 0.528846153846154
0 0.8317307692307693 0.48317307692307704 0.7980769230769231 0.48317307692307704 0.7980769230769231 0.528846153846154 0.8317307692307693 0.528846153846154
0 0.8413461538461539 0.5048076923076924 0.8149038461538461 0.5048076923076924 0.8149038461538461 0.5408653846153848 0.8413461538461539 0.5408653846153848
0 0.5024038461538463 0.5432692307692307 0.47115384615384615 0.5432692307692307 0.4711538461538462 0.5841346153846154 0.5024038461538463 0.5841346153846154
0 0.5985576923076924 0.543269230769231 0.5769230769230769 0.543269230769231 0.576923076923077 0.5721153846153848 0.5985576923076924 0.5721153846153848
0 0.6658653846153846 0.5360576923076924 0.6370192307692307 0.5360576923076924 0.6370192307692307 0.5721153846153848 0.6658653846153846 0.5721153846153848
0 0.5408653846153848 0.5913461538461539 0.5072115384615385 0.5913461538461539 0.5072115384615385 0.6370192307692307 0.5408653846153848 0.6370192307692307
0 0.6442307692307693 0.5793269230769232 0.605769230769231 0.5793269230769232 0.605769230769231 0.6298076923076923 0.6442307692307693 0.6298076923076923
0 0.7884615384615384 0.5769230769230771 0.7596153846153846 0.5769230769230771 0.7596153846153846 0.6129807692307694 0.7884615384615384 0.6129807692307694
0 0.5889423076923078 0.6129807692307693 0.5552884615384617 0.6129807692307693 0.5552884615384617 0.65625 0.5889423076923078 0.65625
0 0.6538461538461539 0.6225961538461539 0.6274038461538461 0.6225961538461539 0.6274038461538461 0.6634615384615384 0.6538461538461539 0.6634615384615384
0 0.7884615384615384 0.605769230769231 0.7548076923076923 0.605769230769231 0.7548076923076923 0.6466346153846154 0.7884615384615384 0.6466346153846154
0 0.5937500000000001 0.6346153846153846 0.5649038461538463 0.6346153846153846 0.5649038461538463 0.6706730769230769 0.5937500000000001 0.6706730769230769
0 0.6875 0.6418269230769231 0.6586538461538461 0.6418269230769231 0.6586538461538461 0.6778846153846154 0.6875 0.6778846153846154
0 0.7379807692307693 0.6418269230769231 0.7067307692307693 0.6418269230769231 0.7067307692307693 0.6875 0.7379807692307693 0.6875
0 0.8389423076923077 0.6514423076923077 0.8028846153846154 0.6514423076923077 0.8028846153846154 0.7043269230769231 0.8389423076923077 0.7043269230769231
0 0.7163461538461539 0.6850961538461539 0.6850961538461539 0.6850961538461539 0.6850961538461539 0.7211538461538461 0.7163461538461539 0.7211538461538461
0 0.4134615384615386 0.7235576923076923 0.38461538461538475 0.7235576923076923 0.38461538461538475 0.7620192307692307 0.4134615384615386 0.7620192307692307
0 0.6009615384615385 0.71875 0.5649038461538463 0.71875 0.5649038461538463 0.7620192307692307 0.6009615384615385 0.7620192307692307
0 0.45913461538461553 0.7403846153846154 0.4375000000000001 0.7403846153846154 0.4375000000000001 0.7668269230769231 0.45913461538461553 0.7668269230769231
0 0.6490384615384616 0.7163461538461539 0.6201923076923077 0.7163461538461539 0.6201923076923077 0.7572115384615384 0.6490384615384616 0.7572115384615384
0 0.42307692307692324 0.7548076923076923 0.3942307692307694 0.7548076923076923 0.3942307692307694 0.78125 0.42307692307692324 0.78125
0 0.7884615384615384 0.7283653846153846 0.7548076923076923 0.7283653846153846 0.7548076923076923 0.7740384615384616 0.7884615384615384 0.7740384615384616
0 0.5408653846153848 0.7692307692307693 0.5024038461538463 0.7692307692307693 0.5024038461538463 0.8173076923076923 0.5408653846153848 0.8173076923076923
0 0.6370192307692307 0.7716346153846154 0.605769230769231 0.7716346153846154 0.605769230769231 0.8100961538461539 0.6370192307692307 0.8100961538461539
0 0.6298076923076923 0.8125 0.5961538461538463 0.8125 0.5961538461538463 0.8557692307692307 0.6298076923076923 0.8557692307692307
0 0.6153846153846154 0.8581730769230769 0.5841346153846155 0.8581730769230769 0.5841346153846155 0.8990384615384616 0.6153846153846154 0.8990384615384616
0 0.4951923076923078 0.8918269230769231 0.45432692307692324 0.8918269230769231 0.45432692307692324 0.9350961538461539 0.4951923076923078 0.9350961538461539
0 0.7043269230769231 0.5937500000000001 0.6682692307692307 0.5937500000000001 0.6682692307692307 0.6418269230769231 0.7043269230769231 0.6418269230769231