0 0.9326923076923077 0.6778846153846154 0.8245192307692307 0.6778846153846154 0.8245192307692307 0.7379807692307693 0.9326923076923077 0.7379807692307693
0 0.8004807692307693 0.31009615384615397 0.7091346153846154 0.31009615384615397 0.7091346153846154 0.3701923076923078 0.8004807692307693 0.3701923076923078
0 0.6875 0.10096153846153853 0.6177884615384616 0.10096153846153853 0.6177884615384616 0.1538461538461539 0.6875 0.1538461538461539
0 0.7283653846153846 0.16105769230769237 0.6105769230769231 0.16105769230769237 0.6105769230769231 0.21875000000000006 0.7283653846153846 0.21875000000000006
0 0.7043269230769231 0.14903846153846162 0.6057692307692307 0.14903846153846162 0.6057692307692307 0.20913461538461545 0.7043269230769231 0.20913461538461545
0 0.5985576923076923 0.055288461538461606 0.5192307692307693 0.055288461538461606 0.5192307692307693 0.108173076923077 0.5985576923076923 0.108173076923077
0 0.7067307692307693 0.5168269230769232 0.6129807692307693 0.5168269230769232 0.6129807692307693 0.574519230769231 0.7067307692307693 0.574519230769231
0 0.5841346153846154 0.10096153846153853 0.4831730769230769 0.10096153846153853 0.4831730769230769 0.16346153846153852 0.5841346153846154 0.16346153846153852
0 0.5576923076923077 0.048076923076923135 0.4543269230769231 0.04807692307692313 0.4543269230769231 0.10336538461538468 0.5576923076923077 0.10336538461538468
0 0.5961538461538461 0.21394230769230776 0.5096153846153846 0.21394230769230776 0.5096153846153846 0.27644230769230776 0.5961538461538461 0.27644230769230776
0 0.6899038461538461 0.6153846153846154 0.6105769230769232 0.6153846153846154 0.6105769230769232 0.6658653846153846 0.6899038461538461 0.6658653846153846
0 0.5216346153846154 0.0865384615384616 0.42788461538461536 0.0865384615384616 0.42788461538461536 0.14663461538461545 0.5216346153846154 0.14663461538461545
0 0.5504807692307693 0.24278846153846162 0.46875 0.24278846153846162 0.46875 0.295673076923077 0.5504807692307693 0.295673076923077
0 0.5048076923076923 0.21875000000000006 0.4206730769230769 0.21875000000000006 0.4206730769230769 0.26201923076923084 0.5048076923076923 0.26201923076923084
0 0.4639423076923077 0.10096153846153852 0.375 0.10096153846153849 0.375 0.15865384615384623 0.4639423076923077 0.15865384615384623
0 0.4735576923076923 0.1971153846153847 0.375 0.1971153846153847 0.375 0.25721153846153855 0.4735576923076923 0.25721153846153855
0 0.5072115384615384 0.3245192307692308 0.40865384615384615 0.3245192307692308 0.40865384615384615 0.3798076923076923 0.5072115384615384 0.3798076923076923
0 0.5024038461538461 0.40625 0.41346153846153844 0.40625 0.41346153846153844 0.4639423076923077 0.5024038461538461 0.4639423076923077
0 0.45913461538461536 0.3004807692307693 0.3701923076923077 0.3004807692307693 0.3701923076923077 0.3581730769230769 0.45913461538461536 0.3581730769230769
0 0.3557692307692308 0.12259615384615388 0.28125 0.12259615384615388 0.28125 0.17307692307692316 0.3557692307692308 0.17307692307692316
0 0.4110576923076923 0.2596153846153847 0.3076923076923077 0.2596153846153847 0.3076923076923077 0.3245192307692308 0.4110576923076923 0.3245192307692308
0 0.3629807692307692 0.14663461538461542 0.25240384615384615 0.14663461538461542 0.25240384615384615 0.20673076923076927 0.3629807692307692 0.2067307692307693
0 0.36778846153846156 0.25000000000000006 0.29086538461538464 0.25000000000000006 0.29086538461538464 0.29807692307692313 0.36778846153846156 0.29807692307692313
0 0.34134615384615385 0.17548076923076927 0.24519230769230768 0.17548076923076922 0.24519230769230768 0.2259615384615385 0.34134615384615385 0.22596153846153852
0 0.30288461538461536 0.06490384615384619 0.21634615384615385 0.06490384615384619 0.21634615384615385 0.11298076923076926 0.30288461538461536 0.11298076923076926
0 0.3581730769230769 0.34134615384615385 0.2596153846153847 0.34134615384615385 0.2596153846153847 0.39663461538461536 0.3581730769230769 0.39663461538461536
0 0.27163461538461536 0.1370192307692308 0.18028846153846154 0.1370192307692308 0.18028846153846154 0.18990384615384615 0.27163461538461536 0.18990384615384615
0 0.3269230769230769 0.38461538461538464 0.2524038461538462 0.38461538461538464 0.2524038461538462 0.4423076923076923 0.3269230769230769 0.4423076923076923
0 0.3028846153846155 0.31971153846153844 0.21394230769230776 0.31971153846153844 0.21394230769230776 0.37259615384615385 0.3028846153846155 0.37259615384615385
0 0.1418269230769231 0.19230769230769232 0.06490384615384617 0.19230769230769232 0.06490384615384617 0.2403846153846154 0.1418269230769231 0.2403846153846154
0 0.15144230769230774 0.2620192307692308 0.06490384615384619 0.2620192307692308 0.06490384615384619 0.31490384615384615 0.15144230769230774 0.31490384615384615
0 0.13942307692307696 0.30288461538461536 0.05769230769230772 0.30288461538461536 0.05769230769230774 0.3605769230769231 0.13942307692307696 0.3605769230769231
0 0.0961538461538462 0.38461538461538464 0.01923076923076928 0.38461538461538464 0.01923076923076928 0.4375 0.09615384615384623 0.4375