0 0.2692307692307693 0.31971153846153844 0.23317307692307698 0.31971153846153844 0.23317307692307698 0.3485576923076923 0.2692307692307693 0.3485576923076923
0 0.3052884615384616 0.2836538461538462 0.2716346153846155 0.28365384615384615 0.2716346153846155 0.3028846153846154 0.3052884615384616 0.3028846153846155
0 0.2836538461538462 0.39663461538461536 0.2548076923076924 0.39663461538461536 0.2548076923076924 0.4182692307692308 0.2836538461538462 0.4182692307692308
0 0.28125000000000006 0.41586538461538464 0.2596153846153847 0.41586538461538464 0.2596153846153847 0.42788461538461536 0.28125000000000006 0.42788461538461536
0 0.29326923076923084 0.3894230769230769 0.2716346153846155 0.3894230769230769 0.2716346153846155 0.40625 0.29326923076923084 0.40625
0 0.2908653846153847 0.45913461538461536 0.264423076923077 0.45913461538461536 0.264423076923077 0.47596153846153844 0.2908653846153847 0.47596153846153844
0 0.29807692307692313 0.47115384615384615 0.2740384615384616 0.47115384615384615 0.2740384615384616 0.4879807692307692 0.29807692307692313 0.4879807692307692
0 0.3293269230769231 0.36778846153846156 0.3028846153846155 0.36778846153846156 0.3028846153846155 0.38461538461538464 0.3293269230769231 0.38461538461538464
0 0.29807692307692313 0.5168269230769231 0.2788461538461539 0.5168269230769231 0.2788461538461539 0.53125 0.29807692307692313 0.53125
0 0.32211538461538464 0.4735576923076923 0.295673076923077 0.4735576923076923 0.295673076923077 0.49759615384615385 0.32211538461538464 0.49759615384615385
0 0.3701923076923077 0.3293269230769231 0.3293269230769231 0.3293269230769231 0.3293269230769231 0.3581730769230769 0.3701923076923077 0.3581730769230769
0 0.36538461538461536 0.3629807692307692 0.3293269230769231 0.3629807692307692 0.3293269230769231 0.3870192307692308 0.36538461538461536 0.3870192307692308
0 0.36778846153846156 0.35336538461538464 0.34134615384615385 0.35336538461538464 0.34134615384615385 0.3701923076923077 0.36778846153846156 0.3701923076923077
0 0.34375 0.4807692307692308 0.32211538461538464 0.4807692307692308 0.32211538461538464 0.49759615384615385 0.34375 0.49759615384615385
0 0.3557692307692308 0.5288461538461539 0.3317307692307692 0.5288461538461539 0.3317307692307692 0.5528846153846154 0.3557692307692308 0.5528846153846154
0 0.40865384615384615 0.3317307692307692 0.38461538461538464 0.3317307692307692 0.38461538461538464 0.34615384615384615 0.40865384615384615 0.34615384615384615
0 0.42788461538461536 0.37740384615384615 0.40865384615384615 0.37740384615384615 0.40865384615384615 0.3918269230769231 0.42788461538461536 0.3918269230769231
0 0.4230769230769231 0.4230769230769231 0.39663461538461536 0.4230769230769231 0.39663461538461536 0.43990384615384615 0.4230769230769231 0.43990384615384615
0 0.41346153846153844 0.4807692307692308 0.3942307692307692 0.4807692307692308 0.3942307692307692 0.5 0.41346153846153844 0.5
0 0.42788461538461536 0.47115384615384615 0.40625 0.47115384615384615 0.40625 0.4831730769230769 0.42788461538461536 0.4831730769230769
0 0.4206730769230769 0.49759615384615385 0.39903846153846156 0.49759615384615385 0.39903846153846156 0.5192307692307693 0.4206730769230769 0.5192307692307693
0 0.47115384615384615 0.3870192307692308 0.43990384615384615 0.3870192307692308 0.43990384615384615 0.40865384615384615 0.47115384615384615 0.40865384615384615
0 0.46153846153846156 0.4519230769230769 0.43028846153846156 0.4519230769230769 0.43028846153846156 0.4831730769230769 0.46153846153846156 0.4831730769230769
0 0.49759615384615385 0.3389423076923077 0.46634615384615385 0.3389423076923077 0.46634615384615385 0.3581730769230769 0.49759615384615385 0.3581730769230769
0 0.4951923076923077 0.3701923076923077 0.46875 0.3701923076923077 0.46875 0.3870192307692308 0.4951923076923077 0.3870192307692308
0 0.5024038461538461 0.40865384615384615 0.4567307692307692 0.40865384615384615 0.4567307692307692 0.4423076923076923 0.5024038461538461 0.4423076923076923
0 0.5144230769230769 0.36778846153846156 0.4807692307692308 0.36778846153846156 0.4807692307692308 0.39663461538461536 0.5144230769230769 0.39663461538461536
0 0.46875000000000006 0.5552884615384616 0.43990384615384615 0.5552884615384616 0.4399038461538462 0.5817307692307693 0.4687500000000001 0.5817307692307693
0 0.5408653846153846 0.3701923076923077 0.5048076923076923 0.3701923076923077 0.5048076923076923 0.3918269230769231 0.5408653846153846 0.3918269230769231
0 0.4879807692307693 0.5576923076923077 0.4639423076923077 0.5576923076923077 0.46394230769230776 0.5769230769230769 0.4879807692307694 0.5769230769230769
0 0.5216346153846154 0.5120192307692307 0.5 0.5120192307692307 0.5 0.5336538461538461 0.5216346153846154 0.5336538461538461
0 0.5673076923076923 0.4038461538461539 0.5456730769230769 0.40384615384615385 0.5456730769230769 0.420673076923077 0.5673076923076923 0.42067307692307704
0 0.59375 0.37019230769230776 0.5576923076923077 0.3701923076923077 0.5576923076923077 0.3990384615384616 0.59375 0.3990384615384617
0 0.5793269230769231 0.45432692307692313 0.5504807692307693 0.4543269230769231 0.5504807692307693 0.4735576923076924 0.5793269230769231 0.47355769230769246
0 0.6274038461538461 0.4759615384615386 0.5961538461538461 0.4759615384615386 0.5961538461538461 0.49759615384615397 0.6274038461538461 0.49759615384615397
0 0.6730769230769231 0.3389423076923078 0.6394230769230769 0.3389423076923078 0.6394230769230769 0.3677884615384617 0.6730769230769231 0.3677884615384617
0 0.6586538461538461 0.4879807692307694 0.6418269230769231 0.4879807692307694 0.6418269230769231 0.5024038461538463 0.6586538461538461 0.5024038461538463
0 0.5913461538461539 0.15144230769230776 0.5625 0.15144230769230776 0.5625 0.1754807692307693 0.5913461538461539 0.1754807692307693
0 0.5841346153846154 0.45432692307692324 0.5649038461538461 0.45432692307692324 0.5649038461538461 0.4687500000000001 0.5841346153846154 0.4687500000000001