0 0.5168269230769231 0.1177884615384616 0.47836538461538464 0.1177884615384616 0.47836538461538464 0.1850961538461539 0.5168269230769231 0.1850961538461539
0 0.5697115384615384 0.18750000000000006 0.5336538461538461 0.18750000000000006 0.5336538461538461 0.23076923076923084 0.5697115384615384 0.23076923076923084
0 0.44471153846153844 0.17788461538461545 0.4110576923076923 0.17788461538461545 0.4110576923076923 0.22596153846153852 0.44471153846153844 0.22596153846153852
0 0.6322115384615384 0.22115384615384623 0.59375 0.22115384615384623 0.59375 0.2740384615384616 0.6322115384615384 0.2740384615384616
0 0.6730769230769231 0.24038461538461545 0.6394230769230769 0.24038461538461545 0.6394230769230769 0.2860576923076924 0.6730769230769231 0.2860576923076924
0 0.5144230769230769 0.21153846153846162 0.4735576923076923 0.21153846153846162 0.4735576923076923 0.2692307692307693 0.5144230769230769 0.2692307692307693
0 0.6057692307692307 0.264423076923077 0.5769230769230769 0.264423076923077 0.5769230769230769 0.3028846153846155 0.6057692307692307 0.3028846153846155
0 0.5865384615384616 0.2740384615384616 0.5528846153846154 0.2740384615384616 0.5528846153846154 0.3173076923076924 0.5865384615384616 0.31730769230769246
0 0.6274038461538461 0.2860576923076924 0.5961538461538461 0.2860576923076924 0.5961538461538461 0.3245192307692309 0.6274038461538461 0.3245192307692309
0 0.4110576923076923 0.2475961538461539 0.36778846153846156 0.2475961538461539 0.36778846153846156 0.31009615384615385 0.4110576923076923 0.31009615384615385
0 0.7307692307692307 0.3149038461538463 0.6971153846153846 0.3149038461538463 0.6971153846153846 0.35817307692307704 0.7307692307692307 0.35817307692307704
0 0.6418269230769231 0.3028846153846155 0.6105769230769231 0.3028846153846155 0.6105769230769231 0.34134615384615397 0.6418269230769231 0.34134615384615397
0 0.46153846153846156 0.26682692307692313 0.4230769230769231 0.26682692307692313 0.4230769230769231 0.31490384615384615 0.46153846153846156 0.31490384615384615
0 0.7019230769230769 0.3245192307692309 0.6682692307692307 0.3245192307692309 0.6682692307692307 0.3677884615384617 0.7019230769230769 0.3677884615384617
0 0.5889423076923077 0.3221153846153847 0.5552884615384616 0.32211538461538464 0.5552884615384616 0.3629807692307693 0.5889423076923077 0.3629807692307694
0 0.6634615384615384 0.3317307692307694 0.6225961538461539 0.3317307692307694 0.6225961538461539 0.3942307692307694 0.6634615384615384 0.3942307692307694
0 0.35336538461538464 0.29807692307692313 0.3173076923076923 0.29807692307692313 0.3173076923076923 0.3485576923076923 0.35336538461538464 0.3485576923076923
0 0.7019230769230769 0.37980769230769246 0.6682692307692307 0.37980769230769246 0.6682692307692307 0.4399038461538463 0.7019230769230769 0.4399038461538463
0 0.6850961538461539 0.3990384615384617 0.6514423076923077 0.3990384615384617 0.6514423076923077 0.44711538461538475 0.6850961538461539 0.44711538461538475
0 0.6009615384615384 0.3990384615384617 0.5600961538461539 0.3990384615384617 0.5600961538461539 0.45192307692307704 0.6009615384615384 0.45192307692307704
0 0.6923076923076923 0.42788461538461553 0.6538461538461539 0.42788461538461553 0.6538461538461539 0.48557692307692324 0.6923076923076923 0.48557692307692324
0 0.6322115384615384 0.4447115384615386 0.5913461538461539 0.4447115384615386 0.5913461538461539 0.5024038461538463 0.6322115384615384 0.5024038461538463
0 0.5985576923076923 0.4759615384615386 0.5600961538461539 0.4759615384615386 0.5600961538461539 0.5216346153846155 0.5985576923076923 0.5216346153846155
0 0.4014423076923077 0.4375 0.3557692307692308 0.4375 0.3557692307692308 0.49278846153846156 0.4014423076923077 0.49278846153846156
0 0.7067307692307693 0.5048076923076924 0.6610576923076923 0.5048076923076924 0.6610576923076923 0.5721153846153848 0.7067307692307693 0.5721153846153848
0 0.46875 0.46634615384615385 0.43028846153846156 0.46634615384615385 0.43028846153846156 0.5288461538461539 0.46875 0.5288461538461539
0 0.5216346153846154 0.47836538461538464 0.47836538461538464 0.47836538461538464 0.47836538461538464 0.5408653846153846 0.5216346153846154 0.5408653846153846
0 0.6346153846153846 0.5168269230769232 0.6057692307692307 0.5168269230769232 0.6057692307692307 0.5552884615384617 0.6346153846153846 0.5552884615384617
0 0.6274038461538461 0.543269230769231 0.5913461538461539 0.543269230769231 0.591346153846154 0.591346153846154 0.6274038461538461 0.591346153846154
0 0.65625 0.5480769230769232 0.6177884615384616 0.5480769230769232 0.6177884615384616 0.5985576923076924 0.65625 0.5985576923076924
0 0.4927884615384616 0.53125 0.4567307692307692 0.53125 0.4567307692307693 0.5745192307692307 0.4927884615384617 0.5745192307692307
0 0.44471153846153855 0.5360576923076923 0.40384615384615385 0.5360576923076923 0.4038461538461539 0.5889423076923077 0.4447115384615386 0.5889423076923077
0 0.6778846153846154 0.6105769230769232 0.6466346153846154 0.6105769230769232 0.6466346153846154 0.6538461538461539 0.6778846153846154 0.6538461538461539
0 0.5961538461538463 0.6201923076923077 0.5552884615384617 0.6201923076923077 0.5552884615384617 0.6778846153846154 0.5961538461538463 0.6778846153846154
0 0.5625000000000001 0.6274038461538461 0.5312500000000001 0.6274038461538461 0.5312500000000001 0.6706730769230769 0.5625000000000001 0.6706730769230769
0 0.6081730769230771 0.6466346153846154 0.574519230769231 0.6466346153846154 0.574519230769231 0.6899038461538461 0.6081730769230771 0.6899038461538461
0 0.48557692307692324 0.7331730769230769 0.45432692307692324 0.7331730769230769 0.45432692307692324 0.7716346153846154 0.48557692307692324 0.7716346153846154
0 0.4567307692307694 0.7548076923076923 0.4254807692307694 0.7548076923076923 0.4254807692307694 0.8004807692307693 0.4567307692307694 0.8004807692307693
0 0.6105769230769232 0.8293269230769231 0.5841346153846155 0.8293269230769231 0.5841346153846155 0.8677884615384616 0.6105769230769232 0.8677884615384616