0 0.6778846153846154 0.060096153846153924 0.6129807692307693 0.06009615384615392 0.6129807692307693 0.10576923076923084 0.6778846153846154 0.10576923076923084
0 0.8701923076923077 0.7764423076923077 0.8245192307692307 0.7764423076923077 0.8245192307692307 0.8076923076923077 0.8701923076923077 0.8076923076923077
0 0.7379807692307693 0.6802884615384616 0.6947115384615384 0.6802884615384616 0.6947115384615384 0.7139423076923077 0.7379807692307693 0.7139423076923077
0 0.6778846153846154 0.6610576923076923 0.6274038461538461 0.6610576923076923 0.6274038461538461 0.6995192307692307 0.6778846153846154 0.6995192307692307
0 0.7163461538461539 0.8221153846153846 0.6658653846153846 0.8221153846153846 0.6658653846153846 0.8533653846153846 0.7163461538461539 0.8533653846153846
0 0.6947115384615384 0.8149038461538461 0.6442307692307693 0.8149038461538461 0.6442307692307693 0.8485576923076923 0.6947115384615384 0.8485576923076923
0 0.5961538461538463 0.9567307692307693 0.5552884615384617 0.9567307692307693 0.5552884615384617 0.9855769230769231 0.5961538461538463 0.9855769230769231
0 0.3990384615384617 0.8509615384615384 0.35336538461538475 0.8509615384615384 0.35336538461538475 0.8798076923076923 0.3990384615384617 0.8798076923076923
0 0.49759615384615397 0.8653846153846154 0.45913461538461553 0.8653846153846154 0.45913461538461553 0.8918269230769231 0.49759615384615397 0.8918269230769231
0 0.5576923076923078 0.8293269230769231 0.5168269230769232 0.8293269230769231 0.5168269230769232 0.8557692307692307 0.5576923076923078 0.8557692307692307
0 0.5673076923076924 0.7788461538461539 0.5216346153846155 0.7788461538461539 0.5216346153846155 0.8100961538461539 0.5673076923076924 0.8100961538461539
0 0.591346153846154 0.7451923076923077 0.5504807692307694 0.7451923076923077 0.5504807692307694 0.78125 0.591346153846154 0.78125
0 0.5625000000000001 0.7403846153846154 0.5216346153846155 0.7403846153846154 0.5216346153846155 0.7692307692307693 0.5625000000000001 0.7692307692307693
0 0.4687500000000001 0.6538461538461539 0.4302884615384617 0.6538461538461539 0.4302884615384617 0.6875 0.4687500000000001 0.6875
0 0.4759615384615386 0.6802884615384616 0.42788461538461553 0.6802884615384616 0.42788461538461553 0.7139423076923077 0.4759615384615386 0.7139423076923077
0 0.4495192307692309 0.7139423076923077 0.4086538461538463 0.7139423076923077 0.4086538461538463 0.7475961538461539 0.4495192307692309 0.7475961538461539
0 0.4639423076923078 0.5865384615384616 0.4182692307692309 0.5865384615384616 0.4182692307692309 0.6177884615384616 0.4639423076923078 0.6177884615384616
0 0.3076923076923078 0.5769230769230769 0.26201923076923084 0.5769230769230769 0.26201923076923084 0.6009615384615384 0.3076923076923078 0.6009615384615384
0 0.26201923076923084 0.6225961538461539 0.2163461538461539 0.6225961538461539 0.2163461538461539 0.65625 0.26201923076923084 0.65625
0 0.1971153846153847 0.6490384615384616 0.15144230769230776 0.6490384615384616 0.15144230769230776 0.6778846153846154 0.1971153846153847 0.6778846153846154
0 0.23317307692307698 0.6875 0.20192307692307698 0.6875 0.20192307692307698 0.7139423076923077 0.23317307692307698 0.7139423076923077
0 0.3774038461538463 0.6514423076923077 0.3389423076923078 0.6514423076923077 0.3389423076923078 0.6778846153846154 0.3774038461538463 0.6778846153846154
0 0.3870192307692309 0.6802884615384616 0.35336538461538475 0.6802884615384616 0.35336538461538475 0.7067307692307693 0.3870192307692309 0.7067307692307693
0 0.4807692307692309 0.7740384615384616 0.4447115384615386 0.7740384615384616 0.4447115384615386 0.8028846153846154 0.4807692307692309 0.8028846153846154
0 0.4687500000000001 0.7764423076923077 0.42788461538461553 0.7764423076923077 0.42788461538461553 0.8052884615384616 0.4687500000000001 0.8052884615384616
0 0.45192307692307704 0.8100961538461539 0.41586538461538475 0.8100961538461539 0.41586538461538475 0.8389423076923077 0.45192307692307704 0.8389423076923077
0 0.3557692307692309 0.7956730769230769 0.2836538461538462 0.7956730769230769 0.28365384615384626 0.8389423076923077 0.3557692307692309 0.8389423076923077
0 0.39663461538461553 0.7692307692307693 0.36538461538461553 0.7692307692307693 0.36538461538461553 0.7980769230769231 0.39663461538461553 0.7980769230769231
0 0.32932692307692324 0.6826923076923077 0.2860576923076924 0.6826923076923077 0.2860576923076924 0.7139423076923077 0.32932692307692324 0.7139423076923077
0 0.3365384615384617 0.6490384615384616 0.3052884615384616 0.6490384615384616 0.3052884615384616 0.6778846153846154 0.3365384615384617 0.6778846153846154
0 0.2836538461538462 0.6730769230769231 0.24519230769230776 0.6730769230769231 0.24519230769230776 0.7019230769230769 0.2836538461538462 0.7019230769230769
0 0.3701923076923078 0.7475961538461539 0.3245192307692309 0.7475961538461539 0.3245192307692309 0.78125 0.3701923076923078 0.78125
0 0.38461538461538475 0.7764423076923077 0.33413461538461553 0.7764423076923077 0.33413461538461553 0.8052884615384616 0.38461538461538475 0.8052884615384616
0 0.3870192307692309 0.7908653846153846 0.3461538461538463 0.7908653846153846 0.3461538461538463 0.8197115384615384 0.3870192307692309 0.8197115384615384
0 0.33413461538461553 0.7475961538461539 0.2908653846153847 0.7475961538461539 0.2908653846153847 0.7740384615384616 0.33413461538461553 0.7740384615384616
0 0.32211538461538475 0.6538461538461539 0.27644230769230776 0.6538461538461539 0.27644230769230776 0.6826923076923077 0.32211538461538475 0.6826923076923077
0 0.2860576923076924 0.7211538461538461 0.23557692307692316 0.7211538461538461 0.23557692307692316 0.7572115384615384 0.2860576923076924 0.7572115384615384
0 0.32211538461538475 0.7596153846153846 0.28125000000000006 0.7596153846153846 0.28125000000000006 0.7884615384615384 0.32211538461538475 0.7884615384615384
0 0.3028846153846155 0.7475961538461539 0.2692307692307693 0.7475961538461539 0.2692307692307693 0.7692307692307693 0.3028846153846155 0.7692307692307693