0 0.41586538461538475 0.9086538461538461 0.35336538461538475 0.9086538461538461 0.35336538461538475 0.9447115384615384 0.41586538461538475 0.9447115384615384
0 0.15625 0.22115384615384615 0.11298076923076926 0.22115384615384615 0.11298076923076926 0.24759615384615385 0.15625 0.24759615384615385
0 0.29326923076923084 0.3028846153846154 0.2475961538461539 0.30288461538461536 0.2475961538461539 0.33413461538461536 0.29326923076923084 0.33413461538461536
0 0.3581730769230769 0.3173076923076923 0.3125 0.3173076923076923 0.3125 0.35096153846153844 0.3581730769230769 0.35096153846153844
0 0.31009615384615385 0.1634615384615385 0.2644230769230769 0.16346153846153846 0.2644230769230769 0.1899038461538462 0.31009615384615385 0.18990384615384623
0 0.33413461538461536 0.1658653846153847 0.28365384615384615 0.1658653846153847 0.28365384615384615 0.19471153846153852 0.33413461538461536 0.19471153846153852
0 0.41346153846153844 0.024038461538461585 0.37259615384615385 0.02403846153846158 0.37259615384615385 0.05048076923076928 0.41346153846153844 0.05048076923076928
0 0.6201923076923077 0.11538461538461545 0.5769230769230769 0.11538461538461545 0.5769230769230769 0.14182692307692316 0.6201923076923077 0.14182692307692316
0 0.5144230769230769 0.108173076923077 0.47596153846153844 0.108173076923077 0.47596153846153844 0.1346153846153847 0.5144230769230769 0.1346153846153847
0 0.46153846153846156 0.14903846153846162 0.4230769230769231 0.14903846153846162 0.4230769230769231 0.17307692307692316 0.46153846153846156 0.17307692307692316
0 0.46153846153846156 0.19471153846153852 0.41586538461538464 0.19471153846153852 0.41586538461538464 0.22596153846153852 0.46153846153846156 0.22596153846153852
0 0.4326923076923077 0.2283653846153847 0.3918269230769231 0.2283653846153847 0.3918269230769231 0.26201923076923084 0.4326923076923077 0.26201923076923084
0 0.46153846153846156 0.2379807692307693 0.4230769230769231 0.2379807692307693 0.4230769230769231 0.26201923076923084 0.46153846153846156 0.26201923076923084
0 0.5600961538461539 0.3149038461538462 0.5240384615384616 0.31490384615384615 0.5240384615384616 0.34375000000000006 0.5600961538461539 0.3437500000000001
0 0.5600961538461539 0.2836538461538462 0.5120192307692307 0.2836538461538462 0.5120192307692307 0.3149038461538462 0.5600961538461539 0.3149038461538463
0 0.5769230769230769 0.2524038461538462 0.5360576923076923 0.2524038461538462 0.5360576923076923 0.2788461538461539 0.5769230769230769 0.2788461538461539
0 0.5769230769230769 0.3798076923076924 0.53125 0.3798076923076923 0.53125 0.4086538461538462 0.5769230769230769 0.4086538461538463
0 0.7331730769230769 0.38461538461538475 0.6899038461538461 0.38461538461538475 0.6899038461538461 0.4086538461538463 0.7331730769230769 0.4086538461538463
0 0.7740384615384616 0.32932692307692324 0.7307692307692307 0.32932692307692324 0.7307692307692307 0.3557692307692309 0.7740384615384616 0.3557692307692309
0 0.8341346153846154 0.3028846153846155 0.7908653846153846 0.3028846153846155 0.7908653846153846 0.3245192307692309 0.8341346153846154 0.3245192307692309
0 0.7860576923076923 0.26682692307692313 0.7524038461538461 0.26682692307692313 0.7524038461538461 0.29326923076923084 0.7860576923076923 0.29326923076923084
0 0.6514423076923077 0.3125000000000001 0.6105769230769231 0.3125000000000001 0.6105769230769231 0.3389423076923078 0.6514423076923077 0.3389423076923078
0 0.6346153846153846 0.2860576923076924 0.6009615384615384 0.2860576923076924 0.6009615384615384 0.3125000000000001 0.6346153846153846 0.3125000000000001
0 0.5384615384615384 0.1971153846153847 0.5 0.1971153846153847 0.5 0.22355769230769237 0.5384615384615384 0.22355769230769237
0 0.5528846153846154 0.19230769230769237 0.5120192307692307 0.19230769230769237 0.5120192307692307 0.22355769230769237 0.5528846153846154 0.22355769230769237
0 0.5625 0.16105769230769237 0.5264423076923077 0.16105769230769237 0.5264423076923077 0.18750000000000006 0.5625 0.18750000000000006
0 0.6923076923076923 0.1538461538461539 0.6225961538461539 0.1538461538461539 0.6225961538461539 0.18990384615384623 0.6923076923076923 0.18990384615384623
0 0.6153846153846154 0.1971153846153847 0.5865384615384616 0.1971153846153847 0.5865384615384616 0.22355769230769237 0.6153846153846154 0.22355769230769237
0 0.6995192307692307 0.27644230769230776 0.65625 0.27644230769230776 0.65625 0.3052884615384616 0.6995192307692307 0.3052884615384616
0 0.6826923076923077 0.3125000000000001 0.6514423076923077 0.3125000000000001 0.6514423076923077 0.3389423076923078 0.6826923076923077 0.3389423076923078
0 0.7427884615384616 0.28125000000000006 0.7019230769230769 0.28125000000000006 0.7019230769230769 0.31009615384615397 0.7427884615384616 0.31009615384615397
0 0.6586538461538461 0.21153846153846162 0.6129807692307693 0.21153846153846162 0.6129807692307693 0.24278846153846162 0.6586538461538461 0.24278846153846162
0 0.6466346153846154 0.18990384615384623 0.5985576923076923 0.18990384615384623 0.5985576923076923 0.21153846153846162 0.6466346153846154 0.21153846153846162
0 0.6346153846153846 0.1754807692307693 0.59375 0.1754807692307693 0.59375 0.20192307692307698 0.6346153846153846 0.20192307692307698
0 0.6899038461538461 0.2163461538461539 0.6490384615384616 0.2163461538461539 0.6490384615384616 0.24038461538461545 0.6899038461538461 0.24038461538461545
0 0.7091346153846154 0.3076923076923078 0.6682692307692307 0.3076923076923078 0.6682692307692307 0.3317307692307694 0.7091346153846154 0.3317307692307694
0 0.7475961538461539 0.23076923076923084 0.6971153846153846 0.23076923076923084 0.6971153846153846 0.26201923076923084 0.7475961538461539 0.26201923076923084
0 0.6995192307692307 0.20192307692307698 0.6610576923076923 0.20192307692307698 0.6610576923076923 0.22596153846153852 0.6995192307692307 0.22596153846153852
0 0.7115384615384616 0.21875000000000006 0.6802884615384616 0.21875000000000006 0.6802884615384616 0.2379807692307693 0.7115384615384616 0.2379807692307693