0 0.5384615384615384 0.12019230769230776 0.5048076923076923 0.12019230769230776 0.5048076923076923 0.1850961538461539 0.5384615384615384 0.1850961538461539
0 0.5841346153846154 0.19230769230769237 0.5552884615384616 0.19230769230769237 0.5552884615384616 0.23076923076923084 0.5841346153846154 0.23076923076923084
0 0.4639423076923077 0.1754807692307693 0.43509615384615385 0.1754807692307693 0.43509615384615385 0.22115384615384623 0.4639423076923077 0.22115384615384623
0 0.6466346153846154 0.23076923076923084 0.6153846153846154 0.23076923076923084 0.6153846153846154 0.28125000000000006 0.6466346153846154 0.28125000000000006
0 0.6850961538461539 0.2524038461538462 0.6586538461538461 0.2524038461538462 0.6586538461538461 0.295673076923077 0.6850961538461539 0.295673076923077
0 0.5288461538461539 0.21394230769230776 0.4951923076923077 0.21394230769230776 0.4951923076923077 0.26682692307692313 0.5288461538461539 0.26682692307692313
0 0.6177884615384616 0.2716346153846155 0.59375 0.2716346153846155 0.59375 0.31009615384615397 0.6177884615384616 0.31009615384615397
0 0.5985576923076923 0.28125000000000006 0.5697115384615384 0.28125000000000006 0.5697115384615384 0.32211538461538475 0.5985576923076923 0.32211538461538475
0 0.6370192307692307 0.295673076923077 0.6129807692307693 0.295673076923077 0.6129807692307693 0.3317307692307694 0.6370192307692307 0.3317307692307694
0 0.4230769230769231 0.24038461538461545 0.3918269230769231 0.24038461538461545 0.3918269230769231 0.3004807692307693 0.4230769230769231 0.3004807692307693
0 0.7379807692307693 0.32932692307692324 0.7091346153846154 0.32932692307692324 0.7091346153846154 0.37259615384615397 0.7379807692307693 0.37259615384615397
0 0.6490384615384616 0.3125000000000001 0.625 0.3125000000000001 0.625 0.34855769230769246 0.6490384615384616 0.34855769230769246
0 0.47115384615384615 0.264423076923077 0.4423076923076923 0.264423076923077 0.4423076923076923 0.3052884615384616 0.47115384615384615 0.3052884615384616
0 0.7091346153846154 0.3389423076923078 0.6826923076923077 0.3389423076923078 0.6826923076923077 0.37980769230769246 0.7091346153846154 0.37980769230769246
0 0.5961538461538461 0.3317307692307694 0.5697115384615384 0.3317307692307694 0.5697115384615384 0.3677884615384617 0.5961538461538461 0.3677884615384617
0 0.6634615384615384 0.3437500000000001 0.6370192307692307 0.3437500000000001 0.6370192307692307 0.3990384615384617 0.6634615384615384 0.3990384615384617
0 0.3629807692307692 0.28846153846153855 0.3317307692307692 0.28846153846153855 0.3317307692307692 0.33653846153846156 0.3629807692307692 0.33653846153846156
0 0.7019230769230769 0.39663461538461553 0.6754807692307693 0.39663461538461553 0.6754807692307693 0.45432692307692324 0.7019230769230769 0.45432692307692324
0 0.6850961538461539 0.4134615384615386 0.6610576923076923 0.4134615384615386 0.6610576923076923 0.45913461538461553 0.6850961538461539 0.45913461538461553
0 0.6033653846153846 0.4086538461538463 0.5721153846153846 0.4086538461538463 0.5721153846153846 0.45432692307692324 0.6033653846153846 0.45432692307692324
0 0.6923076923076923 0.44230769230769246 0.6610576923076923 0.44230769230769246 0.6610576923076923 0.4951923076923078 0.6923076923076923 0.4951923076923078
0 0.6274038461538461 0.45432692307692324 0.5961538461538461 0.45432692307692324 0.5961538461538461 0.5072115384615385 0.6274038461538461 0.5072115384615385
0 0.5913461538461539 0.48557692307692324 0.5649038461538461 0.48557692307692324 0.5649038461538461 0.5240384615384617 0.5913461538461539 0.5240384615384617
0 0.4014423076923077 0.43028846153846156 0.36538461538461536 0.43028846153846156 0.36538461538461536 0.4831730769230769 0.4014423076923077 0.4831730769230769
0 0.6971153846153846 0.5192307692307694 0.6610576923076923 0.5192307692307694 0.6610576923076923 0.5817307692307694 0.6971153846153846 0.5817307692307694
0 0.46634615384615385 0.46634615384615385 0.43509615384615385 0.46634615384615385 0.43509615384615385 0.5216346153846154 0.46634615384615385 0.5216346153846154
0 0.5168269230769231 0.4807692307692308 0.4807692307692308 0.4807692307692308 0.4807692307692308 0.5384615384615384 0.5168269230769231 0.5384615384615384
0 0.6298076923076923 0.5240384615384617 0.6033653846153846 0.5240384615384617 0.6033653846153847 0.5625000000000001 0.6298076923076923 0.5625000000000001
0 0.6177884615384616 0.5528846153846155 0.5889423076923077 0.5528846153846155 0.5889423076923077 0.5961538461538463 0.6177884615384616 0.5961538461538463
0 0.6466346153846154 0.5576923076923078 0.6153846153846154 0.5576923076923078 0.6153846153846154 0.605769230769231 0.6466346153846154 0.605769230769231
0 0.48557692307692313 0.53125 0.4567307692307692 0.53125 0.4567307692307693 0.5697115384615384 0.48557692307692324 0.5697115384615384
0 0.4350961538461539 0.5288461538461539 0.4014423076923077 0.5288461538461539 0.40144230769230776 0.5817307692307693 0.43509615384615397 0.5817307692307693
0 0.6634615384615384 0.625 0.6394230769230769 0.625 0.6394230769230769 0.6658653846153846 0.6634615384615384 0.6658653846153846
0 0.5817307692307694 0.6274038461538461 0.5504807692307694 0.6274038461538461 0.5504807692307694 0.6778846153846154 0.5817307692307694 0.6778846153846154
0 0.5480769230769232 0.6322115384615384 0.5216346153846155 0.6322115384615384 0.5216346153846155 0.6730769230769231 0.5480769230769232 0.6730769230769231
0 0.591346153846154 0.6538461538461539 0.5649038461538463 0.6538461538461539 0.5649038461538463 0.6947115384615384 0.591346153846154 0.6947115384615384
0 0.46634615384615397 0.7307692307692307 0.4399038461538463 0.7307692307692307 0.4399038461538463 0.7668269230769231 0.46634615384615397 0.7668269230769231
0 0.43509615384615397 0.75 0.4086538461538463 0.75 0.4086538461538463 0.7932692307692307 0.43509615384615397 0.7932692307692307
0 0.5865384615384617 0.8365384615384616 0.5625000000000001 0.8365384615384616 0.5625000000000001 0.8701923076923077 0.5865384615384617 0.8701923076923077