0 0.9663461538461539 0.6634615384615384 0.8389423076923077 0.6634615384615384 0.8389423076923077 0.75 0.9663461538461539 0.75
0 0.35096153846153844 0.08653846153846158 0.1778846153846154 0.08653846153846158 0.1778846153846154 0.1995192307692308 0.35096153846153844 0.19951923076923084
0 0.31971153846153844 0.23798076923076927 0.16346153846153846 0.23798076923076922 0.1634615384615385 0.3317307692307692 0.31971153846153844 0.3317307692307692
0 0.2475961538461539 0.42788461538461536 0.1346153846153847 0.42788461538461536 0.1346153846153847 0.5096153846153846 0.2475961538461539 0.5096153846153846
0 0.3173076923076923 0.295673076923077 0.1538461538461539 0.2956730769230769 0.1538461538461539 0.39903846153846156 0.3173076923076923 0.39903846153846156
0 0.38221153846153844 0.10336538461538465 0.22355769230769232 0.10336538461538465 0.22355769230769232 0.1995192307692308 0.38221153846153844 0.19951923076923084
0 0.03125000000000006 0.47596153846153844 5.82884774594173e-17 0.47596153846153844 6.182111245695774e-17 0.5336538461538461 0.03125000000000007 0.5336538461538461
0 0.42788461538461536 0.22836538461538464 0.2668269230769231 0.2283653846153846 0.26682692307692313 0.3293269230769231 0.42788461538461536 0.3293269230769231
0 0.4423076923076923 0.3028846153846155 0.33413461538461536 0.3028846153846155 0.33413461538461536 0.3870192307692308 0.4423076923076923 0.3870192307692308
0 0.46875 0.4519230769230769 0.36538461538461536 0.4519230769230769 0.36538461538461536 0.5336538461538461 0.46875 0.5336538461538461
0 0.6442307692307693 0.24278846153846162 0.47596153846153844 0.24278846153846162 0.47596153846153844 0.35576923076923084 0.6442307692307693 0.3557692307692309
0 0.6225961538461539 0.3149038461538462 0.5096153846153846 0.31490384615384615 0.5096153846153846 0.3942307692307693 0.6225961538461539 0.3942307692307694
0 0.7596153846153846 0.2860576923076924 0.6538461538461539 0.2860576923076924 0.6538461538461539 0.36538461538461553 0.7596153846153846 0.36538461538461553
0 0.16826923076923084 0.28125 0.06730769230769235 0.28125 0.06730769230769235 0.3629807692307692 0.16826923076923084 0.3629807692307692
0 0.13221153846153852 0.47596153846153844 0.021634615384615443 0.47596153846153844 0.02163461538461545 0.5576923076923077 0.13221153846153852 0.5576923076923077
0 0.9519230769230769 0.6105769230769232 0.8413461538461539 0.6105769230769232 0.8413461538461539 0.6875 0.9519230769230769 0.6875
0 0.7548076923076923 0.2692307692307693 0.5889423076923077 0.2692307692307693 0.5889423076923077 0.37980769230769246 0.7548076923076923 0.37980769230769246