0 1 0.75 0.9543269230769231 0.75 0.9543269230769231 0.8341346153846154 1 0.8341346153846154
0 0.40625 0.1947115384615385 0.2620192307692308 0.19471153846153846 0.2620192307692308 0.3870192307692308 0.40625 0.3870192307692308
0 0.7764423076923077 0.038461538461538554 0.6682692307692307 0.03846153846153855 0.6682692307692307 0.18750000000000006 0.7764423076923077 0.18750000000000006
0 0.7235576923076923 0.09855769230769239 0.6009615384615384 0.09855769230769237 0.6009615384615384 0.2716346153846155 0.7235576923076923 0.2716346153846155
0 0.45913461538461536 0.2716346153846155 0.35336538461538464 0.2716346153846155 0.35336538461538464 0.4110576923076923 0.45913461538461536 0.4110576923076923
0 0.8052884615384616 0.10576923076923085 0.6514423076923077 0.10576923076923084 0.6514423076923077 0.3389423076923078 0.8052884615384616 0.3389423076923078
0 0.6105769230769231 0.2596153846153847 0.47836538461538464 0.2596153846153847 0.47836538461538464 0.4567307692307693 0.6105769230769231 0.4567307692307694
0 0.5576923076923077 0.3918269230769231 0.44471153846153844 0.3918269230769231 0.44471153846153844 0.5408653846153846 0.5576923076923077 0.5408653846153846
0 0.3774038461538462 0.47596153846153844 0.2596153846153847 0.47596153846153844 0.2596153846153847 0.6274038461538461 0.3774038461538463 0.6274038461538461
0 0.32692307692307704 0.6899038461538461 0.19471153846153852 0.6899038461538461 0.19471153846153857 0.8798076923076923 0.32692307692307704 0.8798076923076923
0 1 0.4326923076923078 0.9639423076923077 0.4326923076923078 0.9639423076923077 0.543269230769231 1 0.543269230769231
0 0.18509615384615388 0.11778846153846155 0.048076923076923093 0.11778846153846154 0.0480769230769231 0.30288461538461536 0.1850961538461539 0.30288461538461536
0 0.4735576923076923 0.0024038461538462034 0.3389423076923077 0.0024038461538461956 0.3389423076923077 0.17307692307692316 0.4735576923076923 0.17307692307692316