0 0.8317307692307693 0.9134615384615384 0.7908653846153846 0.9134615384615384 0.7908653846153846 0.9951923076923077 0.8317307692307693 0.9951923076923077
0 0.7067307692307693 0.9350961538461539 0.6514423076923077 0.9350961538461539 0.6514423076923077 1 0.7067307692307693 1
0 0.25961538461538475 0.9182692307692307 0.2043269230769232 0.9182692307692307 0.2043269230769232 0.9903846153846154 0.25961538461538475 0.9903846153846154
0 0.9543269230769231 0.06250000000000011 0.90625 0.0625000000000001 0.90625 0.1995192307692309 0.9543269230769231 0.1995192307692309
0 0.5889423076923077 0.13942307692307698 0.5408653846153846 0.13942307692307698 0.5408653846153846 0.2596153846153847 0.5889423076923077 0.2596153846153847
0 0.6947115384615384 0.28125000000000006 0.6514423076923077 0.28125000000000006 0.6514423076923077 0.41586538461538475 0.6947115384615384 0.41586538461538475
0 0.6322115384615384 0.32211538461538475 0.5865384615384616 0.32211538461538475 0.5865384615384616 0.45913461538461553 0.6322115384615384 0.45913461538461553
0 0.1971153846153847 0.36778846153846156 0.15865384615384623 0.36778846153846156 0.15865384615384623 0.4639423076923077 0.1971153846153847 0.4639423076923077
0 0.4110576923076923 0.42788461538461536 0.36778846153846156 0.42788461538461536 0.36778846153846156 0.4951923076923077 0.4110576923076923 0.4951923076923077
0 0.5793269230769231 0.44951923076923084 0.53125 0.4495192307692308 0.53125 0.5360576923076924 0.5793269230769231 0.5360576923076924
0 0.8798076923076923 0.4182692307692309 0.8293269230769231 0.4182692307692309 0.8293269230769231 0.5793269230769232 0.8798076923076923 0.5793269230769232
0 0.3942307692307692 0.44711538461538464 0.35336538461538464 0.44711538461538464 0.35336538461538464 0.53125 0.3942307692307692 0.53125
0 0.3581730769230769 4.0919688721510124e-17 0.31009615384615385 3.797582622355975e-17 0.31009615384615385 0.08653846153846158 0.3581730769230769 0.08653846153846158
0 0.6730769230769231 0.4639423076923078 0.6225961538461539 0.4639423076923078 0.6225961538461539 0.6129807692307694 0.6730769230769231 0.6129807692307694
0 0.9134615384615384 0.5000000000000001 0.8677884615384616 0.5000000000000001 0.8677884615384616 0.6105769230769232 0.9134615384615384 0.6105769230769232
0 0.5576923076923077 0.4951923076923077 0.5072115384615384 0.4951923076923077 0.5072115384615385 0.6346153846153846 0.5576923076923078 0.6346153846153846
0 0.4591346153846155 0.5504807692307693 0.41586538461538464 0.5504807692307693 0.4158653846153847 0.6442307692307693 0.45913461538461553 0.6442307692307693
0 0.5456730769230769 6.3881816205523e-17 0.49759615384615385 6.093795370757262e-17 0.49759615384615385 0.10336538461538468 0.5456730769230769 0.10336538461538468
0 0.4711538461538463 0.6394230769230769 0.42067307692307704 0.6394230769230769 0.42067307692307704 0.7283653846153846 0.4711538461538463 0.7283653846153846
0 0.7548076923076923 0.028846153846153934 0.7043269230769231 0.02884615384615393 0.7043269230769231 0.14423076923076933 0.7548076923076923 0.14423076923076933
0 0.22115384615384623 0.6754807692307693 0.17067307692307698 0.6754807692307693 0.17067307692307698 0.8149038461538461 0.22115384615384623 0.8149038461538461
0 1 0.0480769230769232 0.9663461538461539 0.0480769230769232 0.9663461538461539 0.1370192307692309 1 0.1370192307692309
0 0.7403846153846154 0.7740384615384616 0.6923076923076923 0.7740384615384616 0.6923076923076923 0.8725961538461539 0.7403846153846154 0.8725961538461539
0 0.25721153846153855 0.8173076923076923 0.21153846153846162 0.8173076923076923 0.21153846153846165 0.9206730769230769 0.2572115384615386 0.9206730769230769