0 0.43028846153846156 0.3028846153846155 0.41346153846153844 0.3028846153846155 0.41346153846153844 0.33413461538461536 0.43028846153846156 0.33413461538461536
0 0.33653846153846156 0.39903846153846156 0.31971153846153844 0.39903846153846156 0.31971153846153844 0.43028846153846156 0.33653846153846156 0.43028846153846156
0 0.5192307692307693 0.3942307692307692 0.5048076923076923 0.3942307692307692 0.5048076923076923 0.43990384615384615 0.5192307692307693 0.43990384615384615
0 0.43990384615384615 0.4230769230769231 0.4254807692307692 0.4230769230769231 0.4254807692307692 0.45913461538461536 0.43990384615384615 0.45913461538461536
0 0.38221153846153844 0.4375 0.3701923076923077 0.4375 0.3701923076923077 0.4639423076923077 0.38221153846153844 0.4639423076923077
0 0.41346153846153844 0.44471153846153844 0.3918269230769231 0.44471153846153844 0.3918269230769231 0.47596153846153844 0.41346153846153844 0.47596153846153844
0 0.35096153846153844 0.4639423076923077 0.3293269230769231 0.4639423076923077 0.3293269230769231 0.5024038461538461 0.35096153846153844 0.5024038461538461
0 0.32211538461538464 0.5096153846153846 0.295673076923077 0.5096153846153846 0.295673076923077 0.5456730769230769 0.32211538461538464 0.5456730769230769
0 0.4495192307692308 0.5024038461538461 0.43509615384615385 0.5024038461538461 0.43509615384615385 0.5336538461538461 0.4495192307692308 0.5336538461538461
0 0.4975961538461539 0.5216346153846154 0.47836538461538464 0.5216346153846154 0.4783653846153847 0.5625 0.49759615384615397 0.5625
0 0.358173076923077 0.5432692307692307 0.3389423076923077 0.5432692307692307 0.33894230769230776 0.5745192307692307 0.35817307692307704 0.5745192307692307
0 0.5384615384615385 0.5240384615384616 0.5216346153846154 0.5240384615384616 0.5216346153846154 0.5625 0.5384615384615385 0.5625
0 0.5072115384615385 0.5360576923076923 0.49278846153846156 0.5360576923076923 0.4927884615384616 0.5649038461538461 0.5072115384615385 0.5649038461538461
0 0.389423076923077 0.5576923076923077 0.3701923076923077 0.5576923076923077 0.37019230769230776 0.5961538461538461 0.38942307692307704 0.5961538461538461
0 0.39663461538461553 0.5625 0.3822115384615386 0.5625 0.3822115384615386 0.6009615384615384 0.39663461538461553 0.6009615384615384
0 0.3125000000000001 0.5793269230769231 0.29326923076923084 0.5793269230769231 0.29326923076923084 0.6153846153846154 0.3125000000000001 0.6153846153846154
0 0.5264423076923078 0.5721153846153846 0.5048076923076924 0.5721153846153846 0.5048076923076924 0.6105769230769231 0.5264423076923078 0.6105769230769231
0 0.5024038461538463 0.5769230769230769 0.49038461538461553 0.5769230769230769 0.49038461538461553 0.6081730769230769 0.5024038461538463 0.6081730769230769
0 0.4615384615384617 0.5817307692307693 0.44711538461538475 0.5817307692307693 0.44711538461538475 0.6129807692307693 0.4615384615384617 0.6129807692307693
0 0.5697115384615385 0.5817307692307693 0.5480769230769232 0.5817307692307693 0.5480769230769232 0.6129807692307693 0.5697115384615385 0.6129807692307694
0 0.4326923076923078 0.5961538461538461 0.42067307692307704 0.5961538461538461 0.42067307692307704 0.625 0.4326923076923078 0.625
0 0.4639423076923078 0.6177884615384616 0.4447115384615386 0.6177884615384616 0.4447115384615386 0.6418269230769231 0.4639423076923078 0.6418269230769231
0 0.5144230769230771 0.6105769230769231 0.4879807692307694 0.6105769230769231 0.4879807692307694 0.65625 0.5144230769230771 0.65625
0 0.34134615384615397 0.6322115384615384 0.3245192307692309 0.6322115384615384 0.3245192307692309 0.6634615384615384 0.34134615384615397 0.6634615384615384
0 0.4182692307692309 0.6490384615384616 0.40384615384615397 0.6490384615384616 0.40384615384615397 0.6778846153846154 0.4182692307692309 0.6778846153846154
0 0.46634615384615397 0.6418269230769231 0.45192307692307704 0.6418269230769231 0.45192307692307704 0.6754807692307693 0.46634615384615397 0.6754807692307693
0 0.35336538461538475 0.6586538461538461 0.3389423076923078 0.6586538461538461 0.3389423076923078 0.6899038461538461 0.35336538461538475 0.6899038461538461
0 0.5048076923076924 0.65625 0.48557692307692324 0.65625 0.48557692307692324 0.6875 0.5048076923076924 0.6875
0 0.37259615384615397 0.6730769230769231 0.36057692307692324 0.6730769230769231 0.36057692307692324 0.6971153846153846 0.37259615384615397 0.6971153846153846
0 0.5192307692307694 0.6610576923076923 0.5024038461538463 0.6610576923076923 0.5024038461538463 0.6875 0.5192307692307694 0.6875
0 0.48557692307692324 0.6586538461538461 0.46634615384615397 0.6586538461538461 0.46634615384615397 0.7019230769230769 0.48557692307692324 0.7019230769230769
0 0.39663461538461553 0.6971153846153846 0.38461538461538475 0.6971153846153846 0.38461538461538475 0.7283653846153846 0.39663461538461553 0.7283653846153846
0 0.44711538461538475 0.6923076923076923 0.4302884615384617 0.6923076923076923 0.4302884615384617 0.7307692307692307 0.44711538461538475 0.7307692307692307
0 0.43509615384615397 0.6947115384615384 0.42307692307692324 0.6947115384615384 0.42307692307692324 0.7307692307692307 0.43509615384615397 0.7307692307692307
0 0.42067307692307704 0.7019230769230769 0.40384615384615397 0.7019230769230769 0.40384615384615397 0.7475961538461539 0.42067307692307704 0.7475961538461539
0 0.47355769230769246 0.7043269230769231 0.4567307692307694 0.7043269230769231 0.4567307692307694 0.7403846153846154 0.47355769230769246 0.7403846153846154
0 0.5168269230769232 0.7139423076923077 0.5000000000000001 0.7139423076923077 0.5000000000000001 0.75 0.5168269230769232 0.75
0 0.42788461538461553 0.7331730769230769 0.41586538461538475 0.7331730769230769 0.41586538461538475 0.7548076923076923 0.42788461538461553 0.7548076923076923
0 0.9567307692307693 0.3701923076923078 0.9206730769230769 0.3701923076923078 0.9206730769230769 0.43509615384615397 0.9567307692307693 0.43509615384615397