0 0.8389423076923077 0.5480769230769232 0.7956730769230769 0.5480769230769232 0.7956730769230769 0.5817307692307694 0.8389423076923077 0.5817307692307694
0 0.78125 0.5721153846153848 0.7379807692307693 0.5721153846153848 0.7379807692307693 0.605769230769231 0.78125 0.605769230769231
0 0.7620192307692307 0.5144230769230771 0.7211538461538461 0.5144230769230771 0.7211538461538461 0.543269230769231 0.7620192307692307 0.543269230769231
0 0.7860576923076923 0.7163461538461539 0.7403846153846154 0.7163461538461539 0.7403846153846154 0.75 0.7860576923076923 0.75
0 0.7067307692307693 0.5048076923076924 0.6610576923076923 0.5048076923076924 0.6610576923076923 0.5312500000000001 0.7067307692307693 0.5312500000000001
0 0.7307692307692307 0.6081730769230771 0.6826923076923077 0.6081730769230771 0.6826923076923077 0.6490384615384616 0.7307692307692307 0.6490384615384616
0 0.6586538461538461 0.4951923076923078 0.6105769230769231 0.4951923076923078 0.6105769230769231 0.5336538461538463 0.6586538461538461 0.5336538461538463
0 0.6225961538461539 0.39663461538461553 0.5745192307692307 0.39663461538461553 0.5745192307692307 0.4326923076923078 0.6225961538461539 0.4326923076923078
0 0.6201923076923077 0.5552884615384617 0.5793269230769231 0.5552884615384617 0.5793269230769231 0.5817307692307694 0.6201923076923077 0.5817307692307694
0 0.6105769230769231 0.5408653846153848 0.5745192307692307 0.5408653846153848 0.5745192307692308 0.5697115384615385 0.6105769230769232 0.5697115384615385
0 0.5913461538461539 0.44471153846153855 0.5384615384615384 0.44471153846153844 0.5384615384615384 0.483173076923077 0.5913461538461539 0.48317307692307704
0 0.6153846153846154 0.6802884615384616 0.5793269230769232 0.6802884615384616 0.5793269230769232 0.7139423076923077 0.6153846153846154 0.7139423076923077
0 0.53125 0.3942307692307692 0.4879807692307692 0.3942307692307692 0.4879807692307692 0.4326923076923077 0.53125 0.4326923076923077
0 0.5 0.35096153846153844 0.4543269230769231 0.35096153846153844 0.4543269230769231 0.38221153846153844 0.5 0.38221153846153844
0 0.5264423076923077 0.4495192307692308 0.47115384615384615 0.4495192307692308 0.47115384615384615 0.4855769230769231 0.5264423076923077 0.4855769230769231
0 0.5192307692307693 0.46875 0.4855769230769231 0.46875 0.4855769230769231 0.49278846153846156 0.5192307692307693 0.49278846153846156
0 0.47596153846153844 0.38221153846153844 0.43509615384615385 0.38221153846153844 0.43509615384615385 0.4110576923076923 0.47596153846153844 0.4110576923076923
0 0.4423076923076923 0.3701923076923077 0.4014423076923077 0.3701923076923077 0.4014423076923077 0.4014423076923077 0.4423076923076923 0.4014423076923077
0 0.49759615384615397 0.6225961538461539 0.45432692307692324 0.6225961538461539 0.45432692307692324 0.65625 0.49759615384615397 0.65625
0 0.44471153846153844 0.44711538461538464 0.39663461538461536 0.44711538461538464 0.39663461538461536 0.4831730769230769 0.44471153846153844 0.4831730769230769
0 0.49759615384615397 0.6586538461538461 0.4399038461538463 0.6586538461538461 0.4399038461538463 0.6971153846153846 0.49759615384615397 0.6971153846153846
0 0.39663461538461536 0.40625 0.3701923076923077 0.40625 0.3701923076923077 0.4254807692307692 0.39663461538461536 0.4254807692307692
0 0.4326923076923077 0.5120192307692307 0.3798076923076923 0.5120192307692307 0.3798076923076923 0.5432692307692307 0.4326923076923077 0.5432692307692307
0 0.44230769230769246 0.6490384615384616 0.3942307692307694 0.6490384615384616 0.3942307692307694 0.6875 0.44230769230769246 0.6875
0 0.4062500000000001 0.6322115384615384 0.3701923076923078 0.6322115384615384 0.3701923076923078 0.6610576923076923 0.4062500000000001 0.6610576923076923
0 0.41586538461538475 0.6538461538461539 0.35336538461538475 0.6538461538461539 0.35336538461538475 0.6947115384615384 0.41586538461538475 0.6947115384615384
0 0.3245192307692308 0.42788461538461536 0.28846153846153855 0.42788461538461536 0.28846153846153855 0.45913461538461536 0.3245192307692308 0.45913461538461536
0 0.3076923076923077 0.39663461538461536 0.2716346153846155 0.39663461538461536 0.2716346153846155 0.43028846153846156 0.3076923076923077 0.43028846153846156
0 0.32211538461538464 0.5048076923076923 0.25721153846153855 0.5048076923076923 0.25721153846153855 0.5504807692307693 0.32211538461538464 0.5504807692307693
0 0.3677884615384617 0.8197115384615384 0.33413461538461553 0.8197115384615384 0.33413461538461553 0.8485576923076923 0.3677884615384617 0.8485576923076923
0 0.29326923076923084 0.4326923076923077 0.23557692307692316 0.4326923076923077 0.23557692307692316 0.4735576923076923 0.29326923076923084 0.4735576923076923
0 0.2908653846153847 0.5432692307692307 0.24519230769230776 0.5432692307692307 0.24519230769230776 0.5745192307692307 0.2908653846153847 0.5745192307692307
0 0.29807692307692313 0.5961538461538461 0.2596153846153847 0.5961538461538461 0.2596153846153847 0.625 0.29807692307692313 0.625
0 0.2860576923076924 0.5745192307692307 0.2524038461538462 0.5745192307692307 0.2524038461538462 0.6009615384615384 0.2860576923076924 0.6009615384615384
0 0.22115384615384623 0.4206730769230769 0.17067307692307698 0.4206730769230769 0.17067307692307698 0.4567307692307692 0.22115384615384623 0.4567307692307692
0 0.29567307692307704 0.8413461538461539 0.22836538461538475 0.8413461538461539 0.22836538461538475 0.8942307692307693 0.29567307692307704 0.8942307692307693
0 0.20913461538461545 0.5216346153846154 0.15625000000000006 0.5216346153846154 0.15625000000000006 0.5625 0.20913461538461545 0.5625
0 0.1538461538461539 0.4567307692307692 0.1177884615384616 0.4567307692307692 0.1177884615384616 0.4855769230769231 0.1538461538461539 0.4855769230769231
0 0.14903846153846162 0.5336538461538461 0.10096153846153853 0.5336538461538461 0.10096153846153853 0.5769230769230769 0.14903846153846162 0.5769230769230769
0 0.21153846153846165 0.8341346153846154 0.16105769230769237 0.8341346153846154 0.1610576923076924 0.8774038461538461 0.21153846153846168 0.8774038461538461