0 0.33413461538461536 0.40625 0.3028846153846155 0.40625 0.3028846153846155 0.43028846153846156 0.33413461538461536 0.43028846153846156
0 0.43509615384615385 0.31490384615384615 0.40384615384615385 0.31490384615384615 0.40384615384615385 0.33653846153846156 0.43509615384615385 0.33653846153846156
0 0.4423076923076923 0.5 0.3942307692307692 0.5 0.3942307692307692 0.5216346153846154 0.4423076923076923 0.5216346153846154
0 0.46153846153846156 0.4230769230769231 0.4206730769230769 0.4230769230769231 0.4206730769230769 0.4423076923076923 0.46153846153846156 0.4423076923076923
0 0.46875 0.3701923076923077 0.43990384615384615 0.3701923076923077 0.43990384615384615 0.38461538461538464 0.46875 0.38461538461538464
0 0.4807692307692308 0.3870192307692308 0.44471153846153844 0.3870192307692308 0.44471153846153844 0.41586538461538464 0.4807692307692308 0.41586538461538464
0 0.5072115384615384 0.3269230769230769 0.46634615384615385 0.3269230769230769 0.46634615384615385 0.35096153846153844 0.5072115384615384 0.35096153846153844
0 0.5480769230769231 0.29807692307692313 0.5144230769230769 0.29807692307692313 0.5144230769230769 0.3269230769230769 0.5480769230769231 0.3269230769230769
0 0.5336538461538461 0.4326923076923077 0.5024038461538461 0.4326923076923077 0.5024038461538461 0.4519230769230769 0.5336538461538461 0.4519230769230769
0 0.5625 0.4783653846153847 0.5192307692307693 0.47836538461538464 0.5192307692307693 0.4975961538461539 0.5625 0.49759615384615397
0 0.5817307692307693 0.3365384615384616 0.5456730769230769 0.33653846153846156 0.5456730769230769 0.36057692307692313 0.5817307692307693 0.36057692307692324
0 0.5625 0.5216346153846154 0.5240384615384616 0.5216346153846154 0.5240384615384616 0.5432692307692308 0.5625 0.543269230769231
0 0.5673076923076923 0.4903846153846155 0.5360576923076923 0.49038461538461536 0.5360576923076923 0.5096153846153847 0.5673076923076923 0.5096153846153848
0 0.5985576923076923 0.3701923076923078 0.5600961538461539 0.3701923076923078 0.5600961538461539 0.39182692307692324 0.5985576923076923 0.39182692307692324
0 0.6057692307692307 0.3822115384615386 0.5649038461538461 0.3822115384615386 0.5649038461538461 0.4014423076923078 0.6057692307692307 0.4014423076923078
0 0.6201923076923077 0.29326923076923084 0.5793269230769231 0.29326923076923084 0.5793269230769231 0.3197115384615386 0.6201923076923077 0.3197115384615386
0 0.6105769230769231 0.5048076923076924 0.5697115384615384 0.5048076923076924 0.5697115384615384 0.528846153846154 0.6105769230769231 0.528846153846154
0 0.6081730769230769 0.4927884615384617 0.5793269230769231 0.4927884615384617 0.5793269230769231 0.5072115384615385 0.6081730769230769 0.5072115384615385
0 0.6129807692307693 0.4495192307692309 0.5841346153846154 0.4495192307692309 0.5841346153846154 0.4639423076923078 0.6129807692307693 0.4639423076923078
0 0.6129807692307693 0.5480769230769232 0.5793269230769231 0.5480769230769232 0.5793269230769231 0.574519230769231 0.6129807692307694 0.574519230769231
0 0.625 0.42067307692307704 0.5961538461538461 0.42067307692307704 0.5961538461538461 0.43509615384615397 0.625 0.43509615384615397
0 0.6418269230769231 0.4495192307692309 0.6177884615384616 0.4495192307692309 0.6177884615384616 0.46634615384615397 0.6418269230769231 0.46634615384615397
0 0.6538461538461539 0.48557692307692324 0.6081730769230769 0.48557692307692324 0.6081730769230769 0.5168269230769232 0.6538461538461539 0.5168269230769232
0 0.6658653846153846 0.3245192307692309 0.6346153846153846 0.3245192307692309 0.6346153846153846 0.3461538461538463 0.6658653846153846 0.3461538461538463
0 0.6802884615384616 0.40384615384615397 0.6466346153846154 0.40384615384615397 0.6466346153846154 0.42307692307692324 0.6802884615384616 0.42307692307692324
0 0.6778846153846154 0.45432692307692324 0.6442307692307693 0.45432692307692324 0.6442307692307693 0.47355769230769246 0.6778846153846154 0.47355769230769246
0 0.6899038461538461 0.3389423076923078 0.6610576923076923 0.3389423076923078 0.6610576923076923 0.3557692307692309 0.6899038461538461 0.3557692307692309
0 0.6899038461538461 0.4879807692307694 0.65625 0.4879807692307694 0.65625 0.512019230769231 0.6899038461538461 0.512019230769231
0 0.6995192307692307 0.3629807692307694 0.6730769230769231 0.3629807692307694 0.6730769230769231 0.3774038461538463 0.6995192307692307 0.3774038461538463
0 0.6899038461538461 0.5024038461538463 0.6610576923076923 0.5024038461538463 0.6610576923076923 0.5240384615384617 0.6899038461538461 0.5240384615384617
0 0.7043269230769231 0.4687500000000001 0.6586538461538461 0.4687500000000001 0.6586538461538461 0.49038461538461553 0.7043269230769231 0.49038461538461553
0 0.7331730769230769 0.3870192307692309 0.7019230769230769 0.3870192307692309 0.7019230769230769 0.4062500000000001 0.7331730769230769 0.4062500000000001
0 0.7307692307692307 0.4326923076923078 0.6923076923076923 0.4326923076923078 0.6923076923076923 0.45432692307692324 0.7307692307692307 0.45432692307692324
0 0.7307692307692307 0.42788461538461553 0.6971153846153846 0.42788461538461553 0.6971153846153846 0.44230769230769246 0.7307692307692307 0.44230769230769246
0 0.7524038461538461 0.40384615384615397 0.7043269230769231 0.40384615384615397 0.7043269230769231 0.42788461538461553 0.7524038461538461 0.42788461538461553
0 0.7403846153846154 0.4567307692307694 0.7019230769230769 0.4567307692307694 0.7019230769230769 0.47836538461538475 0.7403846153846154 0.47836538461538475
0 0.75 0.5024038461538463 0.7115384615384616 0.5024038461538463 0.7115384615384616 0.5240384615384617 0.75 0.5240384615384617
0 0.7572115384615384 0.42067307692307704 0.7355769230769231 0.42067307692307704 0.7355769230769231 0.43509615384615397 0.7572115384615384 0.43509615384615397
0 0.4302884615384617 0.9182692307692307 0.3629807692307694 0.9182692307692307 0.3629807692307694 0.9567307692307693 0.4302884615384617 0.9567307692307693