0 0.7331730769230769 0.3990384615384617 0.7067307692307693 0.3990384615384617 0.7067307692307693 0.4254807692307694 0.7331730769230769 0.4254807692307694
0 0.7307692307692307 0.4567307692307694 0.6971153846153846 0.4567307692307694 0.6971153846153846 0.48317307692307704 0.7307692307692307 0.48317307692307704
0 0.6875 0.3125000000000001 0.6586538461538461 0.3125000000000001 0.6586538461538461 0.3317307692307694 0.6875 0.3317307692307694
0 0.6875 0.5072115384615385 0.6610576923076923 0.5072115384615385 0.6610576923076923 0.5312500000000001 0.6875 0.5312500000000001
0 0.6586538461538461 0.3317307692307694 0.625 0.3317307692307694 0.625 0.35817307692307704 0.6586538461538461 0.35817307692307704
0 0.6538461538461539 0.5264423076923078 0.6298076923076923 0.5264423076923078 0.6298076923076923 0.5480769230769232 0.6538461538461539 0.5480769230769232
0 0.6586538461538461 0.5817307692307694 0.6346153846153846 0.5817307692307694 0.6346153846153846 0.605769230769231 0.6586538461538461 0.605769230769231
0 0.6081730769230769 0.3149038461538463 0.5817307692307693 0.3149038461538463 0.5817307692307693 0.3389423076923078 0.6081730769230769 0.3389423076923078
0 0.6274038461538461 0.42788461538461553 0.5985576923076923 0.42788461538461553 0.5985576923076923 0.4495192307692309 0.6274038461538461 0.4495192307692309
0 0.625 0.4807692307692309 0.6009615384615384 0.4807692307692309 0.6009615384615384 0.49759615384615397 0.625 0.49759615384615397
0 0.5961538461538461 0.3317307692307694 0.5721153846153846 0.3317307692307694 0.5721153846153846 0.35336538461538475 0.5961538461538461 0.35336538461538475
0 0.5913461538461539 0.3750000000000001 0.5625 0.3750000000000001 0.5625 0.3942307692307694 0.5913461538461539 0.3942307692307694
0 0.5721153846153846 0.295673076923077 0.5456730769230769 0.295673076923077 0.5456730769230769 0.31971153846153855 0.5721153846153846 0.3197115384615386
0 0.6177884615384616 0.5889423076923078 0.6009615384615385 0.5889423076923078 0.6009615384615385 0.605769230769231 0.6177884615384616 0.605769230769231
0 0.6105769230769232 0.5889423076923078 0.5889423076923078 0.5889423076923078 0.5889423076923078 0.6105769230769232 0.6105769230769232 0.6105769230769232
0 0.5889423076923077 0.5264423076923078 0.5745192307692307 0.5264423076923078 0.5745192307692307 0.5384615384615385 0.5889423076923077 0.5384615384615385
0 0.5649038461538461 0.46875000000000006 0.5384615384615384 0.46875 0.5384615384615384 0.4903846153846155 0.5649038461538461 0.49038461538461553
0 0.5264423076923077 0.31971153846153844 0.4951923076923077 0.31971153846153844 0.4951923076923077 0.34615384615384615 0.5264423076923077 0.34615384615384615
0 0.5336538461538461 0.39903846153846156 0.5096153846153846 0.39903846153846156 0.5096153846153846 0.4230769230769231 0.5336538461538461 0.4230769230769231
0 0.5721153846153848 0.6586538461538461 0.5408653846153848 0.6586538461538461 0.5408653846153848 0.6850961538461539 0.5721153846153848 0.6850961538461539
0 0.5384615384615384 0.4543269230769231 0.5072115384615384 0.4543269230769231 0.5072115384615384 0.47836538461538464 0.5384615384615384 0.47836538461538464
0 0.5576923076923078 0.6129807692307693 0.5336538461538463 0.6129807692307693 0.5336538461538463 0.6346153846153846 0.5576923076923078 0.6346153846153846
0 0.5360576923076923 0.5240384615384616 0.5168269230769231 0.5240384615384616 0.5168269230769231 0.5456730769230769 0.5360576923076923 0.5456730769230769
0 0.4951923076923077 0.31009615384615385 0.45913461538461536 0.31009615384615385 0.45913461538461536 0.33653846153846156 0.4951923076923077 0.33653846153846156
0 0.49278846153846156 0.4423076923076923 0.47115384615384615 0.4423076923076923 0.47115384615384615 0.4639423076923077 0.49278846153846156 0.4639423076923077
0 0.46634615384615385 0.31490384615384615 0.43990384615384615 0.31490384615384615 0.43990384615384615 0.33653846153846156 0.46634615384615385 0.33653846153846156
0 0.43990384615384615 0.3317307692307692 0.41586538461538464 0.3317307692307692 0.41586538461538464 0.3557692307692308 0.43990384615384615 0.3557692307692308
0 0.4567307692307692 0.5 0.4326923076923077 0.5 0.4326923076923077 0.5240384615384616 0.4567307692307692 0.5240384615384616
0 0.4927884615384617 0.6899038461538461 0.45913461538461553 0.6899038461538461 0.45913461538461553 0.7091346153846154 0.4927884615384617 0.7091346153846154
0 0.43990384615384615 0.43990384615384615 0.41346153846153844 0.43990384615384615 0.41346153846153844 0.4639423076923077 0.43990384615384615 0.4639423076923077
0 0.41586538461538464 0.31971153846153844 0.37740384615384615 0.31971153846153844 0.37740384615384615 0.34615384615384615 0.41586538461538464 0.34615384615384615
0 0.4423076923076923 0.5168269230769231 0.4254807692307692 0.5168269230769231 0.4254807692307692 0.5336538461538461 0.4423076923076923 0.5336538461538461
0 0.4110576923076923 0.375 0.38461538461538464 0.375 0.38461538461538464 0.39663461538461536 0.4110576923076923 0.39663461538461536
0 0.40384615384615385 0.3485576923076923 0.38221153846153844 0.3485576923076923 0.38221153846153844 0.3701923076923077 0.40384615384615385 0.3701923076923077
0 0.40384615384615385 0.40625 0.37259615384615385 0.40625 0.37259615384615385 0.43509615384615385 0.40384615384615385 0.43509615384615385
0 0.3870192307692308 0.375 0.36538461538461536 0.375 0.36538461538461536 0.39663461538461536 0.3870192307692308 0.39663461538461536
0 0.4134615384615386 0.5793269230769231 0.38942307692307704 0.5793269230769231 0.38942307692307704 0.6009615384615384 0.4134615384615386 0.6009615384615384
0 0.3798076923076923 0.4110576923076923 0.35336538461538464 0.4110576923076923 0.35336538461538464 0.4375 0.3798076923076923 0.4375
0 0.34375 0.45913461538461536 0.32211538461538464 0.45913461538461536 0.32211538461538464 0.4831730769230769 0.34375 0.4831730769230769
0 0.3293269230769231 0.3701923076923077 0.3052884615384616 0.3701923076923077 0.3052884615384616 0.3942307692307692 0.3293269230769231 0.3942307692307692
0 0.3028846153846155 0.40384615384615385 0.2740384615384616 0.40384615384615385 0.2740384615384616 0.4254807692307692 0.3028846153846155 0.4254807692307692
0 0.27644230769230776 0.3629807692307692 0.2475961538461539 0.3629807692307692 0.2475961538461539 0.3870192307692308 0.27644230769230776 0.3870192307692308