0 0.7788461538461539 0.4615384615384617 0.7331730769230769 0.4615384615384617 0.7331730769230769 0.49759615384615397 0.7788461538461539 0.49759615384615397
0 0.75 0.3774038461538463 0.7043269230769231 0.3774038461538463 0.7043269230769231 0.4086538461538463 0.75 0.4086538461538463
0 0.7475961538461539 0.49759615384615397 0.7067307692307693 0.49759615384615397 0.7067307692307693 0.528846153846154 0.7475961538461539 0.528846153846154
0 0.7451923076923077 0.5769230769230771 0.7139423076923077 0.5769230769230771 0.7139423076923077 0.6009615384615385 0.7451923076923077 0.6009615384615385
0 0.7043269230769231 0.42067307692307704 0.6658653846153846 0.42067307692307704 0.6658653846153846 0.44711538461538475 0.7043269230769231 0.44711538461538475
0 0.6490384615384616 0.3461538461538463 0.6129807692307693 0.3461538461538463 0.6129807692307693 0.3750000000000001 0.6490384615384616 0.3750000000000001
0 0.6850961538461539 0.47836538461538475 0.6394230769230769 0.47836538461538475 0.6394230769230769 0.5144230769230771 0.6850961538461539 0.5144230769230771
0 0.6610576923076923 0.4399038461538463 0.6153846153846154 0.4399038461538463 0.6153846153846154 0.4759615384615386 0.6610576923076923 0.4759615384615386
0 0.6322115384615384 0.38942307692307704 0.5985576923076923 0.38942307692307704 0.5985576923076923 0.42067307692307704 0.6322115384615384 0.42067307692307704
0 0.6322115384615384 0.41105769230769246 0.5985576923076923 0.41105769230769246 0.5985576923076923 0.4375000000000001 0.6322115384615384 0.4375000000000001
0 0.7115384615384616 0.6754807692307693 0.6610576923076923 0.6754807692307693 0.6610576923076923 0.7115384615384616 0.7115384615384616 0.7115384615384616
0 0.7019230769230769 0.7403846153846154 0.6658653846153846 0.7403846153846154 0.6658653846153846 0.7668269230769231 0.7019230769230769 0.7668269230769231
0 0.6514423076923077 0.5769230769230771 0.605769230769231 0.5769230769230771 0.605769230769231 0.6081730769230771 0.6514423076923077 0.6081730769230771
0 0.6177884615384616 0.49038461538461553 0.5769230769230769 0.49038461538461553 0.5769230769230769 0.5216346153846155 0.6177884615384616 0.5216346153846155
0 0.5216346153846154 0.22115384615384623 0.4879807692307692 0.22115384615384623 0.4879807692307692 0.2475961538461539 0.5216346153846154 0.2475961538461539
0 0.6274038461538461 0.6394230769230769 0.5961538461538463 0.6394230769230769 0.5961538461538463 0.6682692307692307 0.6274038461538461 0.6682692307692307
0 0.5697115384615384 0.4711538461538462 0.53125 0.47115384615384615 0.53125 0.5120192307692308 0.5697115384615384 0.512019230769231
0 0.5408653846153846 0.38461538461538464 0.5120192307692307 0.38461538461538464 0.5120192307692307 0.40865384615384615 0.5408653846153846 0.40865384615384615
0 0.6274038461538461 0.6947115384615384 0.574519230769231 0.6947115384615384 0.574519230769231 0.7379807692307693 0.6274038461538461 0.7379807692307693
0 0.625 0.7139423076923077 0.5865384615384617 0.7139423076923077 0.5865384615384617 0.7451923076923077 0.625 0.7451923076923077
0 0.5552884615384616 0.5072115384615384 0.5192307692307693 0.5072115384615384 0.5192307692307693 0.5384615384615384 0.5552884615384616 0.5384615384615384
0 0.5649038461538463 0.591346153846154 0.5336538461538463 0.5913461538461539 0.5336538461538463 0.6129807692307693 0.5649038461538463 0.6129807692307694
0 0.5528846153846155 0.5769230769230769 0.5168269230769232 0.5769230769230769 0.5168269230769232 0.6033653846153846 0.5528846153846155 0.6033653846153846
0 0.574519230769231 0.7668269230769231 0.5480769230769232 0.7668269230769231 0.5480769230769232 0.7932692307692307 0.574519230769231 0.7932692307692307
0 0.4855769230769231 0.4519230769230769 0.4519230769230769 0.4519230769230769 0.4519230769230769 0.4807692307692308 0.4855769230769231 0.4807692307692308
0 0.42788461538461536 0.25721153846153855 0.40384615384615385 0.25721153846153855 0.40384615384615385 0.2788461538461539 0.42788461538461536 0.2788461538461539
0 0.4423076923076923 0.31009615384615385 0.4014423076923077 0.31009615384615385 0.4014423076923077 0.34134615384615385 0.4423076923076923 0.34134615384615385
0 0.45913461538461536 0.40625 0.4206730769230769 0.40625 0.4206730769230769 0.43509615384615385 0.45913461538461536 0.43509615384615385
0 0.5144230769230771 0.6105769230769231 0.47355769230769246 0.6105769230769231 0.47355769230769246 0.6418269230769231 0.5144230769230771 0.6418269230769231
0 0.543269230769231 0.7163461538461539 0.4951923076923078 0.7163461538461539 0.4951923076923078 0.7524038461538461 0.543269230769231 0.7524038461538461
0 0.5408653846153848 0.7980769230769231 0.5072115384615385 0.7980769230769231 0.5072115384615385 0.8245192307692307 0.5408653846153848 0.8245192307692307
0 0.5216346153846155 0.8052884615384616 0.49038461538461553 0.8052884615384616 0.49038461538461553 0.8341346153846154 0.5216346153846155 0.8341346153846154
0 0.4423076923076923 0.5144230769230769 0.40865384615384615 0.5144230769230769 0.40865384615384615 0.5432692307692307 0.4423076923076923 0.5432692307692307
0 0.4927884615384617 0.7283653846153846 0.4615384615384617 0.7283653846153846 0.4615384615384617 0.7548076923076923 0.4927884615384617 0.7548076923076923
0 0.49038461538461553 0.6923076923076923 0.4495192307692309 0.6923076923076923 0.4495192307692309 0.7307692307692307 0.49038461538461553 0.7307692307692307
0 0.4423076923076923 0.5288461538461539 0.4014423076923077 0.5288461538461539 0.4014423076923077 0.5552884615384616 0.4423076923076923 0.5552884615384616
0 0.45913461538461553 0.625 0.4134615384615386 0.625 0.4134615384615386 0.6586538461538461 0.45913461538461553 0.6586538461538461
0 0.4086538461538463 0.5625 0.35336538461538475 0.5625 0.35336538461538475 0.6033653846153846 0.4086538461538463 0.6033653846153846
0 0.39663461538461553 0.7548076923076923 0.3629807692307694 0.7548076923076923 0.3629807692307694 0.78125 0.39663461538461553 0.78125
0 0.37980769230769246 0.7956730769230769 0.34855769230769246 0.7956730769230769 0.34855769230769246 0.8221153846153846 0.37980769230769246 0.8221153846153846
0 0.3774038461538463 0.8870192307692307 0.34134615384615397 0.8870192307692307 0.34134615384615397 0.9158653846153846 0.3774038461538463 0.9158653846153846
0 0.3197115384615386 0.8004807692307693 0.2740384615384616 0.8004807692307693 0.2740384615384616 0.8341346153846154 0.3197115384615386 0.8341346153846154
0 0.1346153846153847 0.4519230769230769 0.09855769230769237 0.4519230769230769 0.09855769230769237 0.47836538461538464 0.1346153846153847 0.47836538461538464