0 0.7548076923076923 0.019230769230769322 0.6826923076923077 0.019230769230769315 0.6826923076923077 0.09375000000000008 0.7548076923076923 0.0937500000000001
0 0.03365384615384619 0.20673076923076922 2.5317217482373165e-17 0.20673076923076922 2.767230748073346e-17 0.24519230769230768 0.03365384615384619 0.24519230769230768
0 0.16826923076923078 0.17548076923076922 0.11778846153846158 0.17548076923076922 0.11778846153846158 0.24759615384615385 0.16826923076923078 0.24759615384615385
0 0.05048076923076927 0.23557692307692307 0.009615384615384645 0.23557692307692307 0.009615384615384647 0.27884615384615385 0.05048076923076927 0.27884615384615385
0 0.25961538461538464 0.20432692307692307 0.22115384615384615 0.20432692307692307 0.22115384615384615 0.2548076923076923 0.25961538461538464 0.2548076923076923
0 0.11057692307692311 0.24278846153846154 0.07451923076923081 0.24278846153846154 0.07451923076923081 0.2956730769230769 0.11057692307692311 0.2956730769230769
0 0.28846153846153844 0.02884615384615388 0.25240384615384615 0.02884615384615388 0.25240384615384615 0.07692307692307696 0.28846153846153844 0.07692307692307696
0 0.40625 0.2283653846153847 0.37259615384615385 0.2283653846153847 0.37259615384615385 0.264423076923077 0.40625 0.264423076923077
0 0.5889423076923077 0.28125000000000006 0.5264423076923077 0.28125000000000006 0.5264423076923077 0.358173076923077 0.5889423076923077 0.35817307692307704
0 0.5120192307692307 0.32211538461538464 0.47596153846153844 0.32211538461538464 0.47596153846153844 0.36538461538461536 0.5120192307692307 0.36538461538461536
0 0.29326923076923084 0.3798076923076923 0.23557692307692316 0.3798076923076923 0.23557692307692316 0.44711538461538464 0.29326923076923084 0.44711538461538464
0 0.1538461538461539 0.4182692307692308 0.08173076923076926 0.4182692307692308 0.08173076923076929 0.4855769230769231 0.1538461538461539 0.4855769230769231
0 0.375 0.4182692307692308 0.3173076923076923 0.4182692307692308 0.3173076923076923 0.4855769230769231 0.375 0.4855769230769231
0 0.20913461538461545 0.4807692307692308 0.15865384615384623 0.4807692307692308 0.15865384615384623 0.5480769230769231 0.20913461538461545 0.5480769230769231
0 0.20913461538461545 0.5120192307692307 0.16346153846153852 0.5120192307692307 0.16346153846153852 0.5576923076923077 0.20913461538461545 0.5576923076923077
0 0.4182692307692308 0.49038461538461536 0.37740384615384615 0.49038461538461536 0.37740384615384615 0.5480769230769231 0.4182692307692308 0.5480769230769231
0 0.43509615384615385 0.49278846153846156 0.3918269230769231 0.49278846153846156 0.3918269230769231 0.5504807692307693 0.43509615384615385 0.5504807692307693
0 0.7091346153846154 0.4495192307692309 0.6418269230769231 0.4495192307692309 0.6418269230769231 0.5216346153846155 0.7091346153846154 0.5216346153846155
0 0.2836538461538462 0.5480769230769231 0.2475961538461539 0.5480769230769231 0.2475961538461539 0.5913461538461539 0.2836538461538462 0.5913461538461539
0 0.3149038461538462 0.5384615384615384 0.2740384615384616 0.5384615384615384 0.2740384615384616 0.5961538461538461 0.3149038461538463 0.5961538461538461
0 0.41826923076923084 0.5408653846153846 0.3798076923076923 0.5408653846153846 0.3798076923076924 0.5985576923076923 0.4182692307692309 0.5985576923076923
0 0.4567307692307693 0.5480769230769231 0.4206730769230769 0.5480769230769231 0.420673076923077 0.5913461538461539 0.4567307692307694 0.5913461538461539
0 0.3317307692307694 0.5841346153846154 0.29326923076923084 0.5841346153846154 0.29326923076923084 0.6370192307692307 0.3317307692307694 0.6370192307692307
0 0.6009615384615385 0.5793269230769232 0.5673076923076924 0.5793269230769232 0.5673076923076924 0.6274038461538461 0.6009615384615385 0.6274038461538461
0 0.4134615384615386 0.6177884615384616 0.3750000000000001 0.6177884615384616 0.3750000000000001 0.6730769230769231 0.4134615384615386 0.6730769230769231
0 0.4254807692307694 0.625 0.37980769230769246 0.625 0.37980769230769246 0.6947115384615384 0.4254807692307694 0.6947115384615384
0 0.6682692307692307 0.6081730769230771 0.625 0.6081730769230771 0.625 0.6586538461538461 0.6682692307692307 0.6586538461538461
0 0.5456730769230771 0.6658653846153846 0.48317307692307704 0.6658653846153846 0.48317307692307704 0.7331730769230769 0.5456730769230771 0.7331730769230769
0 0.8461538461538461 0.6201923076923077 0.7932692307692307 0.6201923076923077 0.7932692307692307 0.6923076923076923 0.8461538461538461 0.6923076923076923
0 0.45192307692307704 0.6971153846153846 0.4062500000000001 0.6971153846153846 0.4062500000000001 0.7596153846153846 0.45192307692307704 0.7596153846153846
0 0.7067307692307693 0.6971153846153846 0.6682692307692307 0.6971153846153846 0.6682692307692307 0.7572115384615384 0.7067307692307693 0.7572115384615384
0 0.5456730769230771 0.7283653846153846 0.49038461538461553 0.7283653846153846 0.49038461538461553 0.8004807692307693 0.5456730769230771 0.8004807692307693
0 0.6009615384615385 0.7259615384615384 0.5384615384615385 0.7259615384615384 0.5384615384615385 0.7932692307692307 0.6009615384615385 0.7932692307692307
0 0.78125 0.7620192307692307 0.7235576923076923 0.7620192307692307 0.7235576923076923 0.8293269230769231 0.78125 0.8293269230769231
0 1 0.7403846153846154 0.9783653846153846 0.7403846153846154 0.9783653846153846 0.78125 1 0.78125
0 0.65625 0.7932692307692307 0.6225961538461539 0.7932692307692307 0.6225961538461539 0.8509615384615384 0.65625 0.8509615384615384
0 0.7355769230769231 0.78125 0.6802884615384616 0.78125 0.6802884615384616 0.8485576923076923 0.7355769230769231 0.8485576923076923
0 0.5504807692307694 0.8485576923076923 0.5048076923076924 0.8485576923076923 0.5048076923076924 0.9110576923076923 0.5504807692307694 0.9110576923076923
0 0.8317307692307693 0.8341346153846154 0.7908653846153846 0.8341346153846154 0.7908653846153846 0.8894230769230769 0.8317307692307693 0.8894230769230769