0 0.6995192307692307 0.8605769230769231 0.6274038461538461 0.8605769230769231 0.6274038461538461 0.9807692307692307 0.6995192307692307 0.9807692307692307
0 0.20913461538461542 0.1514423076923077 0.12980769230769235 0.15144230769230768 0.12980769230769235 0.3076923076923077 0.20913461538461545 0.3076923076923077
0 0.35096153846153844 0.14663461538461542 0.27403846153846156 0.14663461538461542 0.27403846153846156 0.2932692307692308 0.35096153846153844 0.29326923076923084
0 0.5360576923076923 0.13701923076923084 0.46634615384615385 0.13701923076923084 0.46634615384615385 0.24278846153846162 0.5360576923076923 0.24278846153846162
0 0.41346153846153844 0.14663461538461542 0.3389423076923077 0.14663461538461542 0.3389423076923077 0.29807692307692313 0.41346153846153844 0.29807692307692313
0 0.21394230769230774 0.19230769230769232 0.1322115384615385 0.19230769230769232 0.1322115384615385 0.34375 0.21394230769230776 0.34375
0 0.5841346153846154 6.829760995244854e-17 0.53125 6.505936120470313e-17 0.53125 0.03365384615384622 0.5841346153846154 0.03365384615384622
0 0.33413461538461536 0.2524038461538462 0.25721153846153844 0.25240384615384615 0.2572115384615385 0.39903846153846156 0.33413461538461536 0.39903846153846156
0 0.3918269230769231 0.3245192307692308 0.31971153846153844 0.3245192307692308 0.31971153846153844 0.4230769230769231 0.3918269230769231 0.4230769230769231
0 0.5360576923076923 0.3701923076923077 0.46634615384615385 0.3701923076923077 0.46634615384615385 0.4639423076923077 0.5360576923076923 0.4639423076923077
0 0.3341346153846155 0.4639423076923077 0.2548076923076924 0.4639423076923077 0.2548076923076924 0.6153846153846154 0.33413461538461553 0.6153846153846154
0 0.3798076923076924 0.5 0.31490384615384615 0.5 0.3149038461538462 0.6033653846153846 0.37980769230769246 0.6033653846153846
0 0.3389423076923078 0.6370192307692307 0.2692307692307693 0.6370192307692307 0.2692307692307693 0.7355769230769231 0.3389423076923078 0.7355769230769231
0 0.39663461538461536 0.05528846153846158 0.3293269230769231 0.05528846153846157 0.3293269230769231 0.14663461538461542 0.39663461538461536 0.14663461538461542
0 0.5961538461538461 0.028846153846153917 0.5264423076923077 0.028846153846153914 0.5264423076923077 0.13221153846153852 0.5961538461538461 0.13221153846153852
0 0.6418269230769231 0.8581730769230769 0.574519230769231 0.8581730769230769 0.574519230769231 0.9615384615384616 0.6418269230769231 0.9615384615384616
0 0.3461538461538463 0.5769230769230769 0.2692307692307693 0.5769230769230769 0.2692307692307693 0.7259615384615384 0.3461538461538463 0.7259615384615384