0 0.5865384615384616 0.3437500000000001 0.5673076923076923 0.3437500000000001 0.5673076923076923 0.36538461538461553 0.5865384615384616 0.36538461538461553
0 0.4735576923076923 0.36778846153846156 0.4423076923076923 0.36778846153846156 0.4423076923076923 0.3942307692307692 0.4735576923076923 0.3942307692307692
0 0.625 0.34855769230769246 0.6033653846153846 0.34855769230769246 0.6033653846153846 0.3701923076923078 0.625 0.3701923076923078
0 0.49278846153846156 0.3870192307692308 0.46634615384615385 0.3870192307692308 0.46634615384615385 0.41346153846153844 0.49278846153846156 0.41346153846153844
0 0.5528846153846154 0.3798076923076923 0.5288461538461539 0.3798076923076923 0.5288461538461539 0.4110576923076923 0.5528846153846154 0.4110576923076923
0 0.625 0.39182692307692324 0.6057692307692307 0.39182692307692324 0.6057692307692307 0.41586538461538475 0.625 0.41586538461538475
0 0.5048076923076923 0.4375 0.4855769230769231 0.4375 0.4855769230769231 0.4543269230769231 0.5048076923076923 0.4543269230769231
0 0.6370192307692307 0.4014423076923078 0.6153846153846154 0.4014423076923078 0.6153846153846154 0.42067307692307704 0.6370192307692307 0.42067307692307704
0 0.5697115384615384 0.43269230769230776 0.5480769230769231 0.4326923076923077 0.5480769230769231 0.4567307692307693 0.5697115384615384 0.4567307692307694
0 0.6442307692307693 0.40384615384615397 0.6201923076923077 0.40384615384615397 0.6201923076923077 0.4326923076923078 0.6442307692307693 0.4326923076923078
0 0.5961538461538461 0.42307692307692324 0.5745192307692307 0.42307692307692324 0.5745192307692307 0.45432692307692324 0.5961538461538461 0.45432692307692324
0 0.5096153846153846 0.45913461538461536 0.49038461538461536 0.45913461538461536 0.49038461538461536 0.47836538461538464 0.5096153846153846 0.47836538461538464
0 0.3629807692307692 0.5024038461538461 0.3389423076923077 0.5024038461538461 0.3389423076923077 0.5336538461538461 0.3629807692307692 0.5336538461538461
0 0.5144230769230769 0.4735576923076923 0.49278846153846156 0.4735576923076923 0.49278846153846156 0.5048076923076923 0.5144230769230769 0.5048076923076923
0 0.44471153846153844 0.49038461538461536 0.4254807692307692 0.49038461538461536 0.4254807692307692 0.5168269230769231 0.44471153846153844 0.5168269230769231
0 0.46875 0.49038461538461536 0.44711538461538464 0.49038461538461536 0.44711538461538464 0.5192307692307693 0.46875 0.5192307692307693
0 0.5985576923076923 0.47836538461538475 0.5769230769230769 0.47836538461538475 0.5769230769230769 0.5048076923076924 0.5985576923076923 0.5048076923076924
0 0.5264423076923077 0.5 0.5072115384615384 0.5 0.5072115384615384 0.5240384615384616 0.5264423076923077 0.5240384615384616
0 0.5480769230769231 0.49759615384615385 0.5264423076923077 0.49759615384615385 0.5264423076923077 0.5216346153846154 0.5480769230769231 0.5216346153846154
0 0.6682692307692307 0.4687500000000001 0.6442307692307693 0.4687500000000001 0.6442307692307693 0.49759615384615397 0.6682692307692307 0.49759615384615397
0 0.6081730769230769 0.5024038461538463 0.5865384615384616 0.5024038461538463 0.5865384615384616 0.5264423076923078 0.6081730769230769 0.5264423076923078
0 0.5889423076923077 0.5264423076923078 0.5721153846153846 0.5264423076923078 0.5721153846153846 0.5456730769230771 0.5889423076923077 0.5456730769230771
0 0.6610576923076923 0.5096153846153848 0.6442307692307693 0.5096153846153848 0.6442307692307693 0.5312500000000001 0.6610576923076923 0.5312500000000001
0 0.5024038461538463 0.5456730769230769 0.4831730769230769 0.5456730769230769 0.483173076923077 0.5721153846153846 0.5024038461538463 0.5721153846153846
0 0.6177884615384616 0.5264423076923078 0.5961538461538461 0.5264423076923078 0.5961538461538461 0.5480769230769232 0.6177884615384616 0.5480769230769232
0 0.35817307692307704 0.5841346153846154 0.33413461538461553 0.5841346153846154 0.33413461538461553 0.6153846153846154 0.35817307692307704 0.6153846153846154
0 0.49038461538461553 0.5600961538461539 0.4711538461538463 0.5600961538461539 0.4711538461538463 0.5865384615384616 0.49038461538461553 0.5865384615384616
0 0.512019230769231 0.5625 0.4927884615384617 0.5625 0.4927884615384617 0.5865384615384616 0.512019230769231 0.5865384615384616
0 0.5576923076923078 0.5600961538461539 0.5384615384615385 0.5600961538461539 0.5384615384615385 0.5817307692307693 0.5576923076923078 0.5817307692307693
0 0.4927884615384617 0.5985576923076923 0.4711538461538463 0.5985576923076923 0.4711538461538463 0.6201923076923077 0.4927884615384617 0.6201923076923077
0 0.6153846153846154 0.5721153846153848 0.5937500000000001 0.5721153846153848 0.5937500000000001 0.6009615384615385 0.6153846153846154 0.6009615384615385
0 0.6346153846153846 0.5793269230769232 0.6129807692307694 0.5793269230769232 0.6129807692307694 0.6129807692307694 0.6346153846153846 0.6129807692307694
0 0.4807692307692309 0.6201923076923077 0.45913461538461553 0.6201923076923077 0.45913461538461553 0.6490384615384616 0.4807692307692309 0.6490384615384616
0 0.7235576923076923 0.574519230769231 0.6995192307692307 0.574519230769231 0.6995192307692307 0.5985576923076924 0.7235576923076923 0.5985576923076924
0 0.5961538461538463 0.6009615384615385 0.5697115384615385 0.6009615384615385 0.5697115384615385 0.6322115384615384 0.5961538461538463 0.6322115384615384
0 0.6225961538461539 0.6009615384615385 0.6033653846153848 0.6009615384615385 0.6033653846153848 0.6225961538461539 0.6225961538461539 0.6225961538461539
0 0.5480769230769232 0.6394230769230769 0.528846153846154 0.6394230769230769 0.528846153846154 0.6538461538461539 0.5480769230769232 0.6538461538461539
0 0.4927884615384617 0.6730769230769231 0.4711538461538463 0.6730769230769231 0.4711538461538463 0.6923076923076923 0.4927884615384617 0.6923076923076923
0 0.574519230769231 0.6610576923076923 0.5552884615384617 0.6610576923076923 0.5552884615384617 0.6850961538461539 0.574519230769231 0.6850961538461539
0 0.5721153846153848 0.6850961538461539 0.5552884615384617 0.6850961538461539 0.5552884615384617 0.7043269230769231 0.5721153846153848 0.7043269230769231
0 0.5576923076923078 0.6875 0.543269230769231 0.6875 0.543269230769231 0.7019230769230769 0.5576923076923078 0.7019230769230769
0 0.5480769230769232 0.7043269230769231 0.528846153846154 0.7043269230769231 0.528846153846154 0.7235576923076923 0.5480769230769232 0.7235576923076923