0 0.39182692307692324 0.8052884615384616 0.3509615384615386 0.8052884615384616 0.3509615384615386 0.8389423076923077 0.39182692307692324 0.8389423076923077
0 0.3245192307692309 0.5841346153846154 0.27644230769230776 0.5841346153846154 0.27644230769230776 0.625 0.3245192307692309 0.625
0 0.31971153846153855 0.5360576923076923 0.26682692307692313 0.5360576923076923 0.26682692307692313 0.5769230769230769 0.3197115384615386 0.5769230769230769
0 0.4615384615384617 0.7884615384615384 0.4062500000000001 0.7884615384615384 0.4062500000000001 0.8317307692307693 0.4615384615384617 0.8317307692307693
0 0.5144230769230771 0.8822115384615384 0.4687500000000001 0.8822115384615384 0.4687500000000001 0.9230769230769231 0.5144230769230771 0.9230769230769231
0 0.33653846153846156 0.4254807692307692 0.3028846153846155 0.4254807692307692 0.3028846153846155 0.4567307692307692 0.33653846153846156 0.4567307692307692
0 0.48557692307692324 0.7211538461538461 0.4326923076923078 0.7211538461538461 0.4326923076923078 0.7596153846153846 0.48557692307692324 0.7596153846153846
0 0.3605769230769231 0.4254807692307692 0.3245192307692308 0.4254807692307692 0.3245192307692308 0.4543269230769231 0.3605769230769231 0.4543269230769231
0 0.5721153846153848 0.9230769230769231 0.5408653846153848 0.9230769230769231 0.5408653846153848 0.9591346153846154 0.5721153846153848 0.9591346153846154
0 0.4423076923076924 0.5360576923076923 0.3870192307692308 0.5360576923076923 0.38701923076923084 0.5841346153846154 0.44230769230769246 0.5841346153846154
0 0.5889423076923078 0.9158653846153846 0.560096153846154 0.9158653846153846 0.560096153846154 0.9447115384615384 0.5889423076923078 0.9447115384615384
0 0.4759615384615386 0.6009615384615384 0.4326923076923078 0.6009615384615384 0.4326923076923078 0.6370192307692307 0.4759615384615386 0.6370192307692307
0 0.591346153846154 0.8677884615384616 0.5480769230769232 0.8677884615384616 0.5480769230769232 0.9038461538461539 0.591346153846154 0.9038461538461539
0 0.4375 0.46153846153846156 0.3870192307692308 0.46153846153846156 0.3870192307692308 0.5 0.4375 0.5
0 0.4543269230769231 0.5288461538461539 0.42788461538461536 0.5288461538461539 0.42788461538461536 0.5528846153846154 0.4543269230769231 0.5528846153846154
0 0.6298076923076923 0.9254807692307693 0.5961538461538463 0.9254807692307693 0.5961538461538463 0.9543269230769231 0.6298076923076923 0.9543269230769231
0 0.4014423076923077 0.35096153846153844 0.36538461538461536 0.35096153846153844 0.36538461538461536 0.38221153846153844 0.4014423076923077 0.38221153846153844
0 0.47596153846153855 0.5288461538461539 0.43990384615384615 0.5288461538461539 0.4399038461538462 0.5625 0.4759615384615386 0.5625
0 0.6490384615384616 0.9230769230769231 0.6177884615384616 0.9230769230769231 0.6177884615384616 0.9567307692307693 0.6490384615384616 0.9567307692307693
0 0.44711538461538464 0.3918269230769231 0.40384615384615385 0.3918269230769231 0.40384615384615385 0.4230769230769231 0.44711538461538464 0.4230769230769231
0 0.5 0.5120192307692307 0.4519230769230769 0.5120192307692307 0.4519230769230769 0.5480769230769231 0.5 0.5480769230769231
0 0.5721153846153848 0.6826923076923077 0.528846153846154 0.6826923076923077 0.528846153846154 0.7211538461538461 0.5721153846153848 0.7211538461538461
0 0.46634615384615385 0.3798076923076923 0.4326923076923077 0.3798076923076923 0.4326923076923077 0.40384615384615385 0.46634615384615385 0.40384615384615385
0 0.5865384615384617 0.6201923076923077 0.528846153846154 0.6201923076923077 0.528846153846154 0.6634615384615384 0.5865384615384617 0.6634615384615384
0 0.6081730769230771 0.6826923076923077 0.560096153846154 0.6826923076923077 0.560096153846154 0.7283653846153846 0.6081730769230771 0.7283653846153846
0 0.5721153846153848 0.5817307692307693 0.5264423076923078 0.5817307692307693 0.5264423076923078 0.6177884615384616 0.5721153846153848 0.6177884615384616
0 0.5480769230769231 0.4831730769230769 0.5 0.4831730769230769 0.5 0.5240384615384616 0.5480769230769231 0.5240384615384616
0 0.6947115384615384 0.7091346153846154 0.625 0.7091346153846154 0.625 0.7692307692307693 0.6947115384615384 0.7692307692307693
0 0.5360576923076923 0.36538461538461536 0.49759615384615385 0.36538461538461536 0.49759615384615385 0.3918269230769231 0.5360576923076923 0.3918269230769231
0 0.6009615384615385 0.5240384615384616 0.5576923076923077 0.5240384615384616 0.5576923076923077 0.560096153846154 0.6009615384615385 0.560096153846154
0 0.6586538461538461 0.6033653846153848 0.6105769230769232 0.6033653846153848 0.6105769230769232 0.6394230769230769 0.6586538461538461 0.6394230769230769
0 0.6538461538461539 0.543269230769231 0.6129807692307693 0.543269230769231 0.6129807692307693 0.5769230769230771 0.6538461538461539 0.5769230769230771
0 0.6634615384615384 0.4447115384615386 0.5961538461538461 0.4447115384615386 0.5961538461538461 0.49759615384615397 0.6634615384615384 0.49759615384615397
0 0.7884615384615384 0.5937500000000001 0.7355769230769231 0.5937500000000001 0.7355769230769231 0.6346153846153846 0.7884615384615384 0.6346153846153846
0 0.7307692307692307 0.45192307692307704 0.6826923076923077 0.45192307692307704 0.6826923076923077 0.4879807692307694 0.7307692307692307 0.4879807692307694