0 0.7019230769230769 0.24519230769230776 0.6658653846153846 0.24519230769230776 0.6658653846153846 0.2692307692307693 0.7019230769230769 0.2692307692307693
0 0.6802884615384616 0.3052884615384616 0.6514423076923077 0.3052884615384616 0.6514423076923077 0.33413461538461553 0.6802884615384616 0.33413461538461553
0 0.6730769230769231 0.38461538461538475 0.6394230769230769 0.38461538461538475 0.6394230769230769 0.41105769230769246 0.6730769230769231 0.41105769230769246
0 0.7884615384615384 0.7139423076923077 0.7620192307692307 0.7139423076923077 0.7620192307692307 0.7355769230769231 0.7884615384615384 0.7355769230769231
0 0.6682692307692307 0.45913461538461553 0.6322115384615384 0.45913461538461553 0.6322115384615384 0.48557692307692324 0.6682692307692307 0.48557692307692324
0 0.7331730769230769 0.6442307692307693 0.7043269230769231 0.6442307692307693 0.7043269230769231 0.6730769230769231 0.7331730769230769 0.6730769230769231
0 0.6394230769230769 0.4639423076923078 0.6177884615384616 0.4639423076923078 0.6177884615384616 0.4807692307692309 0.6394230769230769 0.4807692307692309
0 0.5961538461538461 0.3365384615384617 0.5600961538461539 0.3365384615384617 0.5600961538461539 0.3701923076923078 0.5961538461538461 0.3701923076923078
0 0.6899038461538461 0.6225961538461539 0.6634615384615384 0.6225961538461539 0.6634615384615384 0.6466346153846154 0.6899038461538461 0.6466346153846154
0 0.5841346153846154 0.3557692307692309 0.5625 0.3557692307692309 0.5625 0.3822115384615386 0.5841346153846154 0.3822115384615386
0 0.6298076923076923 0.4879807692307694 0.5985576923076923 0.4879807692307694 0.5985576923076923 0.512019230769231 0.6298076923076923 0.512019230769231
0 0.6706730769230769 0.5985576923076924 0.6298076923076923 0.5985576923076924 0.6298076923076923 0.6322115384615384 0.6706730769230769 0.6322115384615384
0 0.5817307692307693 0.3846153846153847 0.5552884615384616 0.38461538461538464 0.5552884615384616 0.4086538461538462 0.5817307692307693 0.4086538461538463
0 0.5913461538461539 0.40384615384615397 0.5625 0.40384615384615397 0.5625 0.4302884615384617 0.5913461538461539 0.4302884615384617
0 0.5985576923076923 0.47836538461538475 0.5673076923076923 0.47836538461538475 0.5673076923076923 0.5048076923076924 0.5985576923076923 0.5048076923076924
0 0.5432692307692307 0.35096153846153844 0.5144230769230769 0.35096153846153844 0.5144230769230769 0.3798076923076923 0.5432692307692307 0.3798076923076923
0 0.5504807692307693 0.37740384615384615 0.5192307692307693 0.37740384615384615 0.5192307692307693 0.4014423076923077 0.5504807692307693 0.4014423076923077
0 0.5552884615384616 0.39903846153846156 0.5288461538461539 0.39903846153846156 0.5288461538461539 0.4254807692307692 0.5552884615384616 0.4254807692307692
0 0.5288461538461539 0.41346153846153844 0.49759615384615385 0.41346153846153844 0.49759615384615385 0.43990384615384615 0.5288461538461539 0.43990384615384615
0 0.65625 0.7884615384615384 0.6322115384615384 0.7884615384615384 0.6322115384615384 0.8125 0.65625 0.8125
0 0.5120192307692307 0.3870192307692308 0.47836538461538464 0.3870192307692308 0.47836538461538464 0.4182692307692308 0.5120192307692307 0.4182692307692308
0 0.5240384615384616 0.43509615384615385 0.5 0.43509615384615385 0.5 0.46153846153846156 0.5240384615384616 0.46153846153846156
0 0.5841346153846155 0.591346153846154 0.5528846153846155 0.5913461538461539 0.5528846153846155 0.6177884615384616 0.5841346153846155 0.6177884615384616
0 0.5264423076923077 0.4519230769230769 0.5048076923076923 0.4519230769230769 0.5048076923076923 0.4735576923076923 0.5264423076923077 0.4735576923076923
0 0.5817307692307694 0.6033653846153847 0.5528846153846155 0.6033653846153846 0.5528846153846155 0.6274038461538461 0.5817307692307694 0.6274038461538461
0 0.53125 0.5168269230769231 0.49759615384615385 0.5168269230769231 0.49759615384615385 0.5432692307692307 0.53125 0.5432692307692307
0 0.5504807692307694 0.7043269230769231 0.5264423076923078 0.7043269230769231 0.5264423076923078 0.7259615384615384 0.5504807692307694 0.7259615384615384
0 0.4519230769230769 0.4735576923076923 0.43028846153846156 0.4735576923076923 0.43028846153846156 0.4951923076923077 0.4519230769230769 0.4951923076923077
0 0.4423076923076923 0.4831730769230769 0.41586538461538464 0.4831730769230769 0.41586538461538464 0.5072115384615384 0.4423076923076923 0.5072115384615384
0 0.4567307692307692 0.5072115384615384 0.4254807692307692 0.5072115384615384 0.4254807692307692 0.5456730769230769 0.4567307692307692 0.5456730769230769
0 0.4687500000000001 0.5649038461538461 0.4375000000000001 0.5649038461538461 0.4375000000000001 0.5985576923076923 0.4687500000000001 0.5985576923076923
0 0.5144230769230771 0.7331730769230769 0.4879807692307694 0.7331730769230769 0.4879807692307694 0.7572115384615384 0.5144230769230771 0.7572115384615384
0 0.44471153846153855 0.53125 0.4110576923076923 0.53125 0.4110576923076924 0.5625 0.4447115384615386 0.5625
0 0.5240384615384617 0.8149038461538461 0.4951923076923078 0.8149038461538461 0.4951923076923078 0.84375 0.5240384615384617 0.84375
0 0.4375000000000001 0.6057692307692307 0.4086538461538463 0.6057692307692307 0.4086538461538463 0.6322115384615384 0.4375000000000001 0.6322115384615384
0 0.46634615384615397 0.6995192307692307 0.4399038461538463 0.6995192307692307 0.4399038461538463 0.7211538461538461 0.46634615384615397 0.7211538461538461
0 0.47836538461538475 0.7379807692307693 0.4399038461538463 0.7379807692307693 0.4399038461538463 0.7668269230769231 0.47836538461538475 0.7668269230769231
0 0.41586538461538475 0.5673076923076923 0.37259615384615397 0.5673076923076923 0.37259615384615397 0.6009615384615384 0.41586538461538475 0.6009615384615384
0 0.40384615384615397 0.7307692307692307 0.3822115384615386 0.7307692307692307 0.3822115384615386 0.7524038461538461 0.40384615384615397 0.7524038461538461
0 0.3774038461538463 0.6418269230769231 0.3365384615384617 0.6418269230769231 0.3365384615384617 0.6682692307692307 0.3774038461538463 0.6682692307692307