0 0.5168269230769231 0.2475961538461539 0.49038461538461536 0.2475961538461539 0.49038461538461536 0.2740384615384616 0.5168269230769231 0.2740384615384616
0 0.5697115384615384 0.2740384615384616 0.5432692307692307 0.2740384615384616 0.5432692307692307 0.3100961538461539 0.5697115384615384 0.31009615384615397
0 0.41346153846153844 0.25721153846153855 0.3918269230769231 0.25721153846153855 0.3918269230769231 0.28846153846153855 0.41346153846153844 0.28846153846153855
0 0.5961538461538461 0.33413461538461553 0.5745192307692307 0.33413461538461553 0.5745192307692307 0.36057692307692324 0.5961538461538461 0.36057692307692324
0 0.42788461538461536 0.29326923076923084 0.4014423076923077 0.29326923076923084 0.4014423076923077 0.3245192307692308 0.42788461538461536 0.3245192307692308
0 0.6009615384615384 0.37259615384615397 0.5793269230769231 0.37259615384615397 0.5793269230769231 0.3942307692307694 0.6009615384615384 0.3942307692307694
0 0.65625 0.38942307692307704 0.6322115384615384 0.38942307692307704 0.6322115384615384 0.4134615384615386 0.65625 0.4134615384615386
0 0.3894230769230769 0.3317307692307692 0.36778846153846156 0.3317307692307692 0.36778846153846156 0.3581730769230769 0.3894230769230769 0.3581730769230769
0 0.49759615384615385 0.3605769230769231 0.47596153846153844 0.3605769230769231 0.47596153846153844 0.3870192307692308 0.49759615384615385 0.3870192307692308
0 0.5432692307692307 0.38221153846153844 0.5240384615384616 0.38221153846153844 0.5240384615384616 0.40625 0.5432692307692307 0.40625
0 0.39903846153846156 0.35096153846153844 0.37740384615384615 0.35096153846153844 0.37740384615384615 0.375 0.39903846153846156 0.375
0 0.4326923076923077 0.37259615384615385 0.41346153846153844 0.37259615384615385 0.41346153846153844 0.39903846153846156 0.4326923076923077 0.39903846153846156
0 0.3557692307692308 0.3557692307692308 0.3317307692307692 0.3557692307692308 0.3317307692307692 0.38221153846153844 0.3557692307692308 0.38221153846153844
0 0.6394230769230769 0.4302884615384617 0.625 0.4302884615384617 0.625 0.44711538461538475 0.6394230769230769 0.44711538461538475
0 0.6418269230769231 0.4399038461538463 0.6201923076923077 0.4399038461538463 0.6201923076923077 0.45913461538461553 0.6418269230769231 0.45913461538461553
0 0.5697115384615384 0.4302884615384616 0.5552884615384616 0.43028846153846156 0.5552884615384616 0.4471153846153847 0.5697115384615384 0.44711538461538475
0 0.5144230769230769 0.43028846153846156 0.49038461538461536 0.43028846153846156 0.49038461538461536 0.4567307692307692 0.5144230769230769 0.4567307692307692
0 0.3605769230769231 0.40865384615384615 0.33653846153846156 0.40865384615384615 0.33653846153846156 0.43990384615384615 0.3605769230769231 0.43990384615384615
0 0.43990384615384615 0.43509615384615385 0.4182692307692308 0.43509615384615385 0.4182692307692308 0.4567307692307692 0.43990384615384615 0.4567307692307692
0 0.6947115384615384 0.49759615384615397 0.6658653846153846 0.49759615384615397 0.6658653846153846 0.5312500000000001 0.6947115384615384 0.5312500000000001
0 0.49038461538461536 0.4519230769230769 0.46875 0.4519230769230769 0.46875 0.4831730769230769 0.49038461538461536 0.4831730769230769
0 0.6418269230769231 0.4951923076923078 0.6201923076923077 0.4951923076923078 0.6201923076923077 0.5192307692307694 0.6418269230769231 0.5192307692307694
0 0.5528846153846154 0.4807692307692308 0.53125 0.4807692307692308 0.53125 0.5 0.5528846153846154 0.5
0 0.34375 0.43509615384615385 0.3173076923076923 0.43509615384615385 0.3173076923076923 0.46875 0.34375 0.46875
0 0.46153846153846156 0.4855769230769231 0.43990384615384615 0.4855769230769231 0.43990384615384615 0.5096153846153846 0.46153846153846156 0.5096153846153846
0 0.3317307692307692 0.46153846153846156 0.31009615384615385 0.46153846153846156 0.31009615384615385 0.4879807692307692 0.3317307692307692 0.4879807692307692
0 0.3389423076923077 0.49278846153846156 0.31490384615384615 0.49278846153846156 0.31490384615384615 0.5168269230769231 0.3389423076923077 0.5168269230769231
0 0.5024038461538463 0.5432692307692307 0.47596153846153844 0.5432692307692307 0.47596153846153855 0.5697115384615384 0.5024038461538463 0.5697115384615384
0 0.6850961538461539 0.5841346153846155 0.6634615384615384 0.5841346153846155 0.6634615384615384 0.6177884615384616 0.6850961538461539 0.6177884615384616
0 0.4399038461538462 0.5384615384615384 0.41586538461538464 0.5384615384615384 0.4158653846153847 0.5625 0.4399038461538463 0.5625
0 0.31971153846153844 0.5120192307692307 0.29326923076923084 0.5120192307692307 0.29326923076923084 0.5480769230769231 0.31971153846153844 0.5480769230769231
0 0.5048076923076924 0.5625 0.48557692307692324 0.5625 0.48557692307692324 0.5817307692307693 0.5048076923076924 0.5817307692307693
0 0.3629807692307693 0.5384615384615384 0.34134615384615385 0.5384615384615384 0.3413461538461539 0.5625 0.3629807692307694 0.5625
0 0.3389423076923077 0.5336538461538461 0.31971153846153844 0.5336538461538461 0.31971153846153844 0.5528846153846154 0.3389423076923077 0.5528846153846154
0 0.3966346153846155 0.5576923076923077 0.36778846153846156 0.5576923076923077 0.3677884615384616 0.5865384615384616 0.39663461538461553 0.5865384615384616
0 0.35576923076923084 0.5576923076923077 0.33413461538461536 0.5576923076923077 0.3341346153846155 0.5817307692307693 0.3557692307692309 0.5817307692307693
0 0.5576923076923078 0.6153846153846154 0.5336538461538463 0.6153846153846154 0.5336538461538463 0.6394230769230769 0.5576923076923078 0.6394230769230769
0 0.38942307692307704 0.5817307692307693 0.3629807692307694 0.5817307692307693 0.3629807692307694 0.6081730769230769 0.38942307692307704 0.6081730769230769
0 0.4182692307692309 0.6322115384615384 0.39663461538461553 0.6322115384615384 0.39663461538461553 0.65625 0.4182692307692309 0.65625
0 0.32932692307692324 0.6129807692307693 0.3076923076923078 0.6129807692307693 0.3076923076923078 0.6346153846153846 0.32932692307692324 0.6346153846153846
0 0.34855769230769246 0.6466346153846154 0.32692307692307704 0.6466346153846154 0.32692307692307704 0.6754807692307693 0.34855769230769246 0.6754807692307693
0 0.3028846153846155 0.65625 0.28125000000000006 0.65625 0.28125000000000006 0.6850961538461539 0.3028846153846155 0.6850961538461539