0 0.5817307692307693 0.4326923076923078 0.5649038461538461 0.4326923076923078 0.5649038461538461 0.45432692307692324 0.5817307692307693 0.45432692307692324
0 0.6370192307692307 0.5000000000000001 0.6177884615384616 0.5000000000000001 0.6177884615384616 0.5264423076923078 0.6370192307692307 0.5264423076923078
0 0.5 0.5336538461538461 0.4879807692307692 0.5336538461538461 0.4879807692307692 0.5456730769230769 0.5 0.5456730769230769
0 0.6322115384615384 0.5264423076923078 0.6129807692307693 0.5264423076923078 0.6129807692307693 0.560096153846154 0.6322115384615384 0.560096153846154
0 0.6538461538461539 0.5480769230769232 0.6394230769230769 0.5480769230769232 0.6394230769230769 0.560096153846154 0.6538461538461539 0.560096153846154
0 0.6033653846153848 0.560096153846154 0.5889423076923078 0.560096153846154 0.5889423076923078 0.5769230769230771 0.6033653846153848 0.5769230769230771
0 0.6923076923076923 0.5504807692307694 0.6778846153846154 0.5504807692307694 0.6778846153846154 0.5625000000000001 0.6923076923076923 0.5625000000000001
0 0.6586538461538461 0.5673076923076924 0.6466346153846154 0.5673076923076924 0.6466346153846154 0.5817307692307694 0.6586538461538461 0.5817307692307694
0 0.5673076923076924 0.5745192307692308 0.5480769230769232 0.5745192307692307 0.5480769230769232 0.6033653846153847 0.5673076923076924 0.6033653846153848
0 0.6105769230769232 0.5769230769230771 0.5937500000000001 0.5769230769230771 0.5937500000000001 0.605769230769231 0.6105769230769232 0.605769230769231
0 0.5240384615384617 0.6057692307692307 0.5096153846153848 0.6057692307692307 0.5096153846153848 0.6298076923076923 0.5240384615384617 0.6298076923076923
0 0.6538461538461539 0.5889423076923078 0.6394230769230769 0.5889423076923078 0.6394230769230769 0.6177884615384616 0.6538461538461539 0.6177884615384616
0 0.7091346153846154 0.5865384615384617 0.6947115384615384 0.5865384615384617 0.6947115384615384 0.6033653846153848 0.7091346153846154 0.6033653846153848
0 0.512019230769231 0.6201923076923077 0.5000000000000001 0.6201923076923077 0.5000000000000001 0.6394230769230769 0.512019230769231 0.6394230769230769
0 0.6923076923076923 0.605769230769231 0.6730769230769231 0.605769230769231 0.6730769230769231 0.6274038461538461 0.6923076923076923 0.6274038461538461
0 0.6274038461538461 0.6153846153846154 0.6105769230769232 0.6153846153846154 0.6105769230769232 0.6370192307692307 0.6274038461538461 0.6370192307692307
0 0.6274038461538461 0.6274038461538461 0.6153846153846154 0.6274038461538461 0.6153846153846154 0.6418269230769231 0.6274038461538461 0.6418269230769231
0 0.6802884615384616 0.6370192307692307 0.6634615384615384 0.6370192307692307 0.6634615384615384 0.6610576923076923 0.6802884615384616 0.6610576923076923
0 0.5937500000000001 0.6514423076923077 0.5793269230769232 0.6514423076923077 0.5793269230769232 0.6778846153846154 0.5937500000000001 0.6778846153846154
0 0.6105769230769232 0.6610576923076923 0.5985576923076924 0.6610576923076923 0.5985576923076924 0.6802884615384616 0.6105769230769232 0.6802884615384616
0 0.6538461538461539 0.6538461538461539 0.6370192307692307 0.6538461538461539 0.6370192307692307 0.6826923076923077 0.6538461538461539 0.6826923076923077
0 0.6778846153846154 0.6586538461538461 0.6658653846153846 0.6586538461538461 0.6658653846153846 0.6730769230769231 0.6778846153846154 0.6730769230769231
0 0.560096153846154 0.6754807692307693 0.5480769230769232 0.6754807692307693 0.5480769230769232 0.6971153846153846 0.560096153846154 0.6971153846153846
0 0.6346153846153846 0.6658653846153846 0.6177884615384616 0.6658653846153846 0.6177884615384616 0.6947115384615384 0.6346153846153846 0.6947115384615384
0 0.5480769230769232 0.6826923076923077 0.5312500000000001 0.6826923076923077 0.5312500000000001 0.7043269230769231 0.5480769230769232 0.7043269230769231
0 0.6009615384615385 0.6778846153846154 0.5841346153846155 0.6778846153846154 0.5841346153846155 0.6995192307692307 0.6009615384615385 0.6995192307692307
0 0.528846153846154 0.6995192307692307 0.5168269230769232 0.6995192307692307 0.5168269230769232 0.7139423076923077 0.528846153846154 0.7139423076923077
0 0.6586538461538461 0.6778846153846154 0.6418269230769231 0.6778846153846154 0.6418269230769231 0.7043269230769231 0.6586538461538461 0.7043269230769231
0 0.6442307692307693 0.6802884615384616 0.6322115384615384 0.6802884615384616 0.6322115384615384 0.7043269230769231 0.6442307692307693 0.7043269230769231
0 0.6802884615384616 0.6899038461538461 0.6682692307692307 0.6899038461538461 0.6682692307692307 0.7115384615384616 0.6802884615384616 0.7115384615384616
0 0.6201923076923077 0.7091346153846154 0.6033653846153848 0.7091346153846154 0.6033653846153848 0.7283653846153846 0.6201923076923077 0.7283653846153846
0 0.5721153846153848 0.71875 0.5576923076923078 0.71875 0.5576923076923078 0.7403846153846154 0.5721153846153848 0.7403846153846154
0 0.6394230769230769 0.7211538461538461 0.6274038461538461 0.7211538461538461 0.6274038461538461 0.7355769230769231 0.6394230769230769 0.7355769230769231
0 0.6225961538461539 0.7259615384615384 0.6105769230769232 0.7259615384615384 0.6105769230769232 0.7403846153846154 0.6225961538461539 0.7403846153846154
0 0.6274038461538461 0.7475961538461539 0.6105769230769232 0.7475961538461539 0.6105769230769232 0.7692307692307693 0.6274038461538461 0.7692307692307693
0 0.1658653846153847 0.53125 0.13221153846153852 0.53125 0.13221153846153852 0.5769230769230769 0.1658653846153847 0.5769230769230769