0 0.8149038461538461 0.043269230769230865 0.7283653846153846 0.04326923076923085 0.7283653846153846 0.1298076923076924 0.8149038461538461 0.1298076923076924
0 0.07451923076923078 0.1466346153846154 0.036057692307692325 0.1466346153846154 0.03605769230769233 0.19230769230769232 0.07451923076923078 0.19230769230769232
0 0.2091346153846154 0.1322115384615385 0.15144230769230768 0.1322115384615385 0.1514423076923077 0.2091346153846154 0.2091346153846154 0.2091346153846154
0 0.08894230769230772 0.17548076923076922 0.04086538461538463 0.17548076923076922 0.040865384615384644 0.2283653846153846 0.08894230769230772 0.2283653846153846
0 0.3004807692307692 0.17067307692307696 0.25 0.17067307692307693 0.25 0.22836538461538464 0.3004807692307692 0.2283653846153847
0 0.14663461538461542 0.19230769230769232 0.09855769230769235 0.19230769230769232 0.09855769230769235 0.25240384615384615 0.14663461538461542 0.25240384615384615
0 0.35096153846153844 4.003652997212501e-17 0.30288461538461536 3.7092667474174644e-17 0.30288461538461536 0.05528846153846158 0.35096153846153844 0.05528846153846159
0 0.4423076923076923 0.21394230769230776 0.4014423076923077 0.21394230769230776 0.4014423076923077 0.2548076923076924 0.4423076923076923 0.2548076923076924
0 0.6177884615384616 0.2860576923076924 0.5432692307692307 0.2860576923076924 0.5432692307692307 0.3725961538461539 0.6177884615384616 0.37259615384615397
0 0.5360576923076923 0.31971153846153844 0.49278846153846156 0.31971153846153844 0.49278846153846156 0.36778846153846156 0.5360576923076923 0.36778846153846156
0 0.3125 0.34615384615384615 0.24278846153846162 0.34615384615384615 0.24278846153846162 0.4254807692307692 0.3125 0.4254807692307692
0 0.16826923076923084 0.36778846153846156 0.08653846153846158 0.36778846153846156 0.08653846153846159 0.44711538461538464 0.16826923076923084 0.44711538461538464
0 0.38461538461538464 0.39663461538461536 0.31971153846153844 0.39663461538461536 0.31971153846153844 0.47115384615384615 0.38461538461538464 0.47115384615384615
0 0.21394230769230776 0.4375 0.1538461538461539 0.4375 0.1538461538461539 0.5144230769230769 0.21394230769230776 0.5144230769230769
0 0.21153846153846162 0.46875 0.15865384615384623 0.46875 0.15865384615384623 0.5240384615384616 0.21153846153846162 0.5240384615384616
0 0.4230769230769231 0.47596153846153844 0.37259615384615385 0.47596153846153844 0.37259615384615385 0.5408653846153846 0.4230769230769231 0.5408653846153846
0 0.4375 0.47836538461538464 0.38461538461538464 0.47836538461538464 0.38461538461538464 0.5432692307692307 0.4375 0.5432692307692307
0 0.7139423076923077 0.4687500000000001 0.6394230769230769 0.4687500000000001 0.6394230769230769 0.5480769230769232 0.7139423076923077 0.5480769230769232
0 0.2788461538461539 0.5168269230769231 0.23557692307692316 0.5168269230769231 0.23557692307692316 0.5673076923076923 0.2788461538461539 0.5673076923076923
0 0.31250000000000006 0.5120192307692307 0.26201923076923084 0.5120192307692307 0.26201923076923084 0.5745192307692307 0.3125000000000001 0.5745192307692307
0 0.41826923076923084 0.5240384615384616 0.36778846153846156 0.5240384615384616 0.3677884615384616 0.5889423076923077 0.4182692307692309 0.5889423076923077
0 0.451923076923077 0.5360576923076923 0.40865384615384615 0.5360576923076923 0.4086538461538462 0.5841346153846154 0.45192307692307704 0.5841346153846154
0 0.32451923076923084 0.5576923076923077 0.2788461538461539 0.5576923076923077 0.2788461538461539 0.6153846153846154 0.3245192307692309 0.6153846153846154
0 0.5937500000000001 0.5841346153846154 0.5504807692307694 0.5841346153846154 0.5504807692307694 0.6394230769230769 0.5937500000000001 0.6394230769230769
0 0.40384615384615397 0.5985576923076923 0.35336538461538475 0.5985576923076923 0.35336538461538475 0.6634615384615384 0.40384615384615397 0.6634615384615384
0 0.4134615384615386 0.6081730769230769 0.35336538461538475 0.6081730769230769 0.35336538461538475 0.6850961538461539 0.4134615384615386 0.6850961538461539
0 0.65625 0.6201923076923077 0.6033653846153848 0.6201923076923077 0.6033653846153848 0.6802884615384616 0.65625 0.6802884615384616
0 0.528846153846154 0.6610576923076923 0.45432692307692324 0.6610576923076923 0.45432692307692324 0.7379807692307693 0.528846153846154 0.7379807692307693
0 0.8341346153846154 0.6514423076923077 0.7644230769230769 0.6514423076923077 0.7644230769230769 0.7355769230769231 0.8341346153846154 0.7355769230769231
0 0.4302884615384617 0.6826923076923077 0.3750000000000001 0.6826923076923077 0.3750000000000001 0.7524038461538461 0.4302884615384617 0.7524038461538461
0 0.6826923076923077 0.7163461538461539 0.6346153846153846 0.7163461538461539 0.6346153846153846 0.7836538461538461 0.6826923076923077 0.7836538461538461
0 0.5216346153846155 0.7235576923076923 0.4495192307692309 0.7235576923076923 0.4495192307692309 0.8076923076923077 0.5216346153846155 0.8076923076923077
0 0.574519230769231 0.7283653846153846 0.5024038461538463 0.7283653846153846 0.5024038461538463 0.8052884615384616 0.574519230769231 0.8052884615384616
0 0.75 0.7836538461538461 0.6802884615384616 0.7836538461538461 0.6802884615384616 0.8629807692307693 0.75 0.8629807692307693
0 0.96875 0.7956730769230769 0.9399038461538461 0.7956730769230769 0.9399038461538461 0.8389423076923077 0.96875 0.8389423076923077
0 0.625 0.8028846153846154 0.5769230769230771 0.8028846153846154 0.5769230769230771 0.8677884615384616 0.625 0.8677884615384616
0 0.7019230769230769 0.7980769230769231 0.6322115384615384 0.7980769230769231 0.6322115384615384 0.8774038461538461 0.7019230769230769 0.8774038461538461
0 0.5096153846153848 0.8461538461538461 0.45432692307692324 0.8461538461538461 0.45432692307692324 0.9134615384615384 0.5096153846153848 0.9134615384615384
0 0.7932692307692307 0.8629807692307693 0.7403846153846154 0.8629807692307693 0.7403846153846154 0.9278846153846154 0.7932692307692307 0.9278846153846154