0 0.49759615384615385 0.22115384615384623 0.46875 0.22115384615384623 0.46875 0.264423076923077 0.49759615384615385 0.264423076923077
0 0.5865384615384616 0.2379807692307693 0.5625 0.2379807692307693 0.5625 0.28125000000000006 0.5865384615384616 0.28125000000000006
0 0.46875 0.26201923076923084 0.44471153846153844 0.26201923076923084 0.44471153846153844 0.29807692307692313 0.46875 0.29807692307692313
0 0.3918269230769231 0.2692307692307693 0.37259615384615385 0.2692307692307693 0.37259615384615385 0.3004807692307693 0.3918269230769231 0.3004807692307693
0 0.5528846153846154 0.28846153846153855 0.53125 0.28846153846153855 0.53125 0.3245192307692308 0.5528846153846154 0.3245192307692308
0 0.6322115384615384 0.3365384615384617 0.6081730769230769 0.3365384615384617 0.6081730769230769 0.3677884615384617 0.6322115384615384 0.3677884615384617
0 0.4951923076923077 0.31971153846153844 0.46875 0.31971153846153844 0.46875 0.3605769230769231 0.4951923076923077 0.3605769230769231
0 0.5384615384615384 0.3389423076923077 0.5096153846153846 0.3389423076923077 0.5096153846153846 0.3798076923076923 0.5384615384615384 0.3798076923076923
0 0.5913461538461539 0.35817307692307704 0.5649038461538461 0.35817307692307704 0.5649038461538461 0.38942307692307704 0.5913461538461539 0.38942307692307704
0 0.5697115384615384 0.36057692307692313 0.5480769230769231 0.3605769230769231 0.5480769230769231 0.389423076923077 0.5697115384615384 0.38942307692307704
0 0.295673076923077 0.32211538461538464 0.26682692307692313 0.32211538461538464 0.26682692307692313 0.36538461538461536 0.295673076923077 0.36538461538461536
0 0.23557692307692316 0.3389423076923077 0.21394230769230776 0.3389423076923077 0.21394230769230776 0.3701923076923077 0.23557692307692316 0.3701923076923077
0 0.40384615384615385 0.36538461538461536 0.3798076923076923 0.36538461538461536 0.3798076923076923 0.40865384615384615 0.40384615384615385 0.40865384615384615
0 0.49278846153846156 0.38461538461538464 0.46875 0.38461538461538464 0.46875 0.4206730769230769 0.49278846153846156 0.4206730769230769
0 0.7740384615384616 0.4447115384615386 0.7524038461538461 0.4447115384615386 0.7524038461538461 0.4759615384615386 0.7740384615384616 0.4759615384615386
0 0.34375 0.39903846153846156 0.32211538461538464 0.39903846153846156 0.32211538461538464 0.4254807692307692 0.34375 0.4254807692307692
0 0.5192307692307693 0.43028846153846156 0.4831730769230769 0.43028846153846156 0.4831730769230769 0.46634615384615385 0.5192307692307693 0.46634615384615385
0 0.6081730769230769 0.44711538461538475 0.5913461538461539 0.44711538461538475 0.5913461538461539 0.47355769230769246 0.6081730769230769 0.47355769230769246
0 0.28846153846153855 0.40625 0.25721153846153855 0.40625 0.25721153846153855 0.4495192307692308 0.28846153846153855 0.4495192307692308
0 0.2716346153846155 0.4110576923076923 0.24519230769230776 0.4110576923076923 0.24519230769230776 0.44471153846153844 0.2716346153846155 0.44471153846153844
0 0.4831730769230769 0.4519230769230769 0.4567307692307692 0.4519230769230769 0.4567307692307692 0.4831730769230769 0.4831730769230769 0.4831730769230769
0 0.4014423076923077 0.4495192307692308 0.38461538461538464 0.4495192307692308 0.38461538461538464 0.4807692307692308 0.4014423076923077 0.4807692307692308
0 0.4182692307692308 0.4639423076923077 0.39663461538461536 0.4639423076923077 0.39663461538461536 0.49278846153846156 0.4182692307692308 0.49278846153846156
0 0.22596153846153852 0.46875 0.2067307692307693 0.46875 0.2067307692307693 0.49038461538461536 0.22596153846153852 0.49038461538461536
0 0.5480769230769231 0.5120192307692307 0.5288461538461539 0.5120192307692307 0.5288461538461539 0.5408653846153846 0.5480769230769231 0.5408653846153846
0 0.7475961538461539 0.543269230769231 0.7331730769230769 0.543269230769231 0.7331730769230769 0.5649038461538463 0.7475961538461539 0.5649038461538463
0 0.6971153846153846 0.5360576923076924 0.6706730769230769 0.5360576923076924 0.6706730769230769 0.5721153846153848 0.6971153846153846 0.5721153846153848
0 0.6009615384615385 0.528846153846154 0.5769230769230769 0.528846153846154 0.576923076923077 0.5649038461538463 0.6009615384615385 0.5649038461538463
0 0.3894230769230769 0.5072115384615384 0.36538461538461536 0.5072115384615384 0.36538461538461536 0.5408653846153846 0.3894230769230769 0.5408653846153846
0 0.2788461538461539 0.49278846153846156 0.2524038461538462 0.49278846153846156 0.2524038461538462 0.5336538461538461 0.2788461538461539 0.5336538461538461
0 0.19951923076923084 0.5072115384615384 0.17788461538461545 0.5072115384615384 0.17788461538461545 0.5360576923076923 0.19951923076923084 0.5360576923076923
0 0.19471153846153852 0.5264423076923077 0.17067307692307698 0.5264423076923077 0.17067307692307698 0.5528846153846154 0.19471153846153852 0.5528846153846154
0 0.4951923076923078 0.5625 0.4711538461538463 0.5625 0.4711538461538463 0.59375 0.4951923076923078 0.59375
0 0.2740384615384616 0.5432692307692307 0.2548076923076924 0.5432692307692307 0.2548076923076924 0.5697115384615384 0.2740384615384616 0.5697115384615384
0 0.3100961538461539 0.5432692307692307 0.2788461538461539 0.5432692307692307 0.2788461538461539 0.5769230769230769 0.31009615384615397 0.5769230769230769
0 0.47836538461538475 0.5673076923076923 0.4567307692307694 0.5673076923076923 0.4567307692307694 0.6033653846153846 0.47836538461538475 0.6033653846153846
0 0.3822115384615386 0.5625 0.35817307692307704 0.5625 0.35817307692307704 0.6033653846153846 0.3822115384615386 0.6033653846153846
0 0.4495192307692309 0.6057692307692307 0.4182692307692309 0.6057692307692307 0.4182692307692309 0.65625 0.4495192307692309 0.65625
0 0.26682692307692313 0.6418269230769231 0.24278846153846162 0.6418269230769231 0.24278846153846162 0.6682692307692307 0.26682692307692313 0.6682692307692307
0 0.22355769230769237 0.6658653846153846 0.20432692307692316 0.6658653846153846 0.20432692307692316 0.6923076923076923 0.22355769230769237 0.6923076923076923
0 0.1346153846153847 0.6802884615384616 0.11057692307692314 0.6802884615384616 0.11057692307692316 0.7115384615384616 0.13461538461538472 0.7115384615384616
0 0.22596153846153852 0.7259615384615384 0.19951923076923084 0.7259615384615384 0.19951923076923084 0.7668269230769231 0.22596153846153852 0.7668269230769231
0 0.5985576923076924 0.8605769230769231 0.5817307692307694 0.8605769230769231 0.5817307692307694 0.8918269230769231 0.5985576923076924 0.8918269230769231