0 0.5144230769230771 0.9110576923076923 0.4567307692307694 0.9110576923076923 0.4567307692307694 0.9855769230769231 0.5144230769230771 0.9855769230769231
0 0.6298076923076923 0.9807692307692307 0.5841346153846155 0.9807692307692307 0.5841346153846155 1 0.6298076923076923 1
0 0.7980769230769231 0.3004807692307693 0.7283653846153846 0.3004807692307693 0.7283653846153846 0.4062500000000001 0.7980769230769231 0.4062500000000001
0 0.6370192307692307 0.3197115384615386 0.5817307692307693 0.3197115384615386 0.5817307692307693 0.4014423076923078 0.6370192307692307 0.4014423076923078
0 0.9182692307692307 0.41105769230769246 0.8798076923076923 0.41105769230769246 0.8798076923076923 0.47836538461538475 0.9182692307692307 0.47836538461538475
0 0.5697115384615384 0.32451923076923084 0.5192307692307693 0.3245192307692308 0.5192307692307693 0.3990384615384616 0.5697115384615384 0.3990384615384617
0 0.3125 0.295673076923077 0.25721153846153855 0.2956730769230769 0.25721153846153855 0.3701923076923077 0.3125 0.3701923076923077
0 0.9423076923076923 0.4447115384615386 0.8942307692307693 0.4447115384615386 0.8942307692307693 0.5144230769230771 0.9423076923076923 0.5144230769230771
0 0.5192307692307693 0.3798076923076923 0.47115384615384615 0.3798076923076923 0.47115384615384615 0.4375 0.5192307692307693 0.4375
0 0.9038461538461539 0.4567307692307694 0.84375 0.4567307692307694 0.84375 0.5480769230769232 0.9038461538461539 0.5480769230769232
0 0.8052884615384616 0.44711538461538475 0.75 0.44711538461538475 0.75 0.5240384615384617 0.8052884615384616 0.5240384615384617
0 0.7259615384615384 0.4447115384615386 0.6754807692307693 0.4447115384615386 0.6754807692307693 0.5024038461538463 0.7259615384615384 0.5024038461538463
0 0.3557692307692308 0.3894230769230769 0.2908653846153847 0.3894230769230769 0.2908653846153847 0.4807692307692308 0.3557692307692308 0.4807692307692308
0 0.8774038461538461 0.5144230769230771 0.8221153846153846 0.5144230769230771 0.8221153846153846 0.5985576923076924 0.8774038461538461 0.5985576923076924
0 0.7836538461538461 0.5096153846153848 0.7355769230769231 0.5096153846153848 0.7355769230769231 0.5817307692307694 0.7836538461538461 0.5817307692307694
0 0.5649038461538461 0.48076923076923084 0.5168269230769231 0.4807692307692308 0.5168269230769231 0.5384615384615385 0.5649038461538461 0.5384615384615385
0 0.6947115384615384 0.5336538461538463 0.6610576923076923 0.5336538461538463 0.6610576923076923 0.591346153846154 0.6947115384615384 0.591346153846154
0 0.19471153846153852 0.3894230769230769 0.11538461538461542 0.3894230769230769 0.11538461538461543 0.49759615384615385 0.19471153846153852 0.49759615384615385
0 0.06730769230769236 0.38461538461538464 0.01923076923076928 0.38461538461538464 0.019230769230769287 0.45913461538461536 0.06730769230769236 0.45913461538461536
0 0.71875 0.5360576923076924 0.6730769230769231 0.5360576923076924 0.6730769230769231 0.6177884615384616 0.71875 0.6177884615384616
0 0.5841346153846154 0.5168269230769231 0.5336538461538461 0.5168269230769231 0.5336538461538463 0.5865384615384616 0.5841346153846155 0.5865384615384617
0 0.6177884615384616 0.5576923076923078 0.5600961538461539 0.5576923076923078 0.560096153846154 0.65625 0.6177884615384616 0.65625
0 0.6201923076923077 0.6466346153846154 0.5841346153846155 0.6466346153846154 0.5841346153846155 0.7091346153846154 0.6201923076923077 0.7091346153846154
0 0.06250000000000008 0.5456730769230769 0.007211538461538528 0.5456730769230769 0.007211538461538533 0.6298076923076923 0.06250000000000008 0.6298076923076923
0 0.3701923076923078 0.6153846153846154 0.31009615384615397 0.6153846153846154 0.31009615384615397 0.6995192307692307 0.3701923076923078 0.6995192307692307
0 0.23317307692307698 0.5913461538461539 0.16346153846153852 0.5913461538461539 0.16346153846153852 0.6923076923076923 0.23317307692307698 0.6923076923076923
0 0.5625000000000001 0.6899038461538461 0.5168269230769232 0.6899038461538461 0.5168269230769232 0.7572115384615384 0.5625000000000001 0.7572115384615384
0 0.4014423076923078 0.6682692307692307 0.3557692307692309 0.6682692307692307 0.3557692307692309 0.7331730769230769 0.4014423076923078 0.7331730769230769
0 0.9375 0.8052884615384616 0.875 0.8052884615384616 0.875 0.8990384615384616 0.9375 0.8990384615384616
0 0.8125 0.8509615384615384 0.7572115384615384 0.8509615384615384 0.7572115384615384 0.9230769230769231 0.8125 0.9230769230769231
0 0.8677884615384616 0.875 0.8149038461538461 0.875 0.8149038461538461 0.9447115384615384 0.8677884615384616 0.9447115384615384
0 0.9182692307692307 0.9110576923076923 0.8846153846153846 0.9110576923076923 0.8846153846153846 0.9519230769230769 0.9182692307692307 0.9519230769230769
0 0.3677884615384617 0.7836538461538461 0.3149038461538463 0.7836538461538461 0.3149038461538463 0.8581730769230769 0.3677884615384617 0.8581730769230769
0 0.8221153846153846 0.9543269230769231 0.7716346153846154 0.9543269230769231 0.7716346153846154 1 0.8221153846153846 1