0 0.7307692307692307 0.6754807692307693 0.6586538461538461 0.6754807692307693 0.6586538461538461 0.7211538461538461 0.7307692307692307 0.7211538461538461
0 0.6995192307692307 0.6394230769230769 0.6225961538461539 0.6394230769230769 0.6225961538461539 0.6899038461538461 0.6995192307692307 0.6899038461538461
0 0.6442307692307693 0.7860576923076923 0.605769230769231 0.7860576923076923 0.605769230769231 0.8197115384615384 0.6442307692307693 0.8197115384615384
0 0.6634615384615384 0.7331730769230769 0.5937500000000001 0.7331730769230769 0.5937500000000001 0.7740384615384616 0.6634615384615384 0.7740384615384616
0 0.7235576923076923 0.2163461538461539 0.6466346153846154 0.2163461538461539 0.6466346153846154 0.26682692307692313 0.7235576923076923 0.26682692307692313
0 0.6442307692307693 0.7043269230769231 0.5673076923076924 0.7043269230769231 0.5673076923076924 0.7451923076923077 0.6442307692307693 0.7451923076923077
0 0.5961538461538463 0.8293269230769231 0.5264423076923078 0.8293269230769231 0.5264423076923078 0.8725961538461539 0.5961538461538463 0.8725961538461539
0 0.574519230769231 0.8028846153846154 0.5048076923076924 0.8028846153846154 0.5048076923076924 0.8413461538461539 0.574519230769231 0.8413461538461539
0 0.6274038461538461 0.37980769230769246 0.5600961538461539 0.37980769230769246 0.5600961538461539 0.42788461538461553 0.6274038461538461 0.42788461538461553
0 0.5480769230769232 0.7355769230769231 0.4759615384615386 0.7355769230769231 0.4759615384615386 0.7836538461538461 0.5480769230769232 0.7836538461538461
0 0.5745192307692307 0.4615384615384616 0.5024038461538461 0.46153846153846156 0.5024038461538461 0.5096153846153847 0.5745192307692307 0.5096153846153848
0 0.5480769230769231 0.5528846153846154 0.4879807692307692 0.5528846153846154 0.4879807692307693 0.5961538461538461 0.5480769230769232 0.5961538461538461
0 0.5240384615384617 0.6274038461538461 0.45913461538461553 0.6274038461538461 0.45913461538461553 0.6706730769230769 0.5240384615384617 0.6706730769230769
0 0.49759615384615397 0.6682692307692307 0.4326923076923078 0.6682692307692307 0.4326923076923078 0.7067307692307693 0.49759615384615397 0.7067307692307693
0 0.49759615384615397 0.6009615384615384 0.42788461538461553 0.6009615384615384 0.42788461538461553 0.6442307692307693 0.49759615384615397 0.6442307692307693
0 0.5192307692307693 0.40865384615384615 0.4495192307692308 0.40865384615384615 0.4495192307692308 0.44471153846153844 0.5192307692307693 0.44471153846153844
0 0.4687500000000001 0.7307692307692307 0.3942307692307694 0.7307692307692307 0.3942307692307694 0.7740384615384616 0.4687500000000001 0.7740384615384616
0 0.5048076923076923 0.44711538461538464 0.4326923076923077 0.44711538461538464 0.4326923076923077 0.49038461538461536 0.5048076923076923 0.49038461538461536
0 0.4807692307692308 0.42788461538461536 0.42788461538461536 0.42788461538461536 0.42788461538461536 0.4639423076923077 0.4807692307692308 0.4639423076923077
0 0.45432692307692324 0.6129807692307693 0.39182692307692324 0.6129807692307693 0.39182692307692324 0.6538461538461539 0.45432692307692324 0.6538461538461539
0 0.4375 0.3918269230769231 0.38461538461538464 0.3918269230769231 0.38461538461538464 0.43028846153846156 0.4375 0.43028846153846156
0 0.3870192307692309 0.7427884615384616 0.31009615384615397 0.7427884615384616 0.31009615384615397 0.7908653846153846 0.3870192307692309 0.7908653846153846
0 0.39903846153846156 0.5096153846153846 0.31971153846153844 0.5096153846153846 0.31971153846153844 0.5576923076923077 0.39903846153846156 0.5576923076923077
0 0.39663461538461536 0.4519230769230769 0.3389423076923077 0.4519230769230769 0.3389423076923077 0.49038461538461536 0.39663461538461536 0.49038461538461536
0 0.34134615384615397 0.6754807692307693 0.29807692307692313 0.6754807692307693 0.29807692307692313 0.7139423076923077 0.34134615384615397 0.7139423076923077
0 0.4230769230769231 0.2596153846153847 0.3629807692307692 0.2596153846153847 0.3629807692307692 0.29326923076923084 0.4230769230769231 0.29326923076923084
0 0.3629807692307693 0.5456730769230769 0.29326923076923084 0.5456730769230769 0.29326923076923084 0.5889423076923077 0.3629807692307694 0.5889423076923077
0 0.34855769230769246 0.5985576923076923 0.2788461538461539 0.5985576923076923 0.2788461538461539 0.6442307692307693 0.34855769230769246 0.6442307692307693
0 0.34134615384615397 0.6346153846153846 0.2596153846153847 0.6346153846153846 0.2596153846153847 0.6802884615384616 0.34134615384615397 0.6802884615384616
0 0.3052884615384616 0.65625 0.2524038461538462 0.65625 0.2524038461538462 0.6875 0.3052884615384616 0.6875
0 0.31250000000000006 0.5504807692307693 0.24278846153846162 0.5504807692307693 0.24278846153846162 0.5961538461538461 0.3125000000000001 0.5961538461538461
0 0.2908653846153847 0.625 0.2379807692307693 0.625 0.2379807692307693 0.6514423076923077 0.2908653846153847 0.6514423076923077
0 0.29807692307692313 0.5600961538461539 0.23076923076923084 0.5600961538461539 0.23076923076923084 0.6033653846153846 0.29807692307692313 0.6033653846153846
0 0.2379807692307693 0.6610576923076923 0.1850961538461539 0.6610576923076923 0.1850961538461539 0.6947115384615384 0.2379807692307693 0.6947115384615384
0 0.26201923076923084 0.4206730769230769 0.2067307692307693 0.4206730769230769 0.2067307692307693 0.46153846153846156 0.26201923076923084 0.46153846153846156
0 0.19951923076923084 0.6346153846153846 0.13221153846153852 0.6346153846153846 0.13221153846153852 0.6754807692307693 0.19951923076923084 0.6754807692307693
0 0.20192307692307698 0.5697115384615384 0.1442307692307693 0.5697115384615384 0.1442307692307693 0.6105769230769231 0.20192307692307698 0.6105769230769231
0 0.16105769230769237 0.5408653846153846 0.09375000000000007 0.5408653846153846 0.09375000000000007 0.5817307692307693 0.16105769230769237 0.5817307692307693
0 0.16826923076923084 0.46153846153846156 0.09615384615384623 0.46153846153846156 0.09615384615384623 0.5072115384615384 0.16826923076923084 0.5072115384615384
0 0.17067307692307696 0.27163461538461536 0.1370192307692308 0.27163461538461536 0.1370192307692308 0.30288461538461536 0.17067307692307698 0.30288461538461536
0 0.15625000000000003 0.2692307692307692 0.12259615384615388 0.2692307692307692 0.12259615384615388 0.2980769230769231 0.15625000000000006 0.2980769230769231