0 0.9519230769230769 0.10096153846153856 0.8629807692307693 0.10096153846153856 0.8629807692307693 0.15865384615384628 0.9519230769230769 0.15865384615384628
0 0.9735576923076923 0.22355769230769246 0.8990384615384616 0.22355769230769246 0.8990384615384616 0.2932692307692309 0.9735576923076923 0.2932692307692309
0 1 0.6682692307692307 0.9471153846153846 0.6682692307692307 0.9471153846153846 0.7331730769230769 1 0.7331730769230769
0 0.1466346153846154 0.09134615384615387 0.0024038461538461644 0.09134615384615384 0.0024038461538461687 0.16105769230769232 0.14663461538461542 0.16105769230769232
0 0.2596153846153847 0.43990384615384615 0.12980769230769237 0.43990384615384615 0.12980769230769237 0.5144230769230769 0.2596153846153847 0.5144230769230769
0 0.3942307692307692 0.31971153846153844 0.2548076923076924 0.31971153846153844 0.2548076923076924 0.38221153846153844 0.3942307692307692 0.38221153846153844
0 0.4495192307692308 0.3701923076923077 0.3028846153846155 0.3701923076923077 0.3028846153846155 0.44711538461538464 0.4495192307692308 0.44711538461538464
0 0.512019230769231 0.8052884615384616 0.41105769230769246 0.8052884615384616 0.41105769230769246 0.8557692307692307 0.512019230769231 0.8557692307692307
0 0.5144230769230771 0.5889423076923077 0.44230769230769246 0.5889423076923077 0.44230769230769246 0.6418269230769231 0.5144230769230771 0.6418269230769231
0 0.53125 0.4182692307692308 0.43990384615384615 0.4182692307692308 0.43990384615384615 0.47836538461538464 0.53125 0.47836538461538464
0 0.5336538461538461 0.11057692307692313 0.36538461538461536 0.11057692307692311 0.36538461538461536 0.18990384615384623 0.5336538461538461 0.18990384615384623
0 0.5552884615384617 0.5961538461538461 0.4615384615384617 0.5961538461538461 0.4615384615384617 0.6586538461538461 0.5552884615384617 0.6586538461538461
0 0.11778846153846165 0.6995192307692307 0.02644230769230778 0.6995192307692307 0.026442307692307782 0.7596153846153846 0.11778846153846165 0.7596153846153846
0 0.5961538461538461 0.31250000000000006 0.4423076923076923 0.3125 0.4423076923076923 0.3846153846153847 0.5961538461538461 0.38461538461538475
0 0.5600961538461539 0.07451923076923082 0.4423076923076923 0.07451923076923082 0.4423076923076923 0.14182692307692316 0.5600961538461539 0.14182692307692316
0 0.6346153846153846 0.420673076923077 0.4855769230769231 0.4206730769230769 0.4855769230769231 0.4975961538461539 0.6346153846153846 0.49759615384615397
0 0.65625 0.5192307692307693 0.5552884615384616 0.5192307692307693 0.5552884615384616 0.5793269230769231 0.65625 0.5793269230769232
0 0.10576923076923084 0.5096153846153846 6.240988495654781e-17 0.5096153846153846 6.62369062038833e-17 0.5721153846153846 0.10576923076923084 0.5721153846153846
0 0.7403846153846154 0.4927884615384617 0.6418269230769231 0.4927884615384617 0.6418269230769231 0.5625000000000001 0.7403846153846154 0.5625000000000001
0 0.12019230769230772 0.2956730769230769 3.620950872478953e-17 0.2956730769230769 4.033091622192005e-17 0.3629807692307692 0.12019230769230772 0.3629807692307692
0 0.8605769230769231 0.7259615384615384 0.7091346153846154 0.7259615384615384 0.7091346153846154 0.8100961538461539 0.8605769230769231 0.8100961538461539
0 0.07692307692307693 0.05528846153846155 6.770883745285847e-18 0.055288461538461536 9.714746243236215e-18 0.10336538461538461 0.07692307692307693 0.10336538461538461
0 0.8413461538461539 0.21153846153846165 0.7379807692307693 0.21153846153846162 0.7379807692307693 0.2740384615384616 0.8413461538461539 0.2740384615384617
0 0.9591346153846154 0.6802884615384616 0.8461538461538461 0.6802884615384616 0.8461538461538461 0.7475961538461539 0.9591346153846154 0.7475961538461539