0 0.5817307692307694 0.9086538461538461 0.5408653846153848 0.9086538461538461 0.5408653846153848 0.9783653846153846 0.5817307692307694 0.9783653846153846
0 0.7091346153846154 0.9567307692307693 0.6754807692307693 0.9567307692307693 0.6754807692307693 1 0.7091346153846154 1
0 0.7572115384615384 0.26201923076923084 0.7091346153846154 0.26201923076923084 0.7091346153846154 0.3557692307692309 0.7572115384615384 0.3557692307692309
0 0.6033653846153846 0.3052884615384616 0.5600961538461539 0.3052884615384616 0.5600961538461539 0.3822115384615386 0.6033653846153846 0.3822115384615386
0 0.8942307692307693 0.3437500000000001 0.8701923076923077 0.3437500000000001 0.8701923076923077 0.4062500000000001 0.8942307692307693 0.4062500000000001
0 0.5408653846153846 0.3245192307692308 0.5 0.3245192307692308 0.5 0.3918269230769231 0.5408653846153846 0.3918269230769231
0 0.2788461538461539 0.33653846153846156 0.23557692307692316 0.33653846153846156 0.23557692307692316 0.40625 0.2788461538461539 0.40625
0 0.9254807692307693 0.37259615384615397 0.8894230769230769 0.37259615384615397 0.8894230769230769 0.4399038461538463 0.9254807692307693 0.4399038461538463
0 0.49759615384615385 0.38461538461538464 0.46153846153846156 0.38461538461538464 0.46153846153846156 0.43509615384615385 0.49759615384615385 0.43509615384615385
0 0.8894230769230769 0.39182692307692324 0.8461538461538461 0.39182692307692324 0.8461538461538461 0.47836538461538475 0.8894230769230769 0.47836538461538475
0 0.7884615384615384 0.4014423076923078 0.7524038461538461 0.4014423076923078 0.7524038461538461 0.47355769230769246 0.7884615384615384 0.47355769230769246
0 0.7139423076923077 0.4134615384615386 0.6730769230769231 0.4134615384615386 0.6730769230769231 0.4639423076923078 0.7139423076923077 0.4639423076923078
0 0.33653846153846156 0.4254807692307692 0.2908653846153847 0.4254807692307692 0.2908653846153847 0.5072115384615384 0.33653846153846156 0.5072115384615384
0 0.8725961538461539 0.45913461538461553 0.8365384615384616 0.45913461538461553 0.8365384615384616 0.5360576923076924 0.8725961538461539 0.5360576923076924
0 0.78125 0.4687500000000001 0.7427884615384616 0.4687500000000001 0.7427884615384616 0.5360576923076924 0.78125 0.5360576923076924
0 0.5576923076923077 0.4807692307692308 0.5240384615384616 0.4807692307692308 0.5240384615384616 0.5264423076923077 0.5576923076923077 0.5264423076923077
0 0.6971153846153846 0.5000000000000001 0.6730769230769231 0.5000000000000001 0.6730769230769231 0.5576923076923078 0.6971153846153846 0.5576923076923078
0 0.18028846153846162 0.4567307692307692 0.12259615384615391 0.4567307692307692 0.12259615384615391 0.5528846153846154 0.18028846153846162 0.5528846153846154
0 0.05288461538461545 0.46875 0.021634615384615443 0.46875 0.02163461538461545 0.5384615384615384 0.052884615384615453 0.5384615384615384
0 0.71875 0.5024038461538463 0.6899038461538461 0.5024038461538463 0.6899038461538461 0.5817307692307694 0.71875 0.5817307692307694
0 0.5865384615384616 0.5072115384615385 0.5480769230769231 0.5072115384615384 0.5480769230769231 0.5721153846153847 0.5865384615384617 0.5721153846153848
0 0.6225961538461539 0.543269230769231 0.5913461538461539 0.543269230769231 0.591346153846154 0.6322115384615384 0.6225961538461539 0.6322115384615384
0 0.6442307692307693 0.625 0.6177884615384616 0.625 0.6177884615384616 0.6850961538461539 0.6442307692307693 0.6850961538461539
0 0.07451923076923085 0.6274038461538461 0.03605769230769239 0.6274038461538461 0.03605769230769239 0.7067307692307693 0.07451923076923085 0.7067307692307693
0 0.3870192307692309 0.6442307692307693 0.34855769230769246 0.6442307692307693 0.34855769230769246 0.7211538461538461 0.3870192307692309 0.7211538461538461
0 0.25000000000000006 0.6466346153846154 0.2067307692307693 0.6466346153846154 0.2067307692307693 0.7355769230769231 0.25000000000000006 0.7355769230769231
0 0.5985576923076924 0.6826923076923077 0.5625000000000001 0.6826923076923077 0.5625000000000001 0.7475961538461539 0.5985576923076924 0.7475961538461539
0 0.4302884615384617 0.6899038461538461 0.39663461538461553 0.6899038461538461 0.39663461538461553 0.7475961538461539 0.4302884615384617 0.7475961538461539
0 0.9831730769230769 0.7307692307692307 0.9423076923076923 0.7307692307692307 0.9423076923076923 0.8173076923076923 0.9831730769230769 0.8173076923076923
0 0.8677884615384616 0.8004807692307693 0.8269230769230769 0.8004807692307693 0.8269230769230769 0.8629807692307693 0.8677884615384616 0.8629807692307693
0 0.9254807692307693 0.8100961538461539 0.8870192307692307 0.8100961538461539 0.8870192307692307 0.875 0.9254807692307693 0.875
0 0.9831730769230769 0.8365384615384616 0.9543269230769231 0.8365384615384616 0.9543269230769231 0.875 0.9831730769230769 0.875
0 0.4182692307692309 0.8100961538461539 0.37980769230769246 0.8100961538461539 0.37980769230769246 0.8774038461538461 0.4182692307692309 0.8774038461538461
0 0.8966346153846154 0.8990384615384616 0.8557692307692307 0.8990384615384616 0.8557692307692307 0.9639423076923077 0.8966346153846154 0.9639423076923077