0 0.6370192307692307 0.2836538461538462 0.6081730769230769 0.2836538461538462 0.6081730769230769 0.3125000000000001 0.6370192307692307 0.3125000000000001
0 0.5793269230769231 0.27644230769230776 0.5480769230769231 0.27644230769230776 0.5480769230769231 0.3149038461538462 0.5793269230769231 0.3149038461538463
0 0.7139423076923077 0.3461538461538463 0.6923076923076923 0.3461538461538463 0.6923076923076923 0.3750000000000001 0.7139423076923077 0.3750000000000001
0 0.5216346153846154 0.3125 0.49759615384615385 0.3125 0.49759615384615385 0.34134615384615385 0.5216346153846154 0.34134615384615385
0 0.6923076923076923 0.36538461538461553 0.6586538461538461 0.36538461538461553 0.6586538461538461 0.4014423076923078 0.6923076923076923 0.4014423076923078
0 0.5 0.34134615384615385 0.47596153846153844 0.34134615384615385 0.47596153846153844 0.36778846153846156 0.5 0.36778846153846156
0 0.44711538461538464 0.3269230769230769 0.4182692307692308 0.3269230769230769 0.4182692307692308 0.35336538461538464 0.44711538461538464 0.35336538461538464
0 0.6995192307692307 0.42067307692307704 0.6730769230769231 0.42067307692307704 0.6730769230769231 0.4495192307692309 0.6995192307692307 0.4495192307692309
0 0.59375 0.38461538461538475 0.5673076923076923 0.38461538461538475 0.5673076923076923 0.4182692307692309 0.59375 0.4182692307692309
0 0.5432692307692307 0.37740384615384615 0.5192307692307693 0.37740384615384615 0.5192307692307693 0.40625 0.5432692307692307 0.40625
0 0.6802884615384616 0.42788461538461553 0.65625 0.42788461538461553 0.65625 0.45432692307692324 0.6802884615384616 0.45432692307692324
0 0.6370192307692307 0.4302884615384617 0.6153846153846154 0.4302884615384617 0.6153846153846154 0.45913461538461553 0.6370192307692307 0.45913461538461553
0 0.7139423076923077 0.45913461538461553 0.6875 0.45913461538461553 0.6875 0.4879807692307694 0.7139423076923077 0.4879807692307694
0 0.43028846153846156 0.3701923076923077 0.41346153846153844 0.3701923076923077 0.41346153846153844 0.3870192307692308 0.43028846153846156 0.3870192307692308
0 0.43028846153846156 0.375 0.40625 0.375 0.40625 0.39903846153846156 0.43028846153846156 0.39903846153846156
0 0.4879807692307692 0.40865384615384615 0.47596153846153844 0.40865384615384615 0.47596153846153844 0.4254807692307692 0.4879807692307692 0.4254807692307692
0 0.5432692307692307 0.4375 0.5168269230769231 0.4375 0.5168269230769231 0.46875 0.5432692307692307 0.46875
0 0.6850961538461539 0.5000000000000001 0.6538461538461539 0.5000000000000001 0.6538461538461539 0.5336538461538463 0.6850961538461539 0.5336538461538463
0 0.6057692307692307 0.4807692307692309 0.5793269230769231 0.4807692307692309 0.5793269230769231 0.5072115384615385 0.6057692307692307 0.5072115384615385
0 0.3581730769230769 0.4014423076923077 0.3245192307692308 0.4014423076923077 0.3245192307692308 0.43509615384615385 0.3581730769230769 0.43509615384615385
0 0.5504807692307693 0.46875 0.5240384615384616 0.46875 0.5240384615384616 0.5024038461538461 0.5504807692307693 0.5024038461538461
0 0.39663461538461536 0.4230769230769231 0.37259615384615385 0.4230769230769231 0.37259615384615385 0.4495192307692308 0.39663461538461536 0.4495192307692308
0 0.4807692307692308 0.45913461538461536 0.45913461538461536 0.45913461538461536 0.45913461538461536 0.4807692307692308 0.4807692307692308 0.4807692307692308
0 0.6875 0.5312500000000001 0.65625 0.5312500000000001 0.65625 0.5697115384615385 0.6875 0.5697115384615385
0 0.5552884615384616 0.5120192307692307 0.53125 0.5120192307692307 0.53125 0.5384615384615384 0.5552884615384616 0.5384615384615384
0 0.6778846153846154 0.560096153846154 0.6538461538461539 0.560096153846154 0.6538461538461539 0.5889423076923078 0.6778846153846154 0.5889423076923078
0 0.65625 0.5841346153846155 0.6298076923076923 0.5841346153846155 0.6298076923076923 0.6081730769230771 0.65625 0.6081730769230771
0 0.49519230769230776 0.5408653846153846 0.46634615384615385 0.5408653846153846 0.4663461538461539 0.5673076923076923 0.4951923076923078 0.5673076923076923
0 0.3125 0.47596153846153844 0.2860576923076924 0.47596153846153844 0.2860576923076924 0.5144230769230769 0.3125 0.5144230769230769
0 0.5504807692307694 0.5673076923076923 0.5240384615384617 0.5673076923076923 0.5240384615384617 0.5961538461538461 0.5504807692307694 0.5961538461538461
0 0.6658653846153846 0.6105769230769232 0.6346153846153846 0.6105769230769232 0.6346153846153846 0.6490384615384616 0.6658653846153846 0.6490384615384616
0 0.47596153846153855 0.5528846153846154 0.4543269230769231 0.5528846153846154 0.45432692307692313 0.5745192307692307 0.4759615384615386 0.5745192307692307
0 0.6105769230769232 0.605769230769231 0.5865384615384617 0.605769230769231 0.5865384615384617 0.6346153846153846 0.6105769230769232 0.6346153846153846
0 0.6322115384615384 0.6177884615384616 0.6105769230769232 0.6177884615384616 0.6105769230769232 0.6394230769230769 0.6322115384615384 0.6394230769230769
0 0.5793269230769232 0.608173076923077 0.5456730769230771 0.6081730769230769 0.5456730769230771 0.6418269230769231 0.5793269230769232 0.6418269230769231
0 0.605769230769231 0.6274038461538461 0.5817307692307694 0.6274038461538461 0.5817307692307694 0.6514423076923077 0.605769230769231 0.6514423076923077
0 0.4086538461538463 0.5721153846153846 0.3822115384615386 0.5721153846153846 0.3822115384615386 0.5985576923076923 0.4086538461538463 0.5985576923076923
0 0.5697115384615385 0.6322115384615384 0.5408653846153848 0.6322115384615384 0.5408653846153848 0.6610576923076923 0.5697115384615385 0.6610576923076923
0 0.5168269230769232 0.65625 0.49038461538461553 0.65625 0.49038461538461553 0.6826923076923077 0.5168269230769232 0.6826923076923077
0 0.6009615384615385 0.6899038461538461 0.574519230769231 0.6899038461538461 0.574519230769231 0.7139423076923077 0.6009615384615385 0.7139423076923077
0 0.5649038461538463 0.7067307692307693 0.5408653846153848 0.7067307692307693 0.5408653846153848 0.7379807692307693 0.5649038461538463 0.7379807692307693
0 0.5985576923076924 0.7403846153846154 0.574519230769231 0.7403846153846154 0.574519230769231 0.7692307692307693 0.5985576923076924 0.7692307692307693