0 0.8317307692307693 0.5889423076923078 0.7932692307692307 0.5889423076923078 0.7932692307692307 0.625 0.8317307692307693 0.625
0 0.7596153846153846 0.6394230769230769 0.7163461538461539 0.6394230769230769 0.7163461538461539 0.6754807692307693 0.7596153846153846 0.6754807692307693
0 0.7764423076923077 0.5937500000000001 0.7235576923076923 0.5937500000000001 0.7235576923076923 0.6346153846153846 0.7764423076923077 0.6346153846153846
0 0.7980769230769231 0.4807692307692309 0.75 0.4807692307692309 0.75 0.5144230769230771 0.7980769230769231 0.5144230769230771
0 0.7235576923076923 0.6394230769230769 0.6875 0.6394230769230769 0.6875 0.6730769230769231 0.7235576923076923 0.6730769230769231
0 0.7740384615384616 0.512019230769231 0.7283653846153846 0.512019230769231 0.7283653846153846 0.5576923076923078 0.7740384615384616 0.5576923076923078
0 0.7331730769230769 0.5649038461538463 0.7019230769230769 0.5649038461538463 0.7019230769230769 0.5937500000000001 0.7331730769230769 0.5937500000000001
0 0.6658653846153846 0.6730769230769231 0.625 0.6730769230769231 0.625 0.7067307692307693 0.6658653846153846 0.7067307692307693
0 0.7235576923076923 0.5240384615384617 0.6802884615384616 0.5240384615384617 0.6802884615384616 0.5552884615384617 0.7235576923076923 0.5552884615384617
0 0.7403846153846154 0.4567307692307694 0.7019230769230769 0.4567307692307694 0.7019230769230769 0.49038461538461553 0.7403846153846154 0.49038461538461553
0 0.7067307692307693 0.5384615384615385 0.6634615384615384 0.5384615384615385 0.6634615384615384 0.5673076923076924 0.7067307692307693 0.5673076923076924
0 0.6514423076923077 0.6442307692307693 0.6129807692307694 0.6442307692307693 0.6129807692307694 0.6778846153846154 0.6514423076923077 0.6778846153846154
0 1 0.5048076923076924 0.9447115384615384 0.5048076923076924 0.9447115384615384 0.5889423076923078 1 0.5889423076923078
0 0.6586538461538461 0.5721153846153848 0.6201923076923077 0.5721153846153848 0.6201923076923077 0.6009615384615385 0.6586538461538461 0.6009615384615385
0 0.6899038461538461 0.49038461538461553 0.6586538461538461 0.49038461538461553 0.6586538461538461 0.512019230769231 0.6899038461538461 0.512019230769231
0 0.6009615384615385 0.6538461538461539 0.560096153846154 0.6538461538461539 0.560096153846154 0.6947115384615384 0.6009615384615385 0.6947115384615384
0 0.6129807692307694 0.6274038461538461 0.5673076923076924 0.6274038461538461 0.5673076923076924 0.6586538461538461 0.6129807692307694 0.6586538461538461
0 0.605769230769231 0.6153846153846154 0.574519230769231 0.6153846153846154 0.574519230769231 0.6394230769230769 0.605769230769231 0.6394230769230769
0 0.7211538461538461 0.3317307692307694 0.6850961538461539 0.3317307692307694 0.6850961538461539 0.36057692307692324 0.7211538461538461 0.36057692307692324
0 0.6586538461538461 0.45913461538461553 0.6225961538461539 0.45913461538461553 0.6225961538461539 0.49038461538461553 0.6586538461538461 0.49038461538461553
0 0.5721153846153848 0.6394230769230769 0.5336538461538463 0.6394230769230769 0.5336538461538463 0.6682692307692307 0.5721153846153848 0.6682692307692307
0 0.5769230769230771 0.608173076923077 0.5408653846153848 0.6081730769230769 0.5408653846153848 0.6370192307692307 0.5769230769230771 0.6370192307692307
0 0.6778846153846154 0.3677884615384617 0.6418269230769231 0.3677884615384617 0.6418269230769231 0.3990384615384617 0.6778846153846154 0.3990384615384617
0 0.6370192307692307 0.4495192307692309 0.6033653846153846 0.4495192307692309 0.6033653846153846 0.4759615384615386 0.6370192307692307 0.4759615384615386
0 0.5697115384615385 0.5576923076923077 0.5360576923076923 0.5576923076923077 0.5360576923076924 0.5793269230769231 0.5697115384615385 0.5793269230769232
0 0.5240384615384617 0.6442307692307693 0.4879807692307694 0.6442307692307693 0.4879807692307694 0.6706730769230769 0.5240384615384617 0.6706730769230769
0 0.5480769230769232 0.5793269230769231 0.5168269230769232 0.5793269230769231 0.5168269230769232 0.6033653846153846 0.5480769230769232 0.6033653846153846
0 0.5841346153846154 0.5000000000000001 0.5456730769230769 0.5 0.5456730769230769 0.528846153846154 0.5841346153846154 0.528846153846154
0 0.5552884615384616 0.5456730769230769 0.5264423076923077 0.5456730769230769 0.5264423076923077 0.5697115384615384 0.5552884615384617 0.5697115384615384
0 0.5697115384615384 0.4927884615384616 0.5288461538461539 0.49278846153846156 0.5288461538461539 0.5312500000000001 0.5697115384615384 0.5312500000000001
0 0.625 0.3557692307692309 0.5865384615384616 0.3557692307692309 0.5865384615384616 0.39663461538461553 0.625 0.39663461538461553
0 0.5721153846153846 0.44471153846153855 0.5432692307692307 0.44471153846153844 0.5432692307692307 0.4663461538461539 0.5721153846153846 0.46634615384615397
0 0.5096153846153846 0.5288461538461539 0.4735576923076923 0.5288461538461539 0.4735576923076923 0.5576923076923077 0.5096153846153846 0.5576923076923077
0 0.4687500000000001 0.5673076923076923 0.43509615384615397 0.5673076923076923 0.43509615384615397 0.59375 0.4687500000000001 0.59375
0 0.45913461538461553 0.5865384615384616 0.42067307692307704 0.5865384615384616 0.42067307692307704 0.6153846153846154 0.45913461538461553 0.6153846153846154
0 0.4062500000000001 0.6466346153846154 0.3677884615384617 0.6466346153846154 0.3677884615384617 0.6754807692307693 0.4062500000000001 0.6754807692307693
0 0.5192307692307693 0.37259615384615385 0.4831730769230769 0.37259615384615385 0.4831730769230769 0.40625 0.5192307692307693 0.40625
0 0.4182692307692309 0.5649038461538461 0.3774038461538463 0.5649038461538461 0.3774038461538463 0.5985576923076923 0.4182692307692309 0.5985576923076923
0 0.3870192307692309 0.6033653846153846 0.34855769230769246 0.6033653846153846 0.34855769230769246 0.6322115384615384 0.3870192307692309 0.6322115384615384
0 0.3076923076923078 0.6778846153846154 0.2716346153846155 0.6778846153846154 0.2716346153846155 0.7139423076923077 0.3076923076923078 0.7139423076923077
0 0.3629807692307692 0.4014423076923077 0.3269230769230769 0.4014423076923077 0.3269230769230769 0.4326923076923077 0.3629807692307692 0.4326923076923077