0 0.6802884615384616 0.295673076923077 0.6538461538461539 0.295673076923077 0.6538461538461539 0.3317307692307694 0.6802884615384616 0.3317307692307694
0 0.6923076923076923 0.32932692307692324 0.6706730769230769 0.32932692307692324 0.6706730769230769 0.36538461538461553 0.6923076923076923 0.36538461538461553
0 0.7307692307692307 0.3509615384615386 0.7091346153846154 0.3509615384615386 0.7091346153846154 0.37980769230769246 0.7307692307692307 0.37980769230769246
0 0.5841346153846154 0.3774038461538463 0.5649038461538461 0.3774038461538463 0.5649038461538461 0.4014423076923078 0.5841346153846154 0.4014423076923078
0 0.6682692307692307 0.40384615384615397 0.6514423076923077 0.40384615384615397 0.6514423076923077 0.4302884615384617 0.6682692307692307 0.4302884615384617
0 0.8846153846153846 0.4399038461538463 0.8629807692307693 0.4399038461538463 0.8629807692307693 0.4711538461538463 0.8846153846153846 0.4711538461538463
0 0.5552884615384616 0.41586538461538464 0.5360576923076923 0.41586538461538464 0.5360576923076923 0.4423076923076923 0.5552884615384616 0.4423076923076923
0 0.6394230769230769 0.45913461538461553 0.6201923076923077 0.45913461538461553 0.6201923076923077 0.49038461538461553 0.6394230769230769 0.49038461538461553
0 0.7451923076923077 0.5000000000000001 0.7331730769230769 0.5000000000000001 0.7331730769230769 0.5264423076923078 0.7451923076923077 0.5264423076923078
0 0.7211538461538461 0.5048076923076924 0.7091346153846154 0.5048076923076924 0.7091346153846154 0.5240384615384617 0.7211538461538461 0.5240384615384617
0 0.8028846153846154 0.5240384615384617 0.7836538461538461 0.5240384615384617 0.7836538461538461 0.5552884615384617 0.8028846153846154 0.5552884615384617
0 0.7596153846153846 0.5240384615384617 0.7403846153846154 0.5240384615384617 0.7403846153846154 0.5625000000000001 0.7596153846153846 0.5625000000000001
0 0.6826923076923077 0.5216346153846155 0.6658653846153846 0.5216346153846155 0.6658653846153846 0.5456730769230771 0.6826923076923077 0.5456730769230771
0 0.7403846153846154 0.5552884615384617 0.7211538461538461 0.5552884615384617 0.7211538461538461 0.5865384615384617 0.7403846153846154 0.5865384615384617
0 0.6995192307692307 0.560096153846154 0.6850961538461539 0.560096153846154 0.6850961538461539 0.5889423076923078 0.6995192307692307 0.5889423076923078
0 0.6730769230769231 0.5673076923076924 0.6586538461538461 0.5673076923076924 0.6586538461538461 0.5961538461538463 0.6730769230769231 0.5961538461538463
0 0.7860576923076923 0.6009615384615385 0.7644230769230769 0.6009615384615385 0.7644230769230769 0.6322115384615384 0.7860576923076923 0.6322115384615384
0 0.5264423076923077 0.5552884615384616 0.5048076923076923 0.5552884615384616 0.5048076923076924 0.5913461538461539 0.5264423076923078 0.5913461538461539
0 0.7091346153846154 0.6009615384615385 0.6947115384615384 0.6009615384615385 0.6947115384615384 0.6322115384615384 0.7091346153846154 0.6322115384615384
0 0.7572115384615384 0.6201923076923077 0.7403846153846154 0.6201923076923077 0.7403846153846154 0.6490384615384616 0.7572115384615384 0.6490384615384616
0 0.7115384615384616 0.6201923076923077 0.6995192307692307 0.6201923076923077 0.6995192307692307 0.6442307692307693 0.7115384615384616 0.6442307692307693
0 0.7091346153846154 0.6394230769230769 0.6850961538461539 0.6394230769230769 0.6850961538461539 0.6754807692307693 0.7091346153846154 0.6754807692307693
0 0.5576923076923078 0.6225961538461539 0.5408653846153848 0.6225961538461539 0.5408653846153848 0.6490384615384616 0.5576923076923078 0.6490384615384616
0 0.625 0.6394230769230769 0.6105769230769232 0.6394230769230769 0.6105769230769232 0.6658653846153846 0.625 0.6658653846153846
0 0.5793269230769232 0.6322115384615384 0.5649038461538463 0.6322115384615384 0.5649038461538463 0.6634615384615384 0.5793269230769232 0.6634615384615384
0 0.6370192307692307 0.6514423076923077 0.6201923076923077 0.6514423076923077 0.6201923076923077 0.6754807692307693 0.6370192307692307 0.6754807692307693
0 0.5865384615384617 0.6442307692307693 0.5721153846153848 0.6442307692307693 0.5721153846153848 0.6754807692307693 0.5865384615384617 0.6754807692307693
0 0.6610576923076923 0.6658653846153846 0.6394230769230769 0.6658653846153846 0.6394230769230769 0.6947115384615384 0.6610576923076923 0.6947115384615384
0 0.6177884615384616 0.6658653846153846 0.5985576923076924 0.6658653846153846 0.5985576923076924 0.6850961538461539 0.6177884615384616 0.6850961538461539
0 0.6009615384615385 0.6658653846153846 0.5841346153846155 0.6658653846153846 0.5841346153846155 0.6850961538461539 0.6009615384615385 0.6850961538461539
0 0.6802884615384616 0.6850961538461539 0.6634615384615384 0.6850961538461539 0.6634615384615384 0.7067307692307693 0.6802884615384616 0.7067307692307693
0 0.7403846153846154 0.6923076923076923 0.7211538461538461 0.6923076923076923 0.7211538461538461 0.7283653846153846 0.7403846153846154 0.7283653846153846
0 0.6995192307692307 0.6971153846153846 0.6826923076923077 0.6971153846153846 0.6826923076923077 0.7211538461538461 0.6995192307692307 0.7211538461538461
0 0.5552884615384617 0.6706730769230769 0.5360576923076924 0.6706730769230769 0.5360576923076924 0.7019230769230769 0.5552884615384617 0.7019230769230769
0 0.5841346153846155 0.6875 0.5673076923076924 0.6875 0.5673076923076924 0.7139423076923077 0.5841346153846155 0.7139423076923077
0 0.6754807692307693 0.7043269230769231 0.6610576923076923 0.7043269230769231 0.6610576923076923 0.7307692307692307 0.6754807692307693 0.7307692307692307
0 0.6322115384615384 0.7019230769230769 0.6129807692307694 0.7019230769230769 0.6129807692307694 0.7331730769230769 0.6322115384615384 0.7331730769230769
0 0.6105769230769232 0.7211538461538461 0.5937500000000001 0.7211538461538461 0.5937500000000001 0.7572115384615384 0.6105769230769232 0.7572115384615384
0 0.605769230769231 0.7692307692307693 0.5961538461538463 0.7692307692307693 0.5961538461538463 0.7836538461538461 0.605769230769231 0.7836538461538461
0 0.21394230769230774 0.2764423076923077 0.19230769230769232 0.2764423076923077 0.19230769230769235 0.3125 0.21394230769230776 0.3125