0 0.7788461538461539 0.42788461538461553 0.7283653846153846 0.42788461538461553 0.7283653846153846 0.4711538461538463 0.7788461538461539 0.4711538461538463
0 0.7716346153846154 0.5216346153846155 0.7235576923076923 0.5216346153846155 0.7235576923076923 0.560096153846154 0.7716346153846154 0.560096153846154
0 0.7379807692307693 0.4062500000000001 0.6923076923076923 0.4062500000000001 0.6923076923076923 0.4447115384615386 0.7379807692307693 0.4447115384615386
0 0.7163461538461539 0.3389423076923078 0.6802884615384616 0.3389423076923078 0.6802884615384616 0.3677884615384617 0.7163461538461539 0.3677884615384617
0 0.71875 0.4951923076923078 0.6754807692307693 0.4951923076923078 0.6754807692307693 0.5312500000000001 0.71875 0.5312500000000001
0 0.6826923076923077 0.5841346153846155 0.6442307692307693 0.5841346153846155 0.6442307692307693 0.6153846153846154 0.6826923076923077 0.6153846153846154
0 0.6826923076923077 0.4399038461538463 0.6322115384615384 0.4399038461538463 0.6322115384615384 0.48317307692307704 0.6826923076923077 0.48317307692307704
0 0.6706730769230769 0.4807692307692309 0.6177884615384616 0.4807692307692309 0.6177884615384616 0.5264423076923078 0.6706730769230769 0.5264423076923078
0 0.6538461538461539 0.543269230769231 0.6177884615384616 0.543269230769231 0.6177884615384616 0.5793269230769232 0.6538461538461539 0.5793269230769232
0 0.6514423076923077 0.5240384615384617 0.6153846153846154 0.5240384615384617 0.6153846153846154 0.5576923076923078 0.6514423076923077 0.5576923076923078
0 0.6514423076923077 0.24278846153846162 0.5961538461538461 0.24278846153846162 0.5961538461538461 0.2860576923076924 0.6514423076923077 0.2860576923076924
0 0.6274038461538461 0.19230769230769237 0.5889423076923077 0.19230769230769237 0.5889423076923077 0.22355769230769237 0.6274038461538461 0.22355769230769237
0 0.6225961538461539 0.3557692307692309 0.5745192307692307 0.3557692307692309 0.5745192307692307 0.3942307692307694 0.6225961538461539 0.3942307692307694
0 0.6153846153846154 0.4495192307692309 0.5721153846153846 0.4495192307692309 0.5721153846153846 0.48557692307692324 0.6153846153846154 0.48557692307692324
0 0.5961538461538463 0.7403846153846154 0.560096153846154 0.7403846153846154 0.560096153846154 0.7692307692307693 0.5961538461538463 0.7692307692307693
0 0.5817307692307693 0.30769230769230776 0.5480769230769231 0.3076923076923077 0.5480769230769231 0.3365384615384616 0.5817307692307693 0.3365384615384617
0 0.5721153846153846 0.4711538461538462 0.53125 0.47115384615384615 0.53125 0.5168269230769231 0.5721153846153846 0.5168269230769232
0 0.5697115384615385 0.5793269230769231 0.5360576923076924 0.5793269230769231 0.5360576923076924 0.6057692307692308 0.5697115384615385 0.605769230769231
0 0.5673076923076923 0.24038461538461545 0.5096153846153846 0.24038461538461545 0.5096153846153846 0.2908653846153847 0.5673076923076923 0.2908653846153847
0 0.5600961538461539 0.23317307692307698 0.5192307692307693 0.23317307692307698 0.5192307692307693 0.2692307692307693 0.5600961538461539 0.2692307692307693
0 0.5480769230769231 0.4495192307692308 0.5120192307692307 0.4495192307692308 0.5120192307692307 0.4855769230769231 0.5480769230769231 0.4855769230769231
0 0.5384615384615384 0.375 0.5024038461538461 0.375 0.5024038461538461 0.40384615384615385 0.5384615384615384 0.40384615384615385
0 0.5288461538461539 0.3870192307692308 0.49038461538461536 0.3870192307692308 0.49038461538461536 0.4206730769230769 0.5288461538461539 0.4206730769230769
0 0.4951923076923077 0.20192307692307698 0.46634615384615385 0.20192307692307698 0.46634615384615385 0.2283653846153847 0.4951923076923077 0.2283653846153847
0 0.49759615384615385 0.5264423076923077 0.46153846153846156 0.5264423076923077 0.46153846153846156 0.5576923076923077 0.49759615384615385 0.5576923076923077
0 0.4951923076923078 0.7355769230769231 0.4687500000000001 0.7355769230769231 0.4687500000000001 0.7596153846153846 0.4951923076923078 0.7596153846153846
0 0.4951923076923078 0.6706730769230769 0.4495192307692309 0.6706730769230769 0.4495192307692309 0.7091346153846154 0.4951923076923078 0.7091346153846154
0 0.48557692307692324 0.5793269230769231 0.44711538461538475 0.5793269230769231 0.44711538461538475 0.6105769230769231 0.48557692307692324 0.6105769230769231
0 0.4807692307692308 0.3629807692307692 0.4375 0.3629807692307692 0.4375 0.39903846153846156 0.4807692307692308 0.39903846153846156
0 0.47836538461538464 0.25000000000000006 0.43028846153846156 0.25000000000000006 0.43028846153846156 0.28846153846153855 0.47836538461538464 0.28846153846153855
0 0.4543269230769231 0.18028846153846162 0.4182692307692308 0.18028846153846162 0.4182692307692308 0.21153846153846162 0.4543269230769231 0.21153846153846162
0 0.4326923076923077 0.17788461538461545 0.39903846153846156 0.17788461538461545 0.39903846153846156 0.2067307692307693 0.4326923076923077 0.2067307692307693
0 0.43990384615384615 0.47596153846153844 0.4014423076923077 0.47596153846153844 0.4014423076923077 0.5120192307692307 0.43990384615384615 0.5120192307692307
0 0.42788461538461536 0.26201923076923084 0.39663461538461536 0.26201923076923084 0.39663461538461536 0.2908653846153847 0.42788461538461536 0.2908653846153847
0 0.43509615384615385 0.2836538461538462 0.3894230769230769 0.2836538461538462 0.3894230769230769 0.3269230769230769 0.43509615384615385 0.3269230769230769
0 0.4326923076923077 0.46875 0.3942307692307692 0.46875 0.3942307692307692 0.4951923076923077 0.4326923076923077 0.4951923076923077
0 0.4254807692307692 0.3629807692307692 0.37740384615384615 0.3629807692307692 0.37740384615384615 0.40384615384615385 0.4254807692307692 0.40384615384615385
0 0.3918269230769231 0.43028846153846156 0.3317307692307692 0.43028846153846156 0.3317307692307692 0.47836538461538464 0.3918269230769231 0.47836538461538464
0 0.3317307692307692 0.26201923076923084 0.2932692307692308 0.26201923076923084 0.2932692307692308 0.295673076923077 0.3317307692307692 0.295673076923077
0 0.3004807692307692 0.22836538461538464 0.2668269230769231 0.2283653846153846 0.2668269230769231 0.2572115384615385 0.3004807692307692 0.25721153846153855
0 0.27403846153846156 0.13942307692307696 0.23557692307692307 0.13942307692307696 0.23557692307692307 0.17307692307692307 0.27403846153846156 0.17307692307692307
0 0.2403846153846154 0.23076923076923078 0.18990384615384615 0.23076923076923078 0.18990384615384615 0.27403846153846156 0.2403846153846154 0.27403846153846156
0 0.16105769230769237 0.6274038461538461 0.12259615384615391 0.6274038461538461 0.12259615384615391 0.65625 0.16105769230769237 0.65625