0 0.6778846153846154 0.2908653846153847 0.6514423076923077 0.2908653846153847 0.6514423076923077 0.32932692307692324 0.6778846153846154 0.32932692307692324
0 0.6899038461538461 0.32692307692307704 0.6682692307692307 0.32692307692307704 0.6682692307692307 0.36538461538461553 0.6899038461538461 0.36538461538461553
0 0.7307692307692307 0.3461538461538463 0.7067307692307693 0.3461538461538463 0.7067307692307693 0.3774038461538463 0.7307692307692307 0.3774038461538463
0 0.5817307692307693 0.3750000000000001 0.5649038461538461 0.3750000000000001 0.5649038461538461 0.3990384615384617 0.5817307692307693 0.3990384615384617
0 0.6682692307692307 0.4014423076923078 0.6490384615384616 0.4014423076923078 0.6490384615384616 0.42788461538461553 0.6682692307692307 0.42788461538461553
0 0.8846153846153846 0.43509615384615397 0.8629807692307693 0.43509615384615397 0.8629807692307693 0.46634615384615397 0.8846153846153846 0.46634615384615397
0 0.5552884615384616 0.41586538461538464 0.5336538461538461 0.41586538461538464 0.5336538461538461 0.4423076923076923 0.5552884615384616 0.4423076923076923
0 0.6394230769230769 0.4567307692307694 0.6177884615384616 0.4567307692307694 0.6177884615384616 0.49038461538461553 0.6394230769230769 0.49038461538461553
0 0.7451923076923077 0.4927884615384617 0.7307692307692307 0.4927884615384617 0.7307692307692307 0.5216346153846155 0.7451923076923077 0.5216346153846155
0 0.7235576923076923 0.5000000000000001 0.7091346153846154 0.5000000000000001 0.7091346153846154 0.5192307692307694 0.7235576923076923 0.5192307692307694
0 0.8028846153846154 0.5192307692307694 0.7836538461538461 0.5192307692307694 0.7836538461538461 0.5504807692307694 0.8028846153846154 0.5504807692307694
0 0.7596153846153846 0.5192307692307694 0.7379807692307693 0.5192307692307694 0.7379807692307693 0.560096153846154 0.7596153846153846 0.560096153846154
0 0.6826923076923077 0.5192307692307694 0.6658653846153846 0.5192307692307694 0.6658653846153846 0.543269230769231 0.6826923076923077 0.543269230769231
0 0.7403846153846154 0.5504807692307694 0.7211538461538461 0.5504807692307694 0.7211538461538461 0.5817307692307694 0.7403846153846154 0.5817307692307694
0 0.7019230769230769 0.5576923076923078 0.6850961538461539 0.5576923076923078 0.6850961538461539 0.5865384615384617 0.7019230769230769 0.5865384615384617
0 0.6778846153846154 0.5649038461538463 0.6610576923076923 0.5649038461538463 0.6610576923076923 0.591346153846154 0.6778846153846154 0.591346153846154
0 0.7908653846153846 0.5937500000000001 0.7668269230769231 0.5937500000000001 0.7668269230769231 0.6298076923076923 0.7908653846153846 0.6298076923076923
0 0.5312500000000001 0.5552884615384616 0.5072115384615384 0.5552884615384616 0.5072115384615385 0.5913461538461539 0.5312500000000001 0.5913461538461539
0 0.7115384615384616 0.5961538461538463 0.6947115384615384 0.5961538461538463 0.6947115384615384 0.6274038461538461 0.7115384615384616 0.6274038461538461
0 0.7596153846153846 0.6177884615384616 0.7451923076923077 0.6177884615384616 0.7451923076923077 0.6442307692307693 0.7596153846153846 0.6442307692307693
0 0.7139423076923077 0.6177884615384616 0.7019230769230769 0.6177884615384616 0.7019230769230769 0.6418269230769231 0.7139423076923077 0.6418269230769231
0 0.7115384615384616 0.6370192307692307 0.6875 0.6370192307692307 0.6875 0.6730769230769231 0.7115384615384616 0.6730769230769231
0 0.560096153846154 0.6225961538461539 0.5408653846153848 0.6225961538461539 0.5408653846153848 0.6490384615384616 0.560096153846154 0.6490384615384616
0 0.6298076923076923 0.6394230769230769 0.6129807692307694 0.6394230769230769 0.6129807692307694 0.6634615384615384 0.6298076923076923 0.6634615384615384
0 0.5841346153846155 0.6322115384615384 0.5673076923076924 0.6322115384615384 0.5673076923076924 0.6634615384615384 0.5841346153846155 0.6634615384615384
0 0.6394230769230769 0.6490384615384616 0.6225961538461539 0.6490384615384616 0.6225961538461539 0.6706730769230769 0.6394230769230769 0.6706730769230769
0 0.591346153846154 0.6442307692307693 0.574519230769231 0.6442307692307693 0.574519230769231 0.6754807692307693 0.591346153846154 0.6754807692307693
0 0.6658653846153846 0.6610576923076923 0.6442307692307693 0.6610576923076923 0.6442307692307693 0.6947115384615384 0.6658653846153846 0.6947115384615384
0 0.6201923076923077 0.6634615384615384 0.6033653846153848 0.6634615384615384 0.6033653846153848 0.6850961538461539 0.6201923076923077 0.6850961538461539
0 0.6033653846153848 0.6658653846153846 0.5841346153846155 0.6658653846153846 0.5841346153846155 0.6850961538461539 0.6033653846153848 0.6850961538461539
0 0.6850961538461539 0.6826923076923077 0.6682692307692307 0.6826923076923077 0.6682692307692307 0.7067307692307693 0.6850961538461539 0.7067307692307693
0 0.7475961538461539 0.6875 0.7259615384615384 0.6875 0.7259615384615384 0.7259615384615384 0.7475961538461539 0.7259615384615384
0 0.7043269230769231 0.6947115384615384 0.6875 0.6947115384615384 0.6875 0.7163461538461539 0.7043269230769231 0.7163461538461539
0 0.5625000000000001 0.6682692307692307 0.5384615384615385 0.6682692307692307 0.5384615384615385 0.7019230769230769 0.5625000000000001 0.7019230769230769
0 0.5865384615384617 0.6875 0.5673076923076924 0.6875 0.5673076923076924 0.7115384615384616 0.5865384615384617 0.7115384615384616
0 0.6802884615384616 0.6995192307692307 0.6634615384615384 0.6995192307692307 0.6634615384615384 0.7259615384615384 0.6802884615384616 0.7259615384615384
0 0.6370192307692307 0.6995192307692307 0.6153846153846154 0.6995192307692307 0.6153846153846154 0.7331730769230769 0.6370192307692307 0.7331730769230769
0 0.6153846153846154 0.7211538461538461 0.5985576923076924 0.7211538461538461 0.5985576923076924 0.7572115384615384 0.6153846153846154 0.7572115384615384
0 0.6105769230769232 0.7692307692307693 0.6009615384615385 0.7692307692307693 0.6009615384615385 0.7836538461538461 0.6105769230769232 0.7836538461538461
0 0.20913461538461545 0.28125 0.18750000000000006 0.28125 0.18750000000000006 0.3173076923076923 0.20913461538461545 0.3173076923076923