0 0.5552884615384617 0.8918269230769231 0.4951923076923078 0.8918269230769231 0.4951923076923078 1 0.5552884615384617 1
0 0.3004807692307692 0.06250000000000003 0.23798076923076922 0.06250000000000003 0.23798076923076922 0.21634615384615388 0.3004807692307692 0.2163461538461539
0 0.43990384615384615 0.10576923076923082 0.37740384615384615 0.10576923076923081 0.37740384615384615 0.25000000000000006 0.43990384615384615 0.25000000000000006
0 0.6298076923076923 0.1538461538461539 0.5673076923076923 0.1538461538461539 0.5673076923076923 0.2548076923076924 0.6298076923076923 0.2548076923076924
0 0.49759615384615385 0.12259615384615391 0.4375 0.12259615384615391 0.4375 0.2716346153846155 0.49759615384615385 0.2716346153846155
0 0.2932692307692308 0.10336538461538465 0.2283653846153846 0.10336538461538465 0.2283653846153846 0.2524038461538462 0.2932692307692308 0.2524038461538462
0 0.7307692307692307 0.019230769230769315 0.6850961538461539 0.019230769230769315 0.6850961538461539 0.07692307692307701 0.7307692307692307 0.07692307692307702
0 0.3918269230769231 0.19951923076923084 0.3293269230769231 0.19951923076923084 0.3293269230769231 0.34375 0.3918269230769231 0.34375
0 0.43509615384615385 0.28846153846153855 0.3701923076923077 0.28846153846153855 0.3701923076923077 0.38221153846153844 0.43509615384615385 0.38221153846153844
0 0.9110576923076923 0.036057692307692416 0.8533653846153846 0.03605769230769241 0.8533653846153846 0.11057692307692318 0.9110576923076923 0.11057692307692318
0 0.5576923076923077 0.37740384615384615 0.4951923076923077 0.37740384615384615 0.4951923076923077 0.46634615384615385 0.5576923076923077 0.46634615384615385
0 0.3269230769230769 0.39903846153846156 0.2596153846153847 0.39903846153846156 0.2596153846153847 0.5480769230769231 0.3269230769230769 0.5480769230769231
0 0.36778846153846156 0.4495192307692308 0.31009615384615385 0.4495192307692308 0.31009615384615385 0.5504807692307693 0.36778846153846156 0.5504807692307693
0 0.2860576923076924 0.5673076923076923 0.22596153846153852 0.5673076923076923 0.22596153846153852 0.6634615384615384 0.2860576923076924 0.6634615384615384
0 0.5240384615384616 0.033653846153846215 0.4639423076923077 0.033653846153846215 0.4639423076923077 0.12259615384615391 0.5240384615384616 0.12259615384615391
0 0.7163461538461539 0.06971153846153855 0.6586538461538461 0.06971153846153855 0.6586538461538461 0.16826923076923084 0.7163461538461539 0.16826923076923084
0 0.5048076923076924 0.875 0.4447115384615386 0.875 0.4447115384615386 0.9735576923076923 0.5048076923076924 0.9735576923076923
0 0.3004807692307693 0.5120192307692307 0.2379807692307693 0.5120192307692307 0.2379807692307693 0.6586538461538461 0.3004807692307693 0.6586538461538461