0 0.6610576923076923 0.28125000000000006 0.6394230769230769 0.28125000000000006 0.6394230769230769 0.3149038461538463 0.6610576923076923 0.3149038461538463
0 0.6778846153846154 0.3149038461538463 0.6586538461538461 0.3149038461538463 0.6586538461538461 0.3509615384615386 0.6778846153846154 0.3509615384615386
0 0.7163461538461539 0.33413461538461553 0.6971153846153846 0.33413461538461553 0.6971153846153846 0.36057692307692324 0.7163461538461539 0.36057692307692324
0 0.5745192307692307 0.37019230769230776 0.5576923076923077 0.3701923076923077 0.5576923076923077 0.3942307692307693 0.5745192307692307 0.3942307692307694
0 0.6610576923076923 0.38942307692307704 0.6466346153846154 0.38942307692307704 0.6466346153846154 0.41586538461538475 0.6610576923076923 0.41586538461538475
0 0.8798076923076923 0.4086538461538463 0.8605769230769231 0.4086538461538463 0.8605769230769231 0.4375000000000001 0.8798076923076923 0.4375000000000001
0 0.5480769230769231 0.41346153846153844 0.53125 0.41346153846153844 0.53125 0.4375 0.5480769230769231 0.4375
0 0.6346153846153846 0.4495192307692309 0.6177884615384616 0.4495192307692309 0.6177884615384616 0.4807692307692309 0.6346153846153846 0.4807692307692309
0 0.7427884615384616 0.47836538461538475 0.7331730769230769 0.47836538461538475 0.7331730769230769 0.5048076923076924 0.7427884615384616 0.5048076923076924
0 0.7211538461538461 0.48557692307692324 0.7091346153846154 0.48557692307692324 0.7091346153846154 0.5048076923076924 0.7211538461538461 0.5048076923076924
0 0.8028846153846154 0.49759615384615397 0.7860576923076923 0.49759615384615397 0.7860576923076923 0.528846153846154 0.8028846153846154 0.528846153846154
0 0.7596153846153846 0.5024038461538463 0.7427884615384616 0.5024038461538463 0.7427884615384616 0.5408653846153848 0.7596153846153846 0.5408653846153848
0 0.6826923076923077 0.5072115384615385 0.6682692307692307 0.5072115384615385 0.6682692307692307 0.5312500000000001 0.6826923076923077 0.5312500000000001
0 0.7427884615384616 0.5336538461538463 0.7259615384615384 0.5336538461538463 0.7259615384615384 0.5649038461538463 0.7427884615384616 0.5649038461538463
0 0.7043269230769231 0.543269230769231 0.6923076923076923 0.543269230769231 0.6923076923076923 0.5721153846153848 0.7043269230769231 0.5721153846153848
0 0.6802884615384616 0.5528846153846155 0.6682692307692307 0.5528846153846155 0.6682692307692307 0.5793269230769232 0.6802884615384616 0.5793269230769232
0 0.7956730769230769 0.5769230769230771 0.7764423076923077 0.5769230769230771 0.7764423076923077 0.6081730769230771 0.7956730769230769 0.6081730769230771
0 0.5336538461538463 0.5552884615384616 0.5120192307692307 0.5552884615384616 0.5120192307692308 0.5889423076923077 0.5336538461538463 0.5889423076923077
0 0.7163461538461539 0.5817307692307694 0.7043269230769231 0.5817307692307694 0.7043269230769231 0.6129807692307694 0.7163461538461539 0.6129807692307694
0 0.7668269230769231 0.5985576923076924 0.7548076923076923 0.5985576923076924 0.7548076923076923 0.625 0.7668269230769231 0.625
0 0.7211538461538461 0.6033653846153848 0.7115384615384616 0.6033653846153848 0.7115384615384616 0.6274038461538461 0.7211538461538461 0.6274038461538461
0 0.71875 0.6225961538461539 0.6995192307692307 0.6225961538461539 0.6995192307692307 0.65625 0.71875 0.65625
0 0.5673076923076924 0.6177884615384616 0.5504807692307694 0.6177884615384616 0.5504807692307694 0.6442307692307693 0.5673076923076924 0.6442307692307693
0 0.6370192307692307 0.6298076923076923 0.625 0.6298076923076923 0.625 0.6538461538461539 0.6370192307692307 0.6538461538461539
0 0.591346153846154 0.625 0.5793269230769232 0.625 0.5793269230769232 0.65625 0.591346153846154 0.65625
0 0.6490384615384616 0.6394230769230769 0.6370192307692307 0.6394230769230769 0.6370192307692307 0.6610576923076923 0.6490384615384616 0.6610576923076923
0 0.5985576923076924 0.6370192307692307 0.5865384615384617 0.6370192307692307 0.5865384615384617 0.6682692307692307 0.5985576923076924 0.6682692307692307
0 0.6778846153846154 0.6514423076923077 0.6586538461538461 0.6514423076923077 0.6586538461538461 0.6802884615384616 0.6778846153846154 0.6802884615384616
0 0.6322115384615384 0.6538461538461539 0.6153846153846154 0.6538461538461539 0.6153846153846154 0.6754807692307693 0.6322115384615384 0.6754807692307693
0 0.6129807692307694 0.6586538461538461 0.5985576923076924 0.6586538461538461 0.5985576923076924 0.6778846153846154 0.6129807692307694 0.6778846153846154
0 0.6971153846153846 0.6706730769230769 0.6826923076923077 0.6706730769230769 0.6826923076923077 0.6923076923076923 0.6971153846153846 0.6923076923076923
0 0.7572115384615384 0.6706730769230769 0.7403846153846154 0.6706730769230769 0.7403846153846154 0.7067307692307693 0.7572115384615384 0.7067307692307693
0 0.7163461538461539 0.6802884615384616 0.7043269230769231 0.6802884615384616 0.7043269230769231 0.7019230769230769 0.7163461538461539 0.7019230769230769
0 0.5721153846153848 0.6658653846153846 0.5528846153846155 0.6658653846153846 0.5528846153846155 0.6971153846153846 0.5721153846153848 0.6971153846153846
0 0.5985576923076924 0.6802884615384616 0.5817307692307694 0.6802884615384616 0.5817307692307694 0.7043269230769231 0.5985576923076924 0.7043269230769231
0 0.6947115384615384 0.6875 0.6802884615384616 0.6875 0.6802884615384616 0.7139423076923077 0.6947115384615384 0.7139423076923077
0 0.6490384615384616 0.6923076923076923 0.6322115384615384 0.6923076923076923 0.6322115384615384 0.7235576923076923 0.6490384615384616 0.7235576923076923
0 0.6298076923076923 0.7115384615384616 0.6153846153846154 0.7115384615384616 0.6153846153846154 0.7475961538461539 0.6298076923076923 0.7475961538461539
0 0.6298076923076923 0.7596153846153846 0.6201923076923077 0.7596153846153846 0.6201923076923077 0.7740384615384616 0.6298076923076923 0.7740384615384616
0 0.19471153846153852 0.30288461538461536 0.1754807692307693 0.30288461538461536 0.1754807692307693 0.33653846153846156 0.19471153846153852 0.33653846153846156