0 0.53125 0.3293269230769231 0.5144230769230769 0.3293269230769231 0.5144230769230769 0.3581730769230769 0.53125 0.3581730769230769
0 0.3629807692307692 0.34134615384615385 0.3485576923076923 0.34134615384615385 0.3485576923076923 0.3629807692307692 0.3629807692307692 0.3629807692307692
0 0.47115384615384615 0.3485576923076923 0.4543269230769231 0.3485576923076923 0.4543269230769231 0.36778846153846156 0.47115384615384615 0.36778846153846156
0 0.43028846153846156 0.3701923076923077 0.4110576923076923 0.3701923076923077 0.4110576923076923 0.3942307692307692 0.43028846153846156 0.3942307692307692
0 0.5817307692307693 0.39182692307692324 0.5697115384615384 0.39182692307692324 0.5697115384615384 0.4062500000000001 0.5817307692307693 0.4062500000000001
0 0.6081730769230769 0.4062500000000001 0.59375 0.4062500000000001 0.59375 0.4302884615384617 0.6081730769230769 0.4302884615384617
0 0.4254807692307692 0.41346153846153844 0.4110576923076923 0.41346153846153844 0.4110576923076923 0.42788461538461536 0.4254807692307692 0.42788461538461536
0 0.5504807692307693 0.4182692307692308 0.5384615384615384 0.4182692307692308 0.5384615384615384 0.4375 0.5504807692307693 0.4375
0 0.3894230769230769 0.42788461538461536 0.375 0.42788461538461536 0.375 0.44711538461538464 0.3894230769230769 0.44711538461538464
0 0.4567307692307692 0.4326923076923077 0.43990384615384615 0.4326923076923077 0.43990384615384615 0.44711538461538464 0.4567307692307692 0.44711538461538464
0 0.5072115384615384 0.45913461538461536 0.4951923076923077 0.45913461538461536 0.4951923076923077 0.4831730769230769 0.5072115384615384 0.4831730769230769
0 0.47596153846153844 0.4567307692307692 0.46153846153846156 0.4567307692307692 0.46153846153846156 0.4879807692307692 0.47596153846153844 0.4879807692307692
0 0.3798076923076923 0.46875 0.3629807692307692 0.46875 0.3629807692307692 0.4879807692307692 0.3798076923076923 0.4879807692307692
0 0.5769230769230769 0.4711538461538463 0.5625 0.4711538461538463 0.5625 0.49038461538461553 0.5769230769230769 0.49038461538461553
0 0.6153846153846154 0.4687500000000001 0.5961538461538461 0.4687500000000001 0.5961538461538461 0.5000000000000001 0.6153846153846154 0.5000000000000001
0 0.7067307692307693 0.4927884615384617 0.6899038461538461 0.4927884615384617 0.6899038461538461 0.5168269230769232 0.7067307692307693 0.5168269230769232
0 0.6298076923076923 0.4927884615384617 0.6177884615384616 0.4927884615384617 0.6177884615384616 0.5192307692307694 0.6298076923076923 0.5192307692307694
0 0.5288461538461539 0.49759615384615385 0.5168269230769231 0.49759615384615385 0.5168269230769231 0.5168269230769231 0.5288461538461539 0.5168269230769231
0 0.40384615384615385 0.49759615384615385 0.38461538461538464 0.49759615384615385 0.38461538461538464 0.5192307692307693 0.40384615384615385 0.5192307692307693
0 0.5456730769230769 0.49759615384615385 0.5288461538461539 0.49759615384615385 0.5288461538461539 0.5288461538461539 0.5456730769230769 0.5288461538461539
0 0.5288461538461539 0.5192307692307693 0.5168269230769231 0.5192307692307693 0.5168269230769231 0.5432692307692307 0.5288461538461539 0.5432692307692307
0 0.39903846153846156 0.5192307692307693 0.38461538461538464 0.5192307692307693 0.38461538461538464 0.5456730769230769 0.39903846153846156 0.5456730769230769
0 0.5 0.5264423076923077 0.4879807692307692 0.5264423076923077 0.4879807692307692 0.5456730769230769 0.5 0.5456730769230769
0 0.46153846153846156 0.5264423076923077 0.4423076923076923 0.5264423076923077 0.4423076923076923 0.5504807692307693 0.46153846153846156 0.5504807692307693
0 0.4182692307692308 0.53125 0.4014423076923077 0.53125 0.4014423076923077 0.5552884615384616 0.4182692307692308 0.5552884615384616
0 0.3990384615384616 0.5456730769230769 0.3798076923076923 0.5456730769230769 0.3798076923076924 0.5673076923076923 0.3990384615384617 0.5673076923076923
0 0.545673076923077 0.5432692307692307 0.5288461538461539 0.5432692307692307 0.528846153846154 0.5697115384615384 0.5456730769230771 0.5697115384615384
0 0.5000000000000001 0.5432692307692307 0.4831730769230769 0.5432692307692307 0.483173076923077 0.5697115384615384 0.5000000000000001 0.5697115384615384
0 0.42307692307692324 0.5673076923076923 0.41105769230769246 0.5673076923076923 0.41105769230769246 0.5865384615384616 0.42307692307692324 0.5865384615384616
0 0.44711538461538475 0.5673076923076923 0.4302884615384617 0.5673076923076923 0.4302884615384617 0.5961538461538461 0.44711538461538475 0.5961538461538461
0 0.45913461538461553 0.5769230769230769 0.4447115384615386 0.5769230769230769 0.4447115384615386 0.6009615384615384 0.45913461538461553 0.6009615384615384
0 0.5336538461538463 0.5817307692307693 0.5168269230769232 0.5817307692307693 0.5168269230769232 0.6009615384615384 0.5336538461538463 0.6009615384615384
0 0.47836538461538475 0.5913461538461539 0.46634615384615397 0.5913461538461539 0.46634615384615397 0.6105769230769231 0.47836538461538475 0.6105769230769231
0 0.41105769230769246 0.5913461538461539 0.3990384615384617 0.5913461538461539 0.3990384615384617 0.6105769230769231 0.41105769230769246 0.6105769230769231
0 0.46634615384615397 0.5961538461538461 0.4495192307692309 0.5961538461538461 0.4495192307692309 0.6105769230769231 0.46634615384615397 0.6105769230769231
0 0.5312500000000001 0.5961538461538461 0.512019230769231 0.5961538461538461 0.512019230769231 0.6322115384615384 0.5312500000000001 0.6322115384615384
0 0.4927884615384617 0.6274038461538461 0.47836538461538475 0.6274038461538461 0.47836538461538475 0.6514423076923077 0.4927884615384617 0.6514423076923077
0 0.43509615384615397 0.6370192307692307 0.4182692307692309 0.6370192307692307 0.4182692307692309 0.65625 0.43509615384615397 0.65625
0 0.6490384615384616 0.6490384615384616 0.6346153846153846 0.6490384615384616 0.6346153846153846 0.6754807692307693 0.6490384615384616 0.6754807692307693
0 0.5528846153846155 0.6706730769230769 0.5384615384615385 0.6706730769230769 0.5384615384615385 0.6971153846153846 0.5528846153846155 0.6971153846153846
0 0.4567307692307694 0.6899038461538461 0.44230769230769246 0.6899038461538461 0.44230769230769246 0.7091346153846154 0.4567307692307694 0.7091346153846154
0 0.48557692307692324 0.7019230769230769 0.4711538461538463 0.7019230769230769 0.4711538461538463 0.7235576923076923 0.48557692307692324 0.7235576923076923