0 0.8533653846153846 0.8966346153846154 0.8149038461538461 0.8966346153846154 0.8149038461538461 0.9783653846153846 0.8533653846153846 0.9783653846153846
0 0.7307692307692307 0.9278846153846154 0.6778846153846154 0.9278846153846154 0.6778846153846154 0.9975961538461539 0.7307692307692307 0.9975961538461539
0 0.2836538461538463 0.9326923076923077 0.2307692307692309 0.9326923076923077 0.2307692307692309 1 0.2836538461538463 1
0 0.9326923076923077 0.04086538461538473 0.8894230769230769 0.04086538461538472 0.8894230769230769 0.17788461538461553 0.9326923076923077 0.17788461538461553
0 0.5721153846153846 0.13701923076923084 0.5264423076923077 0.13701923076923084 0.5264423076923077 0.25721153846153855 0.5721153846153846 0.25721153846153855
0 0.6850961538461539 0.2716346153846155 0.6418269230769231 0.2716346153846155 0.6418269230769231 0.40384615384615397 0.6850961538461539 0.40384615384615397
0 0.6225961538461539 0.31730769230769246 0.5793269230769231 0.31730769230769246 0.5793269230769231 0.45192307692307704 0.6225961538461539 0.45192307692307704
0 0.18990384615384623 0.3870192307692308 0.1538461538461539 0.3870192307692308 0.1538461538461539 0.4807692307692308 0.18990384615384623 0.4807692307692308
0 0.40865384615384615 0.43509615384615385 0.36778846153846156 0.43509615384615385 0.36778846153846156 0.5 0.40865384615384615 0.5
0 0.5769230769230769 0.44471153846153855 0.5288461538461539 0.44471153846153844 0.5288461538461539 0.5312500000000001 0.5769230769230769 0.5312500000000001
0 0.8774038461538461 0.3990384615384617 0.8317307692307693 0.3990384615384617 0.8317307692307693 0.560096153846154 0.8774038461538461 0.560096153846154
0 0.3942307692307692 0.4543269230769231 0.3557692307692308 0.4543269230769231 0.3557692307692308 0.5384615384615384 0.3942307692307692 0.5384615384615384
0 0.33413461538461536 0.0024038461538461917 0.28846153846153844 0.002403846153846189 0.28846153846153844 0.09615384615384619 0.33413461538461536 0.09615384615384619
0 0.6754807692307693 0.4567307692307694 0.625 0.4567307692307694 0.625 0.605769230769231 0.6754807692307693 0.605769230769231
0 0.9134615384615384 0.4807692307692309 0.8701923076923077 0.4807692307692309 0.8701923076923077 0.591346153846154 0.9134615384615384 0.591346153846154
0 0.5625000000000001 0.4903846153846155 0.5144230769230769 0.49038461538461536 0.514423076923077 0.6298076923076923 0.5625000000000001 0.6298076923076923
0 0.4615384615384616 0.5552884615384616 0.4206730769230769 0.5552884615384616 0.420673076923077 0.6490384615384616 0.4615384615384617 0.6490384615384616
0 0.5216346153846154 6.108514683247015e-17 0.47596153846153844 5.82884774594173e-17 0.47596153846153844 0.10096153846153853 0.5216346153846154 0.10096153846153853
0 0.4807692307692309 0.6418269230769231 0.4302884615384617 0.6418269230769231 0.4302884615384617 0.7307692307692307 0.4807692307692309 0.7307692307692307
0 0.7331730769230769 0.019230769230769322 0.6850961538461539 0.019230769230769315 0.6850961538461539 0.13221153846153855 0.7331730769230769 0.13221153846153857
0 0.23317307692307698 0.6923076923076923 0.1850961538461539 0.6923076923076923 0.1850961538461539 0.8293269230769231 0.23317307692307698 0.8293269230769231
0 0.9927884615384616 0.024038461538461658 0.9471153846153846 0.024038461538461658 0.9471153846153846 0.11298076923076936 0.9927884615384616 0.11298076923076937
0 0.7548076923076923 0.7620192307692307 0.7067307692307693 0.7620192307692307 0.7067307692307693 0.8605769230769231 0.7548076923076923 0.8605769230769231
0 0.2764423076923078 0.8341346153846154 0.23317307692307698 0.8341346153846154 0.23317307692307704 0.9350961538461539 0.2764423076923078 0.9350961538461539