0 0.7331730769230769 0.4062500000000001 0.6995192307692307 0.4062500000000001 0.6995192307692307 0.43509615384615397 0.7331730769230769 0.43509615384615397
0 0.7475961538461539 0.4399038461538463 0.7019230769230769 0.4399038461538463 0.7019230769230769 0.47836538461538475 0.7475961538461539 0.47836538461538475
0 0.6682692307692307 0.41586538461538475 0.6322115384615384 0.41586538461538475 0.6322115384615384 0.44711538461538475 0.6682692307692307 0.44711538461538475
0 0.625 0.34855769230769246 0.5841346153846154 0.34855769230769246 0.5841346153846154 0.3822115384615386 0.625 0.3822115384615386
0 0.71875 0.6033653846153848 0.6802884615384616 0.6033653846153848 0.6802884615384616 0.6346153846153846 0.71875 0.6346153846153846
0 0.6081730769230769 0.3750000000000001 0.5817307692307693 0.3750000000000001 0.5817307692307693 0.3990384615384617 0.6081730769230769 0.3990384615384617
0 0.6105769230769231 0.48317307692307704 0.5841346153846154 0.48317307692307704 0.5841346153846154 0.5048076923076924 0.6105769230769231 0.5048076923076924
0 0.59375 0.4423076923076924 0.5576923076923077 0.4423076923076923 0.5576923076923077 0.4735576923076924 0.59375 0.47355769230769246
0 0.4879807692307692 0.3076923076923077 0.46634615384615385 0.3076923076923077 0.46634615384615385 0.3317307692307692 0.4879807692307692 0.3317307692307692
0 0.4879807692307692 0.2692307692307693 0.4375 0.2692307692307693 0.4375 0.31009615384615385 0.4879807692307692 0.31009615384615385
0 0.49278846153846156 0.39903846153846156 0.46634615384615385 0.39903846153846156 0.46634615384615385 0.4254807692307692 0.49278846153846156 0.4254807692307692
0 0.49759615384615385 0.43028846153846156 0.46153846153846156 0.43028846153846156 0.46153846153846156 0.45913461538461536 0.49759615384615385 0.45913461538461536
0 0.543269230769231 0.5600961538461539 0.5072115384615385 0.5600961538461539 0.5072115384615385 0.5913461538461539 0.543269230769231 0.5913461538461539
0 0.4206730769230769 0.3173076923076923 0.38461538461538464 0.3173076923076923 0.38461538461538464 0.3485576923076923 0.4206730769230769 0.3485576923076923
0 0.5144230769230769 0.5240384615384616 0.47115384615384615 0.5240384615384616 0.47115384615384615 0.5552884615384616 0.5144230769230769 0.5552884615384616
0 0.47836538461538464 0.4423076923076923 0.43509615384615385 0.4423076923076923 0.43509615384615385 0.4807692307692308 0.47836538461538464 0.4807692307692308
0 0.45913461538461536 0.43028846153846156 0.4230769230769231 0.43028846153846156 0.4230769230769231 0.45913461538461536 0.45913461538461536 0.45913461538461536
0 0.3918269230769231 0.29807692307692313 0.3485576923076923 0.29807692307692313 0.3485576923076923 0.3317307692307692 0.3918269230769231 0.3317307692307692
0 0.43990384615384615 0.41586538461538464 0.3942307692307692 0.41586538461538464 0.3942307692307692 0.4519230769230769 0.43990384615384615 0.4519230769230769
0 0.574519230769231 0.7548076923076923 0.5384615384615385 0.7548076923076923 0.5384615384615385 0.7836538461538461 0.574519230769231 0.7836538461538461
0 0.3870192307692308 0.34615384615384615 0.34375 0.34615384615384615 0.34375 0.3894230769230769 0.3870192307692308 0.3894230769230769
0 0.36538461538461536 0.34375 0.32211538461538464 0.34375 0.32211538461538464 0.37740384615384615 0.36538461538461536 0.37740384615384615
0 0.35096153846153844 0.37259615384615385 0.3076923076923077 0.37259615384615385 0.3076923076923077 0.40384615384615385 0.35096153846153844 0.40384615384615385
0 0.3629807692307692 0.4110576923076923 0.3269230769230769 0.4110576923076923 0.3269230769230769 0.44471153846153844 0.3629807692307692 0.44471153846153844
0 0.3317307692307692 0.36538461538461536 0.2908653846153847 0.36538461538461536 0.2908653846153847 0.3942307692307692 0.3317307692307692 0.3942307692307692
0 0.3894230769230769 0.5144230769230769 0.3557692307692308 0.5144230769230769 0.3557692307692308 0.5456730769230769 0.3894230769230769 0.5456730769230769
0 0.37259615384615385 0.5120192307692307 0.34134615384615385 0.5120192307692307 0.34134615384615385 0.5408653846153846 0.37259615384615385 0.5408653846153846
0 0.4086538461538463 0.6129807692307693 0.37980769230769246 0.6129807692307693 0.37980769230769246 0.6418269230769231 0.4086538461538463 0.6418269230769231
0 0.44230769230769246 0.6826923076923077 0.3990384615384617 0.6826923076923077 0.3990384615384617 0.7163461538461539 0.44230769230769246 0.7163461538461539
0 0.295673076923077 0.40625 0.26201923076923084 0.40625 0.26201923076923084 0.4375 0.295673076923077 0.4375
0 0.39663461538461553 0.6514423076923077 0.37259615384615397 0.6514423076923077 0.37259615384615397 0.6730769230769231 0.39663461538461553 0.6730769230769231
0 0.295673076923077 0.4254807692307692 0.26201923076923084 0.4254807692307692 0.26201923076923084 0.4543269230769231 0.295673076923077 0.4543269230769231
0 0.2836538461538462 0.4951923076923077 0.2475961538461539 0.4951923076923077 0.2475961538461539 0.5216346153846154 0.2836538461538462 0.5216346153846154
0 0.2692307692307693 0.46634615384615385 0.2379807692307693 0.46634615384615385 0.2379807692307693 0.49278846153846156 0.2692307692307693 0.49278846153846156
0 0.3004807692307693 0.53125 0.25721153846153855 0.53125 0.25721153846153855 0.5625 0.3004807692307693 0.5625
0 0.34855769230769246 0.6682692307692307 0.31730769230769246 0.6682692307692307 0.31730769230769246 0.6947115384615384 0.34855769230769246 0.6947115384615384
0 0.2716346153846155 0.5745192307692307 0.2475961538461539 0.5745192307692307 0.2475961538461539 0.5961538461538461 0.2716346153846155 0.5961538461538461
0 0.2692307692307693 0.6129807692307693 0.2379807692307693 0.6129807692307693 0.2379807692307693 0.6394230769230769 0.2692307692307693 0.6394230769230769
0 0.22115384615384623 0.5432692307692307 0.19230769230769237 0.5432692307692307 0.19230769230769237 0.5649038461538461 0.22115384615384623 0.5649038461538461
0 0.22115384615384623 0.5504807692307693 0.18269230769230776 0.5504807692307693 0.18269230769230776 0.5793269230769231 0.22115384615384623 0.5793269230769231
0 0.2692307692307693 0.7668269230769231 0.2379807692307693 0.7668269230769231 0.2379807692307693 0.7956730769230769 0.2692307692307693 0.7956730769230769
0 0.21394230769230776 0.7259615384615384 0.18028846153846162 0.7259615384615384 0.18028846153846162 0.7548076923076923 0.21394230769230776 0.7548076923076923
0 0.2548076923076924 0.8197115384615384 0.22355769230769237 0.8197115384615384 0.2235576923076924 0.8485576923076923 0.25480769230769246 0.8485576923076923