0 0.32211538461538464 0.4543269230769231 0.28846153846153855 0.4543269230769231 0.28846153846153855 0.47836538461538464 0.32211538461538464 0.47836538461538464
0 0.3918269230769231 0.34134615384615385 0.3581730769230769 0.34134615384615385 0.3581730769230769 0.36778846153846156 0.3918269230769231 0.36778846153846156
0 0.44471153846153844 0.5192307692307693 0.39903846153846156 0.5192307692307693 0.39903846153846156 0.5456730769230769 0.44471153846153844 0.5456730769230769
0 0.44711538461538464 0.4375 0.40865384615384615 0.4375 0.40865384615384615 0.46153846153846156 0.44711538461538464 0.46153846153846156
0 0.4375 0.38221153846153844 0.40865384615384615 0.38221153846153844 0.40865384615384615 0.4014423076923077 0.4375 0.4014423076923077
0 0.4567307692307692 0.39903846153846156 0.4182692307692308 0.39903846153846156 0.4182692307692308 0.43028846153846156 0.4567307692307692 0.43028846153846156
0 0.46634615384615385 0.33413461538461536 0.4230769230769231 0.33413461538461536 0.4230769230769231 0.36538461538461536 0.46634615384615385 0.36538461538461536
0 0.5024038461538461 0.28846153846153855 0.45913461538461536 0.28846153846153855 0.45913461538461536 0.3269230769230769 0.5024038461538461 0.3269230769230769
0 0.5216346153846154 0.42788461538461536 0.4879807692307692 0.42788461538461536 0.4879807692307692 0.4495192307692308 0.5216346153846154 0.4495192307692308
0 0.5625 0.4615384615384616 0.5144230769230769 0.46153846153846156 0.5144230769230769 0.49519230769230776 0.5625 0.4951923076923078
0 0.5408653846153846 0.3269230769230769 0.5024038461538461 0.3269230769230769 0.5024038461538461 0.35336538461538464 0.5408653846153846 0.35336538461538464
0 0.5697115384615384 0.5048076923076924 0.5288461538461539 0.5048076923076923 0.5288461538461539 0.5336538461538463 0.5697115384615384 0.5336538461538463
0 0.5673076923076923 0.47596153846153855 0.5336538461538461 0.47596153846153844 0.5336538461538461 0.5000000000000001 0.5673076923076923 0.5000000000000001
0 0.5673076923076923 0.35096153846153855 0.5264423076923077 0.35096153846153844 0.5264423076923077 0.3798076923076924 0.5673076923076923 0.37980769230769246
0 0.5745192307692307 0.36057692307692313 0.5336538461538461 0.3605769230769231 0.5336538461538461 0.3846153846153847 0.5745192307692307 0.38461538461538475
0 0.5697115384615384 0.2692307692307693 0.5264423076923077 0.2692307692307693 0.5264423076923077 0.3004807692307693 0.5697115384615384 0.3004807692307693
0 0.6153846153846154 0.4759615384615386 0.5721153846153846 0.4759615384615386 0.5721153846153846 0.5072115384615385 0.6153846153846154 0.5072115384615385
0 0.6057692307692307 0.4615384615384617 0.5721153846153846 0.4615384615384617 0.5721153846153846 0.48317307692307704 0.6057692307692307 0.48317307692307704
0 0.6009615384615384 0.42307692307692324 0.5673076923076923 0.42307692307692324 0.5673076923076923 0.4447115384615386 0.6009615384615384 0.4447115384615386
0 0.6274038461538461 0.5168269230769232 0.5889423076923077 0.5168269230769232 0.5889423076923077 0.5480769230769232 0.6274038461538461 0.5480769230769232
0 0.6057692307692307 0.39182692307692324 0.5745192307692307 0.39182692307692324 0.5745192307692307 0.4134615384615386 0.6057692307692307 0.4134615384615386
0 0.6298076923076923 0.4134615384615386 0.6009615384615384 0.4134615384615386 0.6009615384615384 0.4375000000000001 0.6298076923076923 0.4375000000000001
0 0.6538461538461539 0.45192307692307704 0.6057692307692307 0.45192307692307704 0.6057692307692307 0.4879807692307694 0.6538461538461539 0.4879807692307694
0 0.6201923076923077 0.28846153846153855 0.5841346153846154 0.28846153846153855 0.5841346153846154 0.3149038461538463 0.6201923076923077 0.3149038461538463
0 0.6538461538461539 0.3629807692307694 0.6225961538461539 0.3629807692307694 0.6225961538461539 0.38461538461538475 0.6538461538461539 0.38461538461538475
0 0.6634615384615384 0.4086538461538463 0.625 0.4086538461538463 0.625 0.43509615384615397 0.6634615384615384 0.43509615384615397
0 0.6490384615384616 0.295673076923077 0.6153846153846154 0.295673076923077 0.6153846153846154 0.3197115384615386 0.6490384615384616 0.3197115384615386
0 0.6850961538461539 0.44230769230769246 0.6466346153846154 0.44230769230769246 0.6466346153846154 0.4687500000000001 0.6850961538461539 0.4687500000000001
0 0.6610576923076923 0.31730769230769246 0.6346153846153846 0.31730769230769246 0.6346153846153846 0.3365384615384617 0.6610576923076923 0.3365384615384617
0 0.6899038461538461 0.45432692307692324 0.65625 0.45432692307692324 0.65625 0.4807692307692309 0.6899038461538461 0.4807692307692309
0 0.6947115384615384 0.41586538461538475 0.6466346153846154 0.41586538461538475 0.6466346153846154 0.4495192307692309 0.6947115384615384 0.4495192307692309
0 0.6971153846153846 0.3317307692307694 0.6634615384615384 0.3317307692307694 0.6634615384615384 0.35336538461538475 0.6971153846153846 0.35336538461538475
0 0.7115384615384616 0.3750000000000001 0.6706730769230769 0.3750000000000001 0.6706730769230769 0.40384615384615397 0.7115384615384616 0.40384615384615397
0 0.7091346153846154 0.3701923076923078 0.6706730769230769 0.3701923076923078 0.6706730769230769 0.38942307692307704 0.7091346153846154 0.38942307692307704
0 0.7211538461538461 0.3461538461538463 0.6730769230769231 0.3461538461538463 0.6730769230769231 0.3750000000000001 0.7211538461538461 0.3750000000000001
0 0.7259615384615384 0.3990384615384617 0.6875 0.3990384615384617 0.6875 0.4254807692307694 0.7259615384615384 0.4254807692307694
0 0.7475961538461539 0.4399038461538463 0.7067307692307693 0.4399038461538463 0.7067307692307693 0.4639423076923078 0.7475961538461539 0.4639423076923078
0 0.7307692307692307 0.3557692307692309 0.7067307692307693 0.3557692307692309 0.7067307692307693 0.3750000000000001 0.7307692307692307 0.3750000000000001
0 0.5504807692307694 0.9230769230769231 0.4759615384615386 0.9230769230769231 0.4759615384615386 0.9783653846153846 0.5504807692307694 0.9783653846153846