0 0.18750000000000006 0.4423076923076923 0.12019230769230776 0.4423076923076923 0.12019230769230776 0.4807692307692308 0.18750000000000006 0.4807692307692308
0 0.22596153846153852 0.5072115384615384 0.1850961538461539 0.5072115384615384 0.1850961538461539 0.5360576923076923 0.22596153846153852 0.5360576923076923
0 0.23317307692307698 0.38221153846153844 0.18750000000000006 0.38221153846153844 0.18750000000000006 0.41346153846153844 0.23317307692307698 0.41346153846153844
0 0.264423076923077 0.5673076923076923 0.20913461538461545 0.5673076923076923 0.20913461538461545 0.6033653846153846 0.264423076923077 0.6033653846153846
0 0.2716346153846155 0.6105769230769231 0.22355769230769237 0.6105769230769231 0.22355769230769237 0.6466346153846154 0.2716346153846155 0.6466346153846154
0 0.2692307692307693 0.4495192307692308 0.2163461538461539 0.4495192307692308 0.2163461538461539 0.4831730769230769 0.2692307692307693 0.4831730769230769
0 0.295673076923077 0.5552884615384616 0.25721153846153855 0.5552884615384616 0.25721153846153855 0.5817307692307693 0.295673076923077 0.5817307692307693
0 0.3100961538461539 0.5336538461538461 0.2692307692307693 0.5336538461538461 0.2692307692307693 0.5625 0.31009615384615397 0.5625
0 0.3149038461538463 0.5769230769230769 0.2788461538461539 0.5769230769230769 0.2788461538461539 0.6057692307692307 0.3149038461538463 0.6057692307692307
0 0.31971153846153844 0.3485576923076923 0.2596153846153847 0.3485576923076923 0.2596153846153847 0.38461538461538464 0.31971153846153844 0.38461538461538464
0 0.3365384615384617 0.6802884615384616 0.29326923076923084 0.6802884615384616 0.29326923076923084 0.7115384615384616 0.3365384615384617 0.7115384615384616
0 0.32932692307692324 0.59375 0.29326923076923084 0.59375 0.29326923076923084 0.6201923076923077 0.32932692307692324 0.6201923076923077
0 0.32211538461538464 0.40384615384615385 0.2740384615384616 0.40384615384615385 0.2740384615384616 0.43990384615384615 0.32211538461538464 0.43990384615384615
0 0.34855769230769246 0.6538461538461539 0.3076923076923078 0.6538461538461539 0.3076923076923078 0.6802884615384616 0.34855769230769246 0.6802884615384616
0 0.35576923076923084 0.5408653846153846 0.3173076923076923 0.5408653846153846 0.3173076923076924 0.5697115384615384 0.3557692307692309 0.5697115384615384
0 0.3774038461538463 0.6129807692307693 0.3197115384615386 0.6129807692307693 0.3197115384615386 0.6418269230769231 0.3774038461538463 0.6418269230769231
0 0.36538461538461536 0.3028846153846155 0.3173076923076923 0.3028846153846155 0.3173076923076923 0.33413461538461536 0.36538461538461536 0.33413461538461536
0 0.42067307692307704 0.65625 0.36057692307692324 0.65625 0.36057692307692324 0.6923076923076923 0.42067307692307704 0.6923076923076923
0 0.4302884615384617 0.6442307692307693 0.38461538461538475 0.6442307692307693 0.38461538461538475 0.6754807692307693 0.4302884615384617 0.6754807692307693
0 0.44471153846153855 0.5552884615384616 0.3918269230769231 0.5552884615384616 0.39182692307692313 0.5913461538461539 0.4447115384615386 0.5913461538461539
0 0.4639423076923078 0.6514423076923077 0.41105769230769246 0.6514423076923077 0.41105769230769246 0.6826923076923077 0.4639423076923078 0.6826923076923077
0 0.49038461538461553 0.5913461538461539 0.43509615384615397 0.5913461538461539 0.43509615384615397 0.6225961538461539 0.49038461538461553 0.6225961538461539
0 0.5096153846153848 0.5649038461538461 0.4711538461538463 0.5649038461538461 0.4711538461538463 0.59375 0.5096153846153848 0.59375
0 0.5072115384615384 0.3557692307692308 0.4519230769230769 0.3557692307692308 0.4519230769230769 0.39903846153846156 0.5072115384615384 0.39903846153846156
0 0.5528846153846155 0.6682692307692307 0.4879807692307694 0.6682692307692307 0.4879807692307694 0.7043269230769231 0.5528846153846155 0.7043269230769231
0 0.53125 0.4326923076923077 0.47115384615384615 0.4326923076923077 0.47115384615384615 0.46875 0.53125 0.46875
0 0.5408653846153846 0.4807692307692308 0.47836538461538464 0.4807692307692308 0.47836538461538464 0.5216346153846154 0.5408653846153846 0.5216346153846154
0 0.5408653846153848 0.6105769230769231 0.5048076923076924 0.6105769230769231 0.5048076923076924 0.6370192307692307 0.5408653846153848 0.6370192307692307
0 0.5793269230769232 0.5985576923076924 0.5312500000000001 0.5985576923076923 0.5312500000000001 0.6346153846153846 0.5793269230769232 0.6346153846153846
0 0.5841346153846155 0.625 0.5312500000000001 0.625 0.5312500000000001 0.6610576923076923 0.5841346153846155 0.6610576923076923
0 0.5745192307692307 0.4663461538461539 0.5336538461538461 0.46634615384615385 0.5336538461538461 0.4975961538461539 0.5745192307692307 0.49759615384615397
0 0.5961538461538461 0.4110576923076924 0.5432692307692307 0.4110576923076923 0.5432692307692307 0.4471153846153847 0.5961538461538461 0.44711538461538475
0 0.6370192307692307 0.6610576923076923 0.5961538461538463 0.6610576923076923 0.5961538461538463 0.6899038461538461 0.6370192307692307 0.6899038461538461
0 0.6682692307692307 0.574519230769231 0.6105769230769232 0.574519230769231 0.6105769230769232 0.6105769230769232 0.6682692307692307 0.6105769230769232
0 0.6634615384615384 0.5480769230769232 0.6225961538461539 0.5480769230769232 0.6225961538461539 0.5769230769230771 0.6634615384615384 0.5769230769230771
0 0.6778846153846154 0.5961538461538463 0.6370192307692307 0.5961538461538463 0.6370192307692307 0.6225961538461539 0.6778846153846154 0.6225961538461539
0 0.7740384615384616 0.4807692307692309 0.7379807692307693 0.4807692307692309 0.7379807692307693 0.5096153846153848 0.7740384615384616 0.5096153846153848
0 0.8052884615384616 0.45432692307692324 0.7596153846153846 0.45432692307692324 0.7596153846153846 0.48557692307692324 0.8052884615384616 0.48557692307692324
0 0.8533653846153846 0.6225961538461539 0.8173076923076923 0.6225961538461539 0.8173076923076923 0.6466346153846154 0.8533653846153846 0.6466346153846154