0 0.7067307692307693 0.9254807692307693 0.6586538461538461 0.9254807692307693 0.6586538461538461 0.9543269230769231 0.7067307692307693 0.9543269230769231
0 0.6995192307692307 0.8149038461538461 0.6538461538461539 0.8149038461538461 0.6538461538461539 0.8461538461538461 0.6995192307692307 0.8461538461538461
0 0.6153846153846154 0.6586538461538461 0.574519230769231 0.6586538461538461 0.574519230769231 0.6875 0.6153846153846154 0.6875
0 0.6081730769230771 0.6322115384615384 0.5721153846153848 0.6322115384615384 0.5721153846153848 0.6586538461538461 0.6081730769230771 0.6586538461538461
0 0.5889423076923078 0.8004807692307693 0.543269230769231 0.8004807692307693 0.543269230769231 0.8317307692307693 0.5889423076923078 0.8317307692307693
0 0.5649038461538461 0.5240384615384616 0.5264423076923077 0.5240384615384616 0.5264423076923077 0.5480769230769231 0.5649038461538461 0.5480769230769232
0 0.5576923076923078 0.7043269230769231 0.5264423076923078 0.7043269230769231 0.5264423076923078 0.7235576923076923 0.5576923076923078 0.7235576923076923
0 0.5408653846153847 0.5480769230769231 0.5 0.5480769230769231 0.5000000000000001 0.5817307692307693 0.5408653846153848 0.5817307692307693
0 0.5264423076923078 0.6899038461538461 0.48317307692307704 0.6899038461538461 0.48317307692307704 0.7115384615384616 0.5264423076923078 0.7115384615384616
0 0.5048076923076924 0.7139423076923077 0.4687500000000001 0.7139423076923077 0.4687500000000001 0.7403846153846154 0.5048076923076924 0.7403846153846154
0 0.5048076923076924 0.6322115384615384 0.4639423076923078 0.6322115384615384 0.4639423076923078 0.6610576923076923 0.5048076923076924 0.6610576923076923
0 0.4927884615384617 0.8004807692307693 0.4495192307692309 0.8004807692307693 0.4495192307692309 0.8269230769230769 0.4927884615384617 0.8269230769230769
0 0.4711538461538463 0.8125 0.4375000000000001 0.8125 0.4375000000000001 0.8365384615384616 0.4711538461538463 0.8365384615384616
0 0.45913461538461536 0.46875 0.4182692307692308 0.46875 0.4182692307692308 0.49759615384615385 0.45913461538461536 0.49759615384615385
0 0.45192307692307704 0.5721153846153846 0.42307692307692324 0.5721153846153846 0.42307692307692324 0.5913461538461539 0.45192307692307704 0.5913461538461539
0 0.45432692307692324 0.6346153846153846 0.42067307692307704 0.6346153846153846 0.42067307692307704 0.6610576923076923 0.45432692307692324 0.6610576923076923
0 0.40865384615384615 0.5024038461538461 0.3629807692307692 0.5024038461538461 0.3629807692307692 0.53125 0.40865384615384615 0.53125
0 0.41105769230769246 0.6033653846153846 0.36538461538461553 0.6033653846153846 0.36538461538461553 0.6346153846153846 0.41105769230769246 0.6346153846153846
0 0.40384615384615397 0.7572115384615384 0.37259615384615397 0.7572115384615384 0.37259615384615397 0.7788461538461539 0.40384615384615397 0.7788461538461539
0 0.3774038461538462 0.5480769230769231 0.34134615384615385 0.5480769230769231 0.3413461538461539 0.5745192307692307 0.3774038461538463 0.5745192307692307
0 0.3677884615384617 0.6201923076923077 0.3317307692307694 0.6201923076923077 0.3317307692307694 0.6418269230769231 0.3677884615384617 0.6418269230769231
0 0.37259615384615397 0.7475961538461539 0.3365384615384617 0.7475961538461539 0.3365384615384617 0.7740384615384616 0.37259615384615397 0.7740384615384616
0 0.36057692307692313 0.5552884615384616 0.3269230769230769 0.5552884615384616 0.326923076923077 0.5793269230769231 0.36057692307692324 0.5793269230769231
0 0.3461538461538463 0.6490384615384616 0.31009615384615397 0.6490384615384616 0.31009615384615397 0.6754807692307693 0.3461538461538463 0.6754807692307693
0 0.3437500000000001 0.6995192307692307 0.29807692307692313 0.6995192307692307 0.29807692307692313 0.7235576923076923 0.3437500000000001 0.7235576923076923
0 0.32932692307692324 0.7956730769230769 0.2788461538461539 0.7956730769230769 0.2788461538461539 0.8221153846153846 0.32932692307692324 0.8221153846153846
0 0.3004807692307693 0.6730769230769231 0.26682692307692313 0.6730769230769231 0.26682692307692313 0.6971153846153846 0.3004807692307693 0.6971153846153846
0 0.28125000000000006 0.37259615384615385 0.2475961538461539 0.37259615384615385 0.2475961538461539 0.39663461538461536 0.28125000000000006 0.39663461538461536
0 0.2788461538461539 0.5504807692307693 0.2379807692307693 0.5504807692307693 0.2379807692307693 0.5793269230769231 0.2788461538461539 0.5793269230769231
0 0.264423076923077 0.4206730769230769 0.24038461538461545 0.4206730769230769 0.24038461538461545 0.4423076923076923 0.264423076923077 0.4423076923076923
0 0.2716346153846155 0.6057692307692307 0.2379807692307693 0.6057692307692307 0.2379807692307693 0.6298076923076923 0.2716346153846155 0.6298076923076923
0 0.2524038461538462 0.37740384615384615 0.2283653846153847 0.37740384615384615 0.2283653846153847 0.40384615384615385 0.2524038461538462 0.40384615384615385
0 0.2524038461538462 0.7427884615384616 0.21153846153846162 0.7427884615384616 0.21153846153846162 0.7692307692307693 0.2524038461538462 0.7692307692307693
0 0.23076923076923084 0.4855769230769231 0.1850961538461539 0.4855769230769231 0.1850961538461539 0.5168269230769231 0.23076923076923084 0.5168269230769231
0 0.22355769230769237 0.5889423076923077 0.1850961538461539 0.5889423076923077 0.1850961538461539 0.6129807692307693 0.22355769230769237 0.6129807692307693
0 0.18269230769230776 0.5769230769230769 0.14182692307692316 0.5769230769230769 0.14182692307692316 0.6033653846153846 0.18269230769230776 0.6033653846153846
0 0.13701923076923084 0.5600961538461539 0.09615384615384623 0.5600961538461539 0.09615384615384623 0.5865384615384616 0.13701923076923084 0.5865384615384616
0 0.11057692307692314 0.42788461538461536 0.07211538461538466 0.42788461538461536 0.07211538461538466 0.4639423076923077 0.11057692307692314 0.4639423076923077
0 0.39182692307692324 0.6610576923076923 0.3461538461538463 0.6610576923076923 0.3461538461538463 0.6923076923076923 0.39182692307692324 0.6923076923076923