0 0.6923076923076923 0.3942307692307694 0.6586538461538461 0.3942307692307694 0.6586538461538461 0.41586538461538475 0.6923076923076923 0.41586538461538475
0 0.5889423076923077 0.3100961538461539 0.5552884615384616 0.31009615384615385 0.5552884615384616 0.3317307692307693 0.5889423076923077 0.3317307692307694
0 0.6081730769230769 0.4951923076923078 0.5649038461538461 0.4951923076923078 0.5649038461538461 0.5144230769230771 0.6081730769230769 0.5144230769230771
0 0.5721153846153846 0.420673076923077 0.5360576923076923 0.4206730769230769 0.5360576923076923 0.43750000000000006 0.5721153846153846 0.4375000000000001
0 0.5528846153846154 0.36538461538461536 0.5264423076923077 0.36538461538461536 0.5264423076923077 0.38221153846153844 0.5528846153846154 0.38221153846153844
0 0.5504807692307693 0.38461538461538464 0.5144230769230769 0.38461538461538464 0.5144230769230769 0.4110576923076923 0.5504807692307693 0.4110576923076923
0 0.5240384615384616 0.3269230769230769 0.4831730769230769 0.3269230769230769 0.4831730769230769 0.35096153846153844 0.5240384615384616 0.35096153846153844
0 0.47596153846153844 0.29807692307692313 0.4375 0.29807692307692313 0.4375 0.3293269230769231 0.47596153846153844 0.3293269230769231
0 0.49278846153846156 0.43509615384615385 0.46153846153846156 0.43509615384615385 0.46153846153846156 0.4519230769230769 0.49278846153846156 0.4519230769230769
0 0.4807692307692308 0.4807692307692308 0.43509615384615385 0.4807692307692308 0.43509615384615385 0.5048076923076923 0.4807692307692308 0.5048076923076923
0 0.44711538461538464 0.34375 0.4110576923076923 0.34375 0.4110576923076923 0.36778846153846156 0.44711538461538464 0.36778846153846156
0 0.4807692307692308 0.5240384615384616 0.43990384615384615 0.5240384615384616 0.43990384615384615 0.5432692307692307 0.4807692307692308 0.5432692307692307
0 0.4639423076923077 0.4951923076923077 0.43509615384615385 0.4951923076923077 0.43509615384615385 0.5120192307692307 0.4639423076923077 0.5120192307692307
0 0.4326923076923077 0.375 0.3918269230769231 0.375 0.3918269230769231 0.39663461538461536 0.4326923076923077 0.39663461538461536
0 0.42788461538461536 0.3894230769230769 0.3894230769230769 0.3894230769230769 0.3894230769230769 0.40625 0.42788461538461536 0.40625
0 0.40625 0.3004807692307693 0.36538461538461536 0.3004807692307693 0.36538461538461536 0.3269230769230769 0.40625 0.3269230769230769
0 0.43028846153846156 0.5096153846153846 0.3894230769230769 0.5096153846153846 0.3894230769230769 0.5360576923076923 0.43028846153846156 0.5360576923076923
0 0.4230769230769231 0.49759615384615385 0.3918269230769231 0.49759615384615385 0.3918269230769231 0.5120192307692307 0.4230769230769231 0.5120192307692307
0 0.41586538461538464 0.4543269230769231 0.38461538461538464 0.4543269230769231 0.38461538461538464 0.47115384615384615 0.41586538461538464 0.47115384615384615
0 0.4254807692307693 0.5528846153846154 0.3894230769230769 0.5528846153846154 0.389423076923077 0.5793269230769231 0.4254807692307694 0.5793269230769231
0 0.39903846153846156 0.42788461538461536 0.3701923076923077 0.42788461538461536 0.3701923076923077 0.44471153846153844 0.39903846153846156 0.44471153846153844
0 0.38221153846153844 0.4543269230769231 0.3557692307692308 0.4543269230769231 0.3557692307692308 0.47596153846153844 0.38221153846153844 0.47596153846153844
0 0.3918269230769231 0.49759615384615385 0.34615384615384615 0.49759615384615385 0.34615384615384615 0.5288461538461539 0.3918269230769231 0.5288461538461539
0 0.3557692307692308 0.33413461538461536 0.32211538461538464 0.33413461538461536 0.32211538461538464 0.3557692307692308 0.3557692307692308 0.3557692307692308
0 0.34375 0.41586538461538464 0.31490384615384615 0.41586538461538464 0.31490384615384615 0.4326923076923077 0.34375 0.4326923076923077
0 0.3581730769230769 0.4639423076923077 0.32211538461538464 0.4639423076923077 0.32211538461538464 0.4831730769230769 0.3581730769230769 0.4831730769230769
0 0.3293269230769231 0.35096153846153844 0.295673076923077 0.35096153846153844 0.295673076923077 0.3701923076923077 0.3293269230769231 0.3701923076923077
0 0.3485576923076923 0.5 0.3125 0.5 0.3125 0.5216346153846154 0.3485576923076923 0.5216346153846154
0 0.3173076923076923 0.37740384615384615 0.29326923076923084 0.37740384615384615 0.29326923076923084 0.3918269230769231 0.3173076923076923 0.3918269230769231
0 0.34375 0.5144230769230769 0.3125 0.5144230769230769 0.3125 0.5360576923076923 0.34375 0.5360576923076923
0 0.34134615384615385 0.47836538461538464 0.295673076923077 0.47836538461538464 0.295673076923077 0.5072115384615384 0.34134615384615385 0.5072115384615384
0 0.295673076923077 0.40384615384615385 0.264423076923077 0.40384615384615385 0.264423076923077 0.4182692307692308 0.295673076923077 0.4182692307692308
0 0.3052884615384616 0.44711538461538464 0.264423076923077 0.44711538461538464 0.264423076923077 0.46875 0.3052884615384616 0.46875
0 0.3004807692307693 0.43990384615384615 0.264423076923077 0.43990384615384615 0.264423076923077 0.4567307692307692 0.3004807692307693 0.4567307692307692
0 0.29326923076923084 0.4230769230769231 0.24519230769230776 0.4230769230769231 0.24519230769230776 0.44471153846153844 0.29326923076923084 0.44471153846153844
0 0.295673076923077 0.4735576923076923 0.25721153846153855 0.4735576923076923 0.25721153846153855 0.4951923076923077 0.295673076923077 0.4951923076923077
0 0.2908653846153847 0.5192307692307693 0.25000000000000006 0.5192307692307693 0.25000000000000006 0.5384615384615384 0.2908653846153847 0.5384615384615384
0 0.26201923076923084 0.43509615384615385 0.24038461538461545 0.43509615384615385 0.24038461538461545 0.4519230769230769 0.26201923076923084 0.4519230769230769
0 0.6706730769230769 0.9086538461538461 0.6033653846153848 0.9086538461538461 0.6033653846153848 0.9495192307692307 0.6706730769230769 0.9495192307692307