0 0.5697115384615384 0.036057692307692374 0.5 0.03605769230769237 0.5 0.14663461538461545 0.5697115384615384 0.14663461538461545
0 0.3894230769230769 0.16105769230769237 0.2956730769230769 0.16105769230769237 0.295673076923077 0.31490384615384615 0.3894230769230769 0.31490384615384615
0 0.9206730769230769 0.11538461538461549 0.8389423076923077 0.11538461538461549 0.8389423076923077 0.247596153846154 0.9206730769230769 0.247596153846154
0 0.13221153846153852 0.39663461538461536 0.045673076923076976 0.39663461538461536 0.04567307692307698 0.5360576923076923 0.13221153846153852 0.5360576923076923
0 0.5528846153846154 0.34615384615384615 0.46634615384615385 0.34615384615384615 0.46634615384615385 0.47115384615384615 0.5528846153846154 0.47115384615384615
0 0.35096153846153844 0.4014423076923077 0.2716346153846155 0.4014423076923077 0.2716346153846155 0.5216346153846154 0.35096153846153844 0.5216346153846154
0 0.7115384615384616 0.36057692307692324 0.6298076923076923 0.36057692307692324 0.6298076923076923 0.4759615384615386 0.7115384615384616 0.4759615384615386
0 0.9134615384615384 0.33413461538461553 0.8317307692307693 0.33413461538461553 0.8317307692307693 0.4399038461538463 0.9134615384615384 0.4399038461538463
0 0.65625 0.43509615384615397 0.5817307692307693 0.43509615384615397 0.5817307692307693 0.5336538461538463 0.65625 0.5336538461538463
0 0.5817307692307693 0.4711538461538462 0.4951923076923077 0.47115384615384615 0.49519230769230776 0.5985576923076924 0.5817307692307694 0.5985576923076924
0 0.35576923076923084 0.5120192307692307 0.2740384615384616 0.5120192307692307 0.2740384615384616 0.6490384615384616 0.3557692307692309 0.6490384615384616
0 0.7235576923076923 0.4375000000000001 0.6322115384615384 0.4375000000000001 0.6322115384615384 0.5841346153846155 0.7235576923076923 0.5841346153846155
0 0.42307692307692313 0.4807692307692308 0.3245192307692308 0.4807692307692308 0.32451923076923084 0.6682692307692307 0.42307692307692324 0.6682692307692307
0 0.7860576923076923 9.155412368625644e-17 0.7091346153846154 8.684394368953586e-17 0.7091346153846154 0.05288461538461548 0.7860576923076923 0.05288461538461549
0 1 0.48317307692307704 0.9663461538461539 0.48317307692307704 0.9663461538461539 0.5985576923076924 1 0.5985576923076924
0 0.6466346153846154 7.28605968242716e-17 0.5432692307692307 6.653129245367832e-17 0.5432692307692307 0.1129807692307693 0.6466346153846154 0.1129807692307693
0 0.18028846153846154 0.06250000000000001 0.0985576923076923 0.06250000000000001 0.09855769230769232 0.16826923076923078 0.18028846153846154 0.16826923076923078
0 0.22115384615384615 0.055288461538461564 0.12740384615384615 0.05528846153846156 0.12740384615384617 0.20673076923076922 0.22115384615384615 0.20673076923076922
0 1 0.6754807692307693 0.9711538461538461 0.6754807692307693 0.9711538461538461 0.7788461538461539 1 0.7788461538461539
0 0.26682692307692324 0.8990384615384616 0.17788461538461553 0.8990384615384616 0.17788461538461553 0.9807692307692307 0.26682692307692324 0.9807692307692307
0 0.14423076923076925 0.06971153846153848 0.08653846153846154 0.06971153846153848 0.08653846153846155 0.15865384615384615 0.14423076923076927 0.15865384615384615