0 0.5360576923076923 0.2836538461538462 0.5168269230769231 0.2836538461538462 0.5168269230769231 0.3173076923076923 0.5360576923076923 0.3173076923076923
0 0.47596153846153844 0.3076923076923077 0.4567307692307692 0.3076923076923077 0.4567307692307692 0.3317307692307692 0.47596153846153844 0.3317307692307692
0 0.43509615384615385 0.3173076923076923 0.41346153846153844 0.3173076923076923 0.41346153846153844 0.35336538461538464 0.43509615384615385 0.35336538461538464
0 0.4110576923076923 0.3557692307692308 0.4014423076923077 0.3557692307692308 0.4014423076923077 0.36538461538461536 0.4110576923076923 0.36538461538461536
0 0.5240384615384616 0.3269230769230769 0.5120192307692307 0.3269230769230769 0.5120192307692307 0.3485576923076923 0.5240384615384616 0.3485576923076923
0 0.5528846153846154 0.3245192307692308 0.5336538461538461 0.3245192307692308 0.5336538461538461 0.35336538461538464 0.5528846153846154 0.35336538461538464
0 0.3870192307692308 0.3701923076923077 0.3701923076923077 0.3701923076923077 0.3701923076923077 0.3942307692307692 0.3870192307692308 0.3942307692307692
0 0.5384615384615384 0.3389423076923077 0.5240384615384616 0.3389423076923077 0.5240384615384616 0.3629807692307692 0.5384615384615384 0.3629807692307692
0 0.5168269230769231 0.3629807692307692 0.5 0.3629807692307692 0.5 0.3870192307692308 0.5168269230769231 0.3870192307692308
0 0.5024038461538461 0.3870192307692308 0.4831730769230769 0.3870192307692308 0.4831730769230769 0.4110576923076923 0.5024038461538461 0.4110576923076923
0 0.5769230769230769 0.37259615384615397 0.5600961538461539 0.37259615384615397 0.5600961538461539 0.3990384615384617 0.5769230769230769 0.3990384615384617
0 0.5264423076923077 0.3918269230769231 0.5096153846153846 0.3918269230769231 0.5096153846153846 0.4182692307692308 0.5264423076923077 0.4182692307692308
0 0.4831730769230769 0.41346153846153844 0.46634615384615385 0.41346153846153844 0.46634615384615385 0.43990384615384615 0.4831730769230769 0.43990384615384615
0 0.44711538461538464 0.42788461538461536 0.42788461538461536 0.42788461538461536 0.42788461538461536 0.45913461538461536 0.44711538461538464 0.45913461538461536
0 0.5649038461538461 0.3966346153846155 0.5456730769230769 0.39663461538461536 0.5456730769230769 0.4278846153846155 0.5649038461538461 0.42788461538461553
0 0.5096153846153846 0.41586538461538464 0.49038461538461536 0.41586538461538464 0.49038461538461536 0.4423076923076923 0.5096153846153846 0.4423076923076923
0 0.5841346153846154 0.4086538461538463 0.5625 0.4086538461538463 0.5625 0.43509615384615397 0.5841346153846154 0.43509615384615397
0 0.5576923076923077 0.43028846153846156 0.5432692307692307 0.43028846153846156 0.5432692307692307 0.4567307692307692 0.5576923076923077 0.4567307692307692
0 0.5961538461538461 0.4326923076923078 0.5793269230769231 0.4326923076923078 0.5793269230769231 0.45913461538461553 0.5961538461538461 0.45913461538461553
0 0.5673076923076923 0.4399038461538462 0.5504807692307693 0.43990384615384615 0.5504807692307693 0.4711538461538462 0.5673076923076923 0.4711538461538463
0 0.5432692307692307 0.4567307692307692 0.5288461538461539 0.4567307692307692 0.5288461538461539 0.4831730769230769 0.5432692307692307 0.4831730769230769
0 0.4639423076923077 0.4807692307692308 0.44711538461538464 0.4807692307692308 0.44711538461538464 0.5096153846153846 0.4639423076923077 0.5096153846153846
0 0.5384615384615384 0.4567307692307692 0.5192307692307693 0.4567307692307692 0.5192307692307693 0.4951923076923077 0.5384615384615384 0.4951923076923077
0 0.49759615384615385 0.4879807692307692 0.4807692307692308 0.4879807692307692 0.4807692307692308 0.5120192307692307 0.49759615384615385 0.5120192307692307
0 0.5865384615384616 0.47836538461538475 0.5673076923076923 0.47836538461538475 0.5673076923076923 0.5096153846153848 0.5865384615384616 0.5096153846153848
0 0.5192307692307693 0.5 0.49278846153846156 0.5 0.49278846153846156 0.5336538461538461 0.5192307692307693 0.5336538461538461
0 0.47596153846153844 0.5168269230769231 0.4567307692307692 0.5168269230769231 0.4567307692307692 0.5480769230769231 0.47596153846153844 0.5480769230769231
0 0.5456730769230769 0.5096153846153846 0.5264423076923077 0.5096153846153846 0.5264423076923077 0.5384615384615384 0.5456730769230769 0.5384615384615384
0 0.5288461538461539 0.5288461538461539 0.5120192307692307 0.5288461538461539 0.5120192307692307 0.5528846153846154 0.5288461538461539 0.5528846153846154
0 0.5625 0.5240384615384616 0.5456730769230769 0.5240384615384616 0.5456730769230769 0.5528846153846154 0.5625 0.5528846153846155
0 0.591346153846154 0.5456730769230771 0.5721153846153846 0.5456730769230771 0.5721153846153847 0.5817307692307694 0.591346153846154 0.5817307692307694
0 0.6105769230769231 0.5552884615384617 0.5913461538461539 0.5552884615384617 0.591346153846154 0.5865384615384617 0.6105769230769232 0.5865384615384617
0 0.5096153846153848 0.5961538461538461 0.4951923076923078 0.5961538461538461 0.4951923076923078 0.6225961538461539 0.5096153846153848 0.6225961538461539
0 0.5216346153846155 0.59375 0.5048076923076924 0.59375 0.5048076923076924 0.625 0.5216346153846155 0.625
0 0.5817307692307694 0.5865384615384617 0.560096153846154 0.5865384615384617 0.560096153846154 0.6298076923076923 0.5817307692307694 0.6298076923076923
0 0.5985576923076924 0.591346153846154 0.5769230769230771 0.591346153846154 0.5769230769230771 0.6322115384615384 0.5985576923076924 0.6322115384615384
0 0.625 0.625 0.6081730769230771 0.625 0.6081730769230771 0.6514423076923077 0.625 0.6514423076923077
0 0.5625000000000001 0.6658653846153846 0.543269230769231 0.6658653846153846 0.543269230769231 0.6971153846153846 0.5625000000000001 0.6971153846153846