0 0.7043269230769231 0.4182692307692309 0.6706730769230769 0.4182692307692309 0.6706730769230769 0.4447115384615386 0.7043269230769231 0.4447115384615386
0 0.6129807692307693 0.3197115384615386 0.5793269230769231 0.3197115384615386 0.5793269230769231 0.3461538461538463 0.6129807692307693 0.3461538461538463
0 0.6057692307692307 0.5024038461538463 0.5600961538461539 0.5024038461538463 0.5600961538461539 0.5312500000000001 0.6057692307692307 0.5312500000000001
0 0.5817307692307693 0.42307692307692313 0.5432692307692307 0.4230769230769231 0.5432692307692307 0.4471153846153847 0.5817307692307693 0.44711538461538475
0 0.5721153846153846 0.37019230769230776 0.5408653846153846 0.3701923076923077 0.5408653846153846 0.39182692307692313 0.5721153846153846 0.39182692307692324
0 0.5649038461538461 0.389423076923077 0.5264423076923077 0.3894230769230769 0.5264423076923077 0.420673076923077 0.5649038461538461 0.42067307692307704
0 0.5480769230769231 0.3245192307692308 0.5024038461538461 0.3245192307692308 0.5024038461538461 0.3581730769230769 0.5480769230769231 0.3581730769230769
0 0.5048076923076923 0.29326923076923084 0.46153846153846156 0.29326923076923084 0.46153846153846156 0.3269230769230769 0.5048076923076923 0.3269230769230769
0 0.5024038461538461 0.42788461538461536 0.46875 0.42788461538461536 0.46875 0.4519230769230769 0.5024038461538461 0.4519230769230769
0 0.4831730769230769 0.47115384615384615 0.4375 0.47115384615384615 0.4375 0.5024038461538461 0.4831730769230769 0.5024038461538461
0 0.46875 0.3317307692307692 0.4326923076923077 0.3317307692307692 0.4326923076923077 0.3581730769230769 0.46875 0.3581730769230769
0 0.47596153846153844 0.5144230769230769 0.43509615384615385 0.5144230769230769 0.43509615384615385 0.5432692307692307 0.47596153846153844 0.5432692307692307
0 0.46634615384615385 0.4831730769230769 0.4326923076923077 0.4831730769230769 0.4326923076923077 0.5072115384615384 0.46634615384615385 0.5072115384615384
0 0.4519230769230769 0.3605769230769231 0.4110576923076923 0.3605769230769231 0.4110576923076923 0.3894230769230769 0.4519230769230769 0.3894230769230769
0 0.44471153846153844 0.375 0.40384615384615385 0.375 0.40384615384615385 0.39903846153846156 0.44471153846153844 0.39903846153846156
0 0.4326923076923077 0.2836538461538462 0.3918269230769231 0.2836538461538462 0.3918269230769231 0.3125 0.4326923076923077 0.3125
0 0.4326923076923077 0.49278846153846156 0.3870192307692308 0.49278846153846156 0.3870192307692308 0.5264423076923077 0.4326923076923077 0.5264423076923077
0 0.4254807692307692 0.4807692307692308 0.3918269230769231 0.4807692307692308 0.3918269230769231 0.5024038461538461 0.4254807692307692 0.5024038461538461
0 0.4230769230769231 0.43990384615384615 0.3894230769230769 0.43990384615384615 0.3894230769230769 0.45913461538461536 0.4230769230769231 0.45913461538461536
0 0.41826923076923084 0.5384615384615384 0.3798076923076923 0.5384615384615384 0.3798076923076924 0.5697115384615384 0.4182692307692309 0.5697115384615384
0 0.40865384615384615 0.4110576923076923 0.37740384615384615 0.4110576923076923 0.37740384615384615 0.43028846153846156 0.40865384615384615 0.43028846153846156
0 0.3894230769230769 0.4375 0.3605769230769231 0.4375 0.3605769230769231 0.4639423076923077 0.3894230769230769 0.4639423076923077
0 0.3942307692307692 0.4735576923076923 0.34134615384615385 0.4735576923076923 0.34134615384615385 0.5144230769230769 0.3942307692307692 0.5144230769230769
0 0.37740384615384615 0.3125 0.34375 0.3125 0.34375 0.33653846153846156 0.37740384615384615 0.33653846153846156
0 0.3581730769230769 0.3894230769230769 0.3245192307692308 0.3894230769230769 0.3245192307692308 0.41346153846153844 0.3581730769230769 0.41346153846153844
0 0.3629807692307692 0.43990384615384615 0.3245192307692308 0.43990384615384615 0.3245192307692308 0.4639423076923077 0.3629807692307692 0.4639423076923077
0 0.35096153846153844 0.3269230769230769 0.31971153846153844 0.3269230769230769 0.31971153846153844 0.3485576923076923 0.35096153846153844 0.3485576923076923
0 0.3485576923076923 0.47115384615384615 0.3125 0.47115384615384615 0.3125 0.5 0.3485576923076923 0.5
0 0.3389423076923077 0.3485576923076923 0.31009615384615385 0.3485576923076923 0.31009615384615385 0.3701923076923077 0.3389423076923077 0.3701923076923077
0 0.34134615384615385 0.49038461538461536 0.3125 0.49038461538461536 0.3125 0.5144230769230769 0.34134615384615385 0.5144230769230769
0 0.3485576923076923 0.4495192307692308 0.29807692307692313 0.4495192307692308 0.29807692307692313 0.4855769230769231 0.3485576923076923 0.4855769230769231
0 0.3125 0.3701923076923077 0.27644230769230776 0.3701923076923077 0.27644230769230776 0.3918269230769231 0.3125 0.3918269230769231
0 0.3125 0.41586538461538464 0.2740384615384616 0.41586538461538464 0.2740384615384616 0.43990384615384615 0.3125 0.43990384615384615
0 0.31009615384615385 0.40865384615384615 0.2740384615384616 0.40865384615384615 0.2740384615384616 0.43028846153846156 0.31009615384615385 0.43028846153846156
0 0.3052884615384616 0.38221153846153844 0.2548076923076924 0.38221153846153844 0.2548076923076924 0.41346153846153844 0.3052884615384616 0.41346153846153844
0 0.3004807692307693 0.4423076923076923 0.2596153846153847 0.4423076923076923 0.2596153846153847 0.46634615384615385 0.3004807692307693 0.46634615384615385
0 0.28846153846153855 0.4831730769230769 0.2524038461538462 0.4831730769230769 0.2524038461538462 0.5096153846153846 0.28846153846153855 0.5096153846153846
0 0.2716346153846155 0.4014423076923077 0.2475961538461539 0.4014423076923077 0.2475961538461539 0.4182692307692308 0.2716346153846155 0.4182692307692308
0 0.6129807692307694 0.9158653846153846 0.5384615384615385 0.9158653846153846 0.5384615384615385 0.9711538461538461 0.6129807692307694 0.9711538461538461