0 0.7235576923076923 0.5216346153846155 0.6899038461538461 0.5216346153846155 0.6899038461538461 0.5504807692307694 0.7235576923076923 0.5504807692307694
0 0.7067307692307693 0.6658653846153846 0.6682692307692307 0.6658653846153846 0.6682692307692307 0.7019230769230769 0.7067307692307693 0.7019230769230769
0 0.6875 0.5384615384615385 0.6514423076923077 0.5384615384615385 0.6514423076923077 0.5673076923076924 0.6875 0.5673076923076924
0 0.6875 0.4711538461538463 0.6538461538461539 0.4711538461538463 0.6538461538461539 0.49759615384615397 0.6875 0.49759615384615397
0 0.6682692307692307 0.6105769230769232 0.6322115384615384 0.6105769230769232 0.6322115384615384 0.6370192307692307 0.6682692307692307 0.6370192307692307
0 0.65625 0.6778846153846154 0.625 0.6778846153846154 0.625 0.6995192307692307 0.65625 0.6995192307692307
0 0.6418269230769231 0.591346153846154 0.605769230769231 0.591346153846154 0.605769230769231 0.625 0.6418269230769231 0.625
0 0.6346153846153846 0.5528846153846155 0.5985576923076923 0.5528846153846155 0.5985576923076924 0.5841346153846155 0.6346153846153846 0.5841346153846155
0 0.6201923076923077 0.6418269230769231 0.5889423076923078 0.6418269230769231 0.5889423076923078 0.6658653846153846 0.6201923076923077 0.6658653846153846
0 0.6129807692307694 0.6225961538461539 0.574519230769231 0.6225961538461539 0.574519230769231 0.65625 0.6129807692307694 0.65625
0 0.6274038461538461 0.3750000000000001 0.59375 0.3750000000000001 0.59375 0.40384615384615397 0.6274038461538461 0.40384615384615397
0 0.6009615384615385 0.5889423076923078 0.5673076923076924 0.5889423076923078 0.5673076923076924 0.6129807692307694 0.6009615384615385 0.6129807692307694
0 0.6081730769230769 0.31009615384615397 0.5745192307692307 0.31009615384615397 0.5745192307692307 0.33413461538461553 0.6081730769230769 0.33413461538461553
0 0.6009615384615384 0.4615384615384616 0.5480769230769231 0.46153846153846156 0.5480769230769231 0.4975961538461539 0.6009615384615384 0.49759615384615397
0 0.5456730769230771 0.6442307692307693 0.512019230769231 0.6442307692307693 0.512019230769231 0.6658653846153846 0.5456730769230771 0.6658653846153846
0 0.5264423076923078 0.8197115384615384 0.4927884615384617 0.8197115384615384 0.4927884615384617 0.84375 0.5264423076923078 0.84375
0 0.545673076923077 0.5456730769230769 0.5168269230769231 0.5456730769230769 0.5168269230769231 0.5745192307692307 0.5456730769230771 0.5745192307692307
0 0.5528846153846154 0.4182692307692308 0.5144230769230769 0.4182692307692308 0.5144230769230769 0.4495192307692308 0.5528846153846154 0.4495192307692308
0 0.5504807692307693 0.3918269230769231 0.5144230769230769 0.3918269230769231 0.5144230769230769 0.4182692307692308 0.5504807692307693 0.4182692307692308
0 0.5528846153846154 0.33413461538461536 0.5144230769230769 0.33413461538461536 0.5144230769230769 0.36778846153846156 0.5528846153846154 0.36778846153846156
0 0.5264423076923077 0.5432692307692307 0.49278846153846156 0.5432692307692307 0.4927884615384616 0.5721153846153846 0.5264423076923078 0.5721153846153846
0 0.5072115384615384 0.47836538461538464 0.46875 0.47836538461538464 0.46875 0.5072115384615384 0.5072115384615384 0.5072115384615384
0 0.5 0.4951923076923077 0.45913461538461536 0.4951923076923077 0.45913461538461536 0.5264423076923077 0.5 0.5264423076923077
0 0.45913461538461553 0.6730769230769231 0.42307692307692324 0.6730769230769231 0.42307692307692324 0.7067307692307693 0.45913461538461553 0.7067307692307693
0 0.4447115384615386 0.7596153846153846 0.4134615384615386 0.7596153846153846 0.4134615384615386 0.7836538461538461 0.4447115384615386 0.7836538461538461
0 0.47596153846153844 0.31009615384615385 0.44471153846153844 0.31009615384615385 0.44471153846153844 0.3317307692307692 0.47596153846153844 0.3317307692307692
0 0.47115384615384615 0.44711538461538464 0.42788461538461536 0.44711538461538464 0.42788461538461536 0.47836538461538464 0.47115384615384615 0.47836538461538464
0 0.46153846153846156 0.3581730769230769 0.42788461538461536 0.3581730769230769 0.42788461538461536 0.3870192307692308 0.46153846153846156 0.3870192307692308
0 0.45913461538461536 0.2836538461538462 0.43509615384615385 0.2836538461538462 0.43509615384615385 0.3028846153846155 0.45913461538461536 0.3028846153846155
0 0.4375000000000001 0.5985576923076923 0.39663461538461553 0.5985576923076923 0.39663461538461553 0.6225961538461539 0.4375000000000001 0.6225961538461539
0 0.44711538461538464 0.2860576923076924 0.4182692307692308 0.2860576923076924 0.4182692307692308 0.31971153846153844 0.44711538461538464 0.31971153846153844
0 0.420673076923077 0.5480769230769231 0.38221153846153844 0.5480769230769231 0.38221153846153855 0.5745192307692307 0.42067307692307704 0.5745192307692307
0 0.4062500000000001 0.5673076923076923 0.3870192307692309 0.5673076923076923 0.3870192307692309 0.5817307692307693 0.4062500000000001 0.5817307692307693
0 0.3822115384615386 0.8149038461538461 0.35336538461538475 0.8149038461538461 0.35336538461538475 0.8341346153846154 0.3822115384615386 0.8341346153846154
0 0.4254807692307692 0.35096153846153844 0.3870192307692308 0.35096153846153844 0.3870192307692308 0.38221153846153844 0.4254807692307692 0.38221153846153844
0 0.41586538461538464 0.375 0.38461538461538464 0.375 0.38461538461538464 0.39903846153846156 0.41586538461538464 0.39903846153846156
0 0.40384615384615385 0.46153846153846156 0.37259615384615385 0.46153846153846156 0.37259615384615385 0.4879807692307692 0.40384615384615385 0.4879807692307692
0 0.35336538461538464 0.5264423076923077 0.3245192307692308 0.5264423076923077 0.3245192307692308 0.5528846153846154 0.35336538461538464 0.5528846153846154
0 0.31490384615384615 0.33653846153846156 0.2740384615384616 0.33653846153846156 0.2740384615384616 0.36778846153846156 0.31490384615384615 0.36778846153846156
0 0.31009615384615385 0.21394230769230774 0.2764423076923077 0.21394230769230768 0.2764423076923077 0.24278846153846156 0.31009615384615385 0.24278846153846162
0 0.2692307692307693 0.28365384615384615 0.23317307692307698 0.28365384615384615 0.23317307692307698 0.3076923076923077 0.2692307692307693 0.3076923076923077
0 0.24278846153846162 0.30288461538461536 0.21394230769230776 0.30288461538461536 0.21394230769230776 0.3293269230769231 0.24278846153846162 0.3293269230769231
0 0.108173076923077 0.5288461538461539 0.0817307692307693 0.5288461538461539 0.0817307692307693 0.5456730769230769 0.108173076923077 0.5456730769230769