0 0.42788461538461536 0.2740384615384616 0.35096153846153844 0.2740384615384616 0.35096153846153844 0.32211538461538464 0.42788461538461536 0.32211538461538464
0 0.3245192307692309 0.6754807692307693 0.27644230769230776 0.6754807692307693 0.27644230769230776 0.7115384615384616 0.3245192307692309 0.7115384615384616
0 0.43028846153846156 0.2524038461538462 0.38221153846153844 0.2524038461538462 0.38221153846153844 0.2836538461538462 0.43028846153846156 0.2836538461538462
0 0.3317307692307694 0.7067307692307693 0.28846153846153855 0.7067307692307693 0.28846153846153855 0.7379807692307693 0.3317307692307694 0.7379807692307693
0 0.38701923076923084 0.5480769230769231 0.31971153846153844 0.5480769230769231 0.31971153846153855 0.59375 0.3870192307692309 0.59375
0 0.3677884615384617 0.7163461538461539 0.3197115384615386 0.7163461538461539 0.3197115384615386 0.7524038461538461 0.3677884615384617 0.7524038461538461
0 0.4206730769230769 0.5216346153846154 0.3605769230769231 0.5216346153846154 0.3605769230769231 0.5576923076923077 0.4206730769230769 0.5576923076923077
0 0.42307692307692324 0.6706730769230769 0.3750000000000001 0.6706730769230769 0.3750000000000001 0.7067307692307693 0.42307692307692324 0.7067307692307693
0 0.4567307692307694 0.5600961538461539 0.3942307692307694 0.5600961538461539 0.3942307692307694 0.5985576923076923 0.4567307692307694 0.5985576923076923
0 0.53125 0.1971153846153847 0.4855769230769231 0.1971153846153847 0.4855769230769231 0.23317307692307698 0.53125 0.23317307692307698
0 0.4062500000000001 0.8004807692307693 0.3437500000000001 0.8004807692307693 0.3437500000000001 0.8461538461538461 0.4062500000000001 0.8461538461538461
0 0.4855769230769231 0.4951923076923077 0.41346153846153844 0.4951923076923077 0.41346153846153844 0.5408653846153846 0.4855769230769231 0.5408653846153846
0 0.41105769230769246 0.84375 0.3389423076923078 0.84375 0.3389423076923078 0.8894230769230769 0.41105769230769246 0.8894230769230769
0 0.5072115384615384 0.3942307692307692 0.43990384615384615 0.3942307692307692 0.43990384615384615 0.43990384615384615 0.5072115384615384 0.43990384615384615
0 0.4495192307692309 0.6682692307692307 0.4014423076923078 0.6682692307692307 0.4014423076923078 0.7043269230769231 0.4495192307692309 0.7043269230769231
0 0.4951923076923077 0.4735576923076923 0.44471153846153844 0.4735576923076923 0.44471153846153844 0.5072115384615384 0.4951923076923077 0.5072115384615384
0 0.5336538461538461 0.45913461538461536 0.4735576923076923 0.45913461538461536 0.4735576923076923 0.5 0.5336538461538461 0.5
0 0.5889423076923077 0.24278846153846162 0.5288461538461539 0.24278846153846162 0.5288461538461539 0.2860576923076924 0.5889423076923077 0.2860576923076924
0 0.5144230769230771 0.625 0.45432692307692324 0.625 0.45432692307692324 0.6658653846153846 0.5144230769230771 0.6658653846153846
0 0.5048076923076924 0.8100961538461539 0.44230769230769246 0.8100961538461539 0.44230769230769246 0.8461538461538461 0.5048076923076924 0.8461538461538461
0 0.5264423076923078 0.7163461538461539 0.4687500000000001 0.7163461538461539 0.4687500000000001 0.7620192307692307 0.5264423076923078 0.7620192307692307
0 0.5961538461538461 0.5072115384615385 0.5048076923076923 0.5072115384615384 0.5048076923076923 0.5576923076923077 0.5961538461538461 0.5576923076923078
0 0.5192307692307694 0.8389423076923077 0.4687500000000001 0.8389423076923077 0.4687500000000001 0.8701923076923077 0.5192307692307694 0.8701923076923077
0 0.49038461538461553 0.9423076923076923 0.43509615384615397 0.9423076923076923 0.43509615384615397 0.9855769230769231 0.49038461538461553 0.9855769230769231
0 0.6394230769230769 0.2475961538461539 0.5865384615384616 0.2475961538461539 0.5865384615384616 0.2788461538461539 0.6394230769230769 0.2788461538461539
0 0.5360576923076924 0.8076923076923077 0.48317307692307704 0.8076923076923077 0.48317307692307704 0.8389423076923077 0.5360576923076924 0.8389423076923077
0 0.6394230769230769 0.38942307692307704 0.5793269230769231 0.38942307692307704 0.5793269230769231 0.42788461538461553 0.6394230769230769 0.42788461538461553
0 0.6538461538461539 0.44230769230769246 0.5721153846153846 0.44230769230769246 0.5721153846153846 0.49038461538461553 0.6538461538461539 0.49038461538461553
0 0.5625000000000001 0.8245192307692307 0.5144230769230771 0.8245192307692307 0.5144230769230771 0.8557692307692307 0.5625000000000001 0.8557692307692307
0 0.6225961538461539 0.8028846153846154 0.5552884615384617 0.8028846153846154 0.5552884615384617 0.8485576923076923 0.6225961538461539 0.8485576923076923
0 0.5817307692307694 0.9495192307692307 0.5408653846153848 0.9495192307692307 0.5408653846153848 0.9855769230769231 0.5817307692307694 0.9855769230769231
0 0.6850961538461539 0.5024038461538463 0.6129807692307693 0.5024038461538463 0.6129807692307693 0.543269230769231 0.6850961538461539 0.543269230769231
0 0.6875 0.6129807692307694 0.6153846153846154 0.6129807692307694 0.6153846153846154 0.6634615384615384 0.6875 0.6634615384615384
0 0.6466346153846154 0.8725961538461539 0.5889423076923078 0.8725961538461539 0.5889423076923078 0.9086538461538461 0.6466346153846154 0.9086538461538461
0 0.6850961538461539 0.9639423076923077 0.6322115384615384 0.9639423076923077 0.6322115384615384 0.9975961538461539 0.6850961538461539 0.9975961538461539
0 0.8004807692307693 0.7091346153846154 0.7307692307692307 0.7091346153846154 0.7307692307692307 0.7524038461538461 0.8004807692307693 0.7524038461538461
0 0.7548076923076923 0.9278846153846154 0.6947115384615384 0.9278846153846154 0.6947115384615384 0.9663461538461539 0.7548076923076923 0.9663461538461539
0 0.8846153846153846 0.7211538461538461 0.8004807692307693 0.7211538461538461 0.8004807692307693 0.7764423076923077 0.8846153846153846 0.7764423076923077