0 0.9615384615384616 0.10817307692307702 0.8798076923076923 0.10817307692307702 0.8798076923076923 0.23798076923076936 0.9615384615384616 0.23798076923076936
0 0.84375 0.16346153846153857 0.7692307692307693 0.16346153846153852 0.7692307692307693 0.2668269230769232 0.84375 0.26682692307692324
0 0.6129807692307693 0.12019230769230776 0.5408653846153846 0.12019230769230776 0.5408653846153846 0.23557692307692316 0.6129807692307693 0.23557692307692316
0 0.9927884615384616 0.2259615384615386 0.9326923076923077 0.2259615384615386 0.9326923076923077 0.31009615384615397 0.9927884615384616 0.31009615384615397
0 0.3173076923076923 0.1370192307692308 0.24278846153846154 0.1370192307692308 0.24278846153846154 0.24759615384615388 0.3173076923076923 0.2475961538461539
0 0.9471153846153846 0.29086538461538475 0.8846153846153846 0.29086538461538475 0.8846153846153846 0.38461538461538475 0.9471153846153846 0.38461538461538475
0 0.5576923076923077 0.19230769230769237 0.4807692307692308 0.19230769230769237 0.4807692307692308 0.31490384615384615 0.5576923076923077 0.31490384615384615
0 0.8701923076923077 0.2812500000000001 0.7932692307692307 0.28125000000000006 0.7932692307692307 0.38461538461538475 0.8701923076923077 0.38461538461538475
0 0.1658653846153846 0.14423076923076925 0.07932692307692311 0.14423076923076922 0.07932692307692311 0.2692307692307692 0.1658653846153846 0.2692307692307692
0 1 0.37259615384615397 0.9759615384615384 0.37259615384615397 0.9759615384615384 0.45192307692307704 1 0.45192307692307704
0 0.8677884615384616 0.05288461538461549 0.7956730769230769 0.05288461538461549 0.7956730769230769 0.13701923076923087 0.8677884615384616 0.13701923076923087
0 0.8100961538461539 0.3317307692307694 0.7259615384615384 0.3317307692307694 0.7259615384615384 0.48317307692307704 0.8100961538461539 0.48317307692307704
0 1 0.0793269230769232 0.9423076923076923 0.07932692307692318 0.9423076923076923 0.1634615384615386 1 0.1634615384615386
0 0.5889423076923077 0.3653846153846155 0.5144230769230769 0.36538461538461536 0.5144230769230769 0.48076923076923084 0.5889423076923077 0.4807692307692309
0 0.7235576923076923 0.6730769230769231 0.6538461538461539 0.6730769230769231 0.6538461538461539 0.78125 0.7235576923076923 0.78125
0 0.9471153846153846 0.8173076923076923 0.8822115384615384 0.8173076923076923 0.8822115384615384 0.90625 0.9471153846153846 0.90625
0 1 0.13942307692307704 0.9759615384615384 0.13942307692307704 0.9759615384615384 0.2259615384615386 1 0.2259615384615386
0 0.31009615384615385 3.370722560153171e-17 0.2403846153846154 2.9438624979503685e-17 0.2403846153846154 0.09134615384615388 0.31009615384615385 0.09134615384615388