0 1 0.21875000000000014 0.9831730769230769 0.21875000000000014 0.9831730769230769 0.28605769230769246 1 0.28605769230769246
0 0.3149038461538462 0.47596153846153844 0.14663461538461545 0.47596153846153844 0.14663461538461545 0.5649038461538461 0.3149038461538463 0.5649038461538461
0 0.375 0.06009615384615389 0.23557692307692307 0.06009615384615388 0.23557692307692307 0.1418269230769231 0.375 0.1418269230769231
0 0.4110576923076923 0.1418269230769231 0.24759615384615385 0.1418269230769231 0.24759615384615385 0.2355769230769231 0.4110576923076923 0.23557692307692316
0 0.375 0.4519230769230769 0.2524038461538462 0.4519230769230769 0.2524038461538462 0.5288461538461539 0.375 0.5288461538461539
0 0.5048076923076923 0.10096153846153852 0.28846153846153844 0.10096153846153849 0.28846153846153844 0.21394230769230776 0.5048076923076923 0.21394230769230776
0 0.49759615384615385 0.34134615384615385 0.31490384615384615 0.34134615384615385 0.31490384615384615 0.42788461538461536 0.49759615384615385 0.42788461538461536
0 0.5360576923076923 0.4423076923076923 0.40865384615384615 0.4423076923076923 0.40865384615384615 0.5192307692307693 0.5360576923076923 0.5192307692307693
0 0.5072115384615385 0.6370192307692307 0.37259615384615397 0.6370192307692307 0.37259615384615397 0.7235576923076923 0.5072115384615385 0.7235576923076923
0 0.6923076923076923 0.8052884615384616 0.5144230769230771 0.8052884615384616 0.5144230769230771 0.9110576923076923 0.6923076923076923 0.9110576923076923
0 0.8293269230769231 0.02884615384615394 0.7259615384615384 0.02884615384615393 0.7259615384615384 0.09855769230769242 0.8293269230769231 0.09855769230769242
0 0.12740384615384623 0.6081730769230769 7.447972119814432e-17 0.6081730769230769 8.080902556873762e-17 0.7115384615384616 0.12740384615384626 0.7115384615384616
0 0.1850961538461539 0.29086538461538464 0.012019230769230803 0.29086538461538464 0.01201923076923081 0.39903846153846156 0.1850961538461539 0.39903846153846156