0 0.34375 0.2379807692307693 0.3076923076923077 0.2379807692307693 0.3076923076923077 0.264423076923077 0.34375 0.264423076923077
0 0.3557692307692308 0.3004807692307693 0.3245192307692308 0.3004807692307693 0.3245192307692308 0.3293269230769231 0.3557692307692308 0.3293269230769231
0 0.3629807692307692 0.3798076923076923 0.3317307692307692 0.3798076923076923 0.3317307692307692 0.40384615384615385 0.3629807692307692 0.40384615384615385
0 0.23076923076923084 0.7019230769230769 0.20432692307692316 0.7019230769230769 0.20432692307692316 0.7259615384615384 0.23076923076923084 0.7259615384615384
0 0.3701923076923077 0.4543269230769231 0.3317307692307692 0.4543269230769231 0.3317307692307692 0.4831730769230769 0.3701923076923077 0.4831730769230769
0 0.29326923076923084 0.6370192307692307 0.26201923076923084 0.6370192307692307 0.26201923076923084 0.6658653846153846 0.29326923076923084 0.6658653846153846
0 0.38461538461538464 0.45913461538461536 0.3629807692307692 0.45913461538461536 0.3629807692307692 0.47836538461538464 0.38461538461538464 0.47836538461538464
0 0.44711538461538464 0.33413461538461536 0.4110576923076923 0.33413461538461536 0.4110576923076923 0.36778846153846156 0.44711538461538464 0.36778846153846156
0 0.33413461538461553 0.6153846153846154 0.3052884615384616 0.6153846153846154 0.3052884615384616 0.6418269230769231 0.33413461538461553 0.6418269230769231
0 0.44711538461538464 0.35336538461538464 0.4206730769230769 0.35336538461538464 0.4206730769230769 0.38221153846153844 0.44711538461538464 0.38221153846153844
0 0.4014423076923077 0.4831730769230769 0.3701923076923077 0.4831730769230769 0.3701923076923077 0.5096153846153846 0.4014423076923077 0.5096153846153846
0 0.36538461538461553 0.59375 0.32692307692307704 0.59375 0.32692307692307704 0.625 0.36538461538461553 0.625
0 0.4495192307692308 0.38221153846153844 0.4206730769230769 0.38221153846153844 0.4206730769230769 0.40865384615384615 0.4495192307692308 0.40865384615384615
0 0.44471153846153844 0.4014423076923077 0.41346153846153844 0.4014423076923077 0.41346153846153844 0.42788461538461536 0.44471153846153844 0.42788461538461536
0 0.4375 0.4735576923076923 0.40384615384615385 0.4735576923076923 0.40384615384615385 0.5024038461538461 0.4375 0.5024038461538461
0 0.49278846153846156 0.35096153846153844 0.46153846153846156 0.35096153846153844 0.46153846153846156 0.3798076923076923 0.49278846153846156 0.3798076923076923
0 0.4855769230769231 0.37740384615384615 0.4543269230769231 0.37740384615384615 0.4543269230769231 0.4014423076923077 0.4855769230769231 0.4014423076923077
0 0.47836538461538464 0.3942307692307692 0.44711538461538464 0.3942307692307692 0.44711538461538464 0.4254807692307692 0.47836538461538464 0.4254807692307692
0 0.5096153846153846 0.4110576923076923 0.4735576923076923 0.4110576923076923 0.4735576923076923 0.43990384615384615 0.5096153846153846 0.43990384615384615
0 0.36057692307692324 0.78125 0.3317307692307694 0.78125 0.3317307692307694 0.8100961538461539 0.36057692307692324 0.8100961538461539
0 0.5264423076923077 0.3870192307692308 0.49278846153846156 0.3870192307692308 0.49278846153846156 0.41586538461538464 0.5264423076923077 0.41586538461538464
0 0.5048076923076923 0.4326923076923077 0.47836538461538464 0.4326923076923077 0.47836538461538464 0.46153846153846156 0.5048076923076923 0.46153846153846156
0 0.4447115384615386 0.5889423076923077 0.4134615384615386 0.5889423076923077 0.4134615384615386 0.6129807692307693 0.4447115384615386 0.6129807692307693
0 0.49759615384615385 0.4519230769230769 0.47596153846153844 0.4519230769230769 0.47596153846153844 0.47115384615384615 0.49759615384615385 0.47115384615384615
0 0.4447115384615386 0.6009615384615384 0.41586538461538475 0.6009615384615384 0.41586538461538475 0.625 0.4447115384615386 0.625
0 0.5024038461538461 0.5144230769230769 0.46875 0.5144230769230769 0.46875 0.5408653846153846 0.5024038461538461 0.5408653846153846
0 0.46634615384615397 0.7019230769230769 0.44230769230769246 0.7019230769230769 0.44230769230769246 0.7259615384615384 0.46634615384615397 0.7259615384615384
0 0.5697115384615384 0.47596153846153855 0.5480769230769231 0.47596153846153844 0.5480769230769231 0.4975961538461539 0.5697115384615384 0.49759615384615397
0 0.5865384615384616 0.48557692307692324 0.5600961538461539 0.48557692307692324 0.5600961538461539 0.5096153846153848 0.5865384615384616 0.5096153846153848
0 0.5745192307692307 0.5096153846153847 0.5432692307692307 0.5096153846153846 0.5432692307692307 0.5480769230769231 0.5745192307692307 0.5480769230769232
0 0.560096153846154 0.5673076923076924 0.5312500000000001 0.5673076923076923 0.5312500000000001 0.5985576923076924 0.560096153846154 0.5985576923076924
0 0.5048076923076924 0.7331730769230769 0.4759615384615386 0.7331730769230769 0.4759615384615386 0.7596153846153846 0.5048076923076924 0.7596153846153846
0 0.5889423076923077 0.5336538461538463 0.5552884615384616 0.5336538461538461 0.5552884615384616 0.5625000000000001 0.5889423076923078 0.5625000000000001
0 0.4951923076923078 0.8149038461538461 0.4615384615384617 0.8149038461538461 0.4615384615384617 0.84375 0.4951923076923078 0.84375
0 0.5889423076923078 0.6057692307692308 0.5576923076923078 0.6057692307692307 0.5576923076923078 0.6346153846153846 0.5889423076923078 0.6346153846153846
0 0.5528846153846155 0.6995192307692307 0.5264423076923078 0.6995192307692307 0.5264423076923078 0.7235576923076923 0.5528846153846155 0.7235576923076923
0 0.5504807692307694 0.7403846153846154 0.512019230769231 0.7403846153846154 0.512019230769231 0.7692307692307693 0.5504807692307694 0.7692307692307693
0 0.625 0.5721153846153848 0.5841346153846155 0.5721153846153848 0.5841346153846155 0.605769230769231 0.625 0.605769230769231
0 0.6129807692307694 0.7331730769230769 0.5889423076923078 0.7331730769230769 0.5889423076923078 0.7572115384615384 0.6129807692307694 0.7572115384615384
0 0.6586538461538461 0.6466346153846154 0.6177884615384616 0.6466346153846154 0.6177884615384616 0.6754807692307693 0.6586538461538461 0.6754807692307693