0 0.5456730769230769 0.12019230769230776 0.5192307692307693 0.12019230769230776 0.5192307692307693 0.18269230769230776 0.5456730769230769 0.18269230769230776
0 0.7620192307692307 0.11538461538461549 0.7259615384615384 0.11538461538461549 0.7259615384615384 0.18990384615384623 0.7620192307692307 0.18990384615384623
0 0.7908653846153846 0.14182692307692318 0.7596153846153846 0.14182692307692318 0.7596153846153846 0.2163461538461539 0.7908653846153846 0.2163461538461539
0 0.7740384615384616 0.18990384615384623 0.7427884615384616 0.18990384615384623 0.7427884615384616 0.2716346153846155 0.7740384615384616 0.2716346153846155
0 0.6490384615384616 0.25000000000000006 0.6225961538461539 0.25000000000000006 0.6225961538461539 0.3004807692307693 0.6490384615384616 0.3004807692307693
0 0.7427884615384616 0.2379807692307693 0.7091346153846154 0.2379807692307693 0.7091346153846154 0.3004807692307693 0.7427884615384616 0.3004807692307693
0 0.7956730769230769 0.24519230769230776 0.7692307692307693 0.24519230769230776 0.7692307692307693 0.3076923076923078 0.7956730769230769 0.3076923076923078
0 0.5697115384615384 0.3100961538461539 0.5360576923076923 0.31009615384615385 0.5360576923076923 0.3677884615384616 0.5697115384615384 0.3677884615384617
0 0.8798076923076923 0.2836538461538463 0.8485576923076923 0.2836538461538463 0.8485576923076923 0.34134615384615397 0.8798076923076923 0.34134615384615397
0 0.8557692307692307 0.28365384615384626 0.8221153846153846 0.2836538461538462 0.8221153846153846 0.36538461538461553 0.8557692307692307 0.36538461538461553
0 0.8173076923076923 0.3197115384615386 0.7836538461538461 0.3197115384615386 0.7836538461538461 0.3774038461538463 0.8173076923076923 0.3774038461538463
0 0.6947115384615384 0.36538461538461553 0.6610576923076923 0.36538461538461553 0.6610576923076923 0.42788461538461553 0.6947115384615384 0.42788461538461553
0 0.5649038461538461 0.3846153846153847 0.53125 0.38461538461538464 0.53125 0.451923076923077 0.5649038461538461 0.45192307692307704
0 0.8509615384615384 0.36538461538461553 0.8197115384615384 0.36538461538461553 0.8197115384615384 0.42788461538461553 0.8509615384615384 0.42788461538461553
0 0.6682692307692307 0.3870192307692309 0.6370192307692307 0.3870192307692309 0.6370192307692307 0.45913461538461553 0.6682692307692307 0.45913461538461553
0 0.8245192307692307 0.3774038461538463 0.7884615384615384 0.3774038461538463 0.7884615384615384 0.45913461538461553 0.8245192307692307 0.45913461538461553
0 0.7331730769230769 0.41586538461538475 0.6971153846153846 0.41586538461538475 0.6971153846153846 0.4927884615384617 0.7331730769230769 0.4927884615384617
0 0.6899038461538461 0.45432692307692324 0.6610576923076923 0.45432692307692324 0.6610576923076923 0.5024038461538463 0.6899038461538461 0.5024038461538463
0 0.8100961538461539 0.4495192307692309 0.7836538461538461 0.4495192307692309 0.7836538461538461 0.5072115384615385 0.8100961538461539 0.5072115384615385
0 0.6778846153846154 0.48557692307692324 0.6466346153846154 0.48557692307692324 0.6466346153846154 0.5528846153846155 0.6778846153846154 0.5528846153846155
0 0.8918269230769231 0.4807692307692309 0.8653846153846154 0.4807692307692309 0.8653846153846154 0.5384615384615385 0.8918269230769231 0.5384615384615385
0 0.8774038461538461 0.4951923076923078 0.8533653846153846 0.4951923076923078 0.8533653846153846 0.560096153846154 0.8774038461538461 0.560096153846154
0 0.44471153846153855 0.5432692307692307 0.4182692307692308 0.5432692307692307 0.41826923076923084 0.59375 0.4447115384615386 0.59375
0 0.65625 0.5240384615384617 0.6225961538461539 0.5240384615384617 0.6225961538461539 0.5961538461538463 0.65625 0.5961538461538463
0 0.8581730769230769 0.5336538461538463 0.8269230769230769 0.5336538461538463 0.8269230769230769 0.591346153846154 0.8581730769230769 0.591346153846154
0 0.8221153846153846 0.5697115384615385 0.7908653846153846 0.5697115384615385 0.7908653846153846 0.6274038461538461 0.8221153846153846 0.6274038461538461
0 0.7379807692307693 0.5961538461538463 0.7019230769230769 0.5961538461538463 0.7019230769230769 0.6298076923076923 0.7379807692307693 0.6298076923076923
0 0.6129807692307694 0.5889423076923078 0.5817307692307694 0.5889423076923078 0.5817307692307694 0.6706730769230769 0.6129807692307694 0.6706730769230769
0 0.6947115384615384 0.6105769230769232 0.6658653846153846 0.6105769230769232 0.6658653846153846 0.6658653846153846 0.6947115384615384 0.6658653846153846
0 0.8028846153846154 0.5961538461538463 0.7740384615384616 0.5961538461538463 0.7740384615384616 0.6586538461538461 0.8028846153846154 0.6586538461538461
0 0.48557692307692324 0.6201923076923077 0.45432692307692324 0.6201923076923077 0.45432692307692324 0.6947115384615384 0.48557692307692324 0.6947115384615384
0 0.7115384615384616 0.6346153846153846 0.6826923076923077 0.6346153846153846 0.6826923076923077 0.6875 0.7115384615384616 0.6875
0 0.8461538461538461 0.6394230769230769 0.8173076923076923 0.6394230769230769 0.8173076923076923 0.6730769230769231 0.8461538461538461 0.6730769230769231
0 0.6995192307692307 0.6538461538461539 0.6682692307692307 0.6538461538461539 0.6682692307692307 0.7043269230769231 0.6995192307692307 0.7043269230769231
0 0.8413461538461539 0.6634615384615384 0.8100961538461539 0.6634615384615384 0.8100961538461539 0.7115384615384616 0.8413461538461539 0.7115384615384616
0 0.6442307692307693 0.6778846153846154 0.6105769230769232 0.6778846153846154 0.6105769230769232 0.7283653846153846 0.6442307692307693 0.7283653846153846
0 0.7475961538461539 0.6826923076923077 0.7163461538461539 0.6826923076923077 0.7163461538461539 0.7451923076923077 0.7475961538461539 0.7451923076923077
0 0.7980769230769231 0.6899038461538461 0.7620192307692307 0.6899038461538461 0.7620192307692307 0.75 0.7980769230769231 0.75
0 0.7644230769230769 0.6899038461538461 0.7403846153846154 0.6899038461538461 0.7403846153846154 0.7572115384615384 0.7644230769230769 0.7572115384615384
0 0.7019230769230769 0.7259615384615384 0.6706730769230769 0.7259615384615384 0.6706730769230769 0.8028846153846154 0.7019230769230769 0.8028846153846154
0 0.7884615384615384 0.7572115384615384 0.7548076923076923 0.7572115384615384 0.7548076923076923 0.8221153846153846 0.7884615384615384 0.8221153846153846