0 0.31971153846153844 0.34615384615384615 0.2836538461538462 0.34615384615384615 0.2836538461538462 0.4182692307692308 0.31971153846153844 0.4182692307692308
0 0.7163461538461539 0.2836538461538462 0.6850961538461539 0.2836538461538462 0.6850961538461539 0.3317307692307694 0.7163461538461539 0.3317307692307694
0 0.2860576923076924 0.375 0.25721153846153855 0.375 0.25721153846153855 0.4206730769230769 0.2860576923076924 0.4206730769230769
0 0.7403846153846154 0.29807692307692313 0.7139423076923077 0.29807692307692313 0.7139423076923077 0.3389423076923078 0.7403846153846154 0.3389423076923078
0 0.5961538461538461 0.32451923076923084 0.5576923076923077 0.3245192307692308 0.5576923076923077 0.38701923076923084 0.5961538461538461 0.3870192307692309
0 0.7548076923076923 0.32692307692307704 0.7235576923076923 0.32692307692307704 0.7235576923076923 0.3750000000000001 0.7548076923076923 0.3750000000000001
0 0.5600961538461539 0.3629807692307693 0.5288461538461539 0.3629807692307692 0.5288461538461539 0.420673076923077 0.5600961538461539 0.42067307692307704
0 0.7067307692307693 0.3822115384615386 0.6754807692307693 0.3822115384615386 0.6754807692307693 0.4302884615384617 0.7067307692307693 0.4302884615384617
0 0.5985576923076923 0.39663461538461553 0.5649038461538461 0.39663461538461553 0.5649038461538461 0.4567307692307694 0.5985576923076923 0.4567307692307694
0 0.23076923076923084 0.47596153846153844 0.19951923076923084 0.47596153846153844 0.19951923076923084 0.5216346153846154 0.23076923076923084 0.5216346153846154
0 0.8461538461538461 0.3557692307692309 0.8100961538461539 0.3557692307692309 0.8100961538461539 0.4134615384615386 0.8461538461538461 0.4134615384615386
0 0.5384615384615384 0.41586538461538464 0.5 0.41586538461538464 0.5 0.4831730769230769 0.5384615384615384 0.4831730769230769
0 0.8870192307692307 0.35336538461538475 0.8509615384615384 0.35336538461538475 0.8509615384615384 0.42067307692307704 0.8870192307692307 0.42067307692307704
0 0.4375 0.43990384615384615 0.39903846153846156 0.43990384615384615 0.39903846153846156 0.5024038461538461 0.4375 0.5024038461538461
0 0.7043269230769231 0.4086538461538463 0.6730769230769231 0.4086538461538463 0.6730769230769231 0.4567307692307694 0.7043269230769231 0.4567307692307694
0 0.5072115384615384 0.44471153846153844 0.47596153846153844 0.44471153846153844 0.47596153846153844 0.4951923076923077 0.5072115384615384 0.4951923076923077
0 0.49759615384615385 0.4735576923076923 0.45913461538461536 0.4735576923076923 0.45913461538461536 0.53125 0.49759615384615385 0.53125
0 0.2788461538461539 0.5216346153846154 0.24278846153846162 0.5216346153846154 0.24278846153846162 0.5793269230769231 0.2788461538461539 0.5793269230769231
0 0.6634615384615384 0.45913461538461553 0.6274038461538461 0.45913461538461553 0.6274038461538461 0.5168269230769232 0.6634615384615384 0.5168269230769232
0 0.8461538461538461 0.45432692307692324 0.8125 0.45432692307692324 0.8125 0.5168269230769232 0.8461538461538461 0.5168269230769232
0 0.7572115384615384 0.4807692307692309 0.71875 0.4807692307692309 0.71875 0.5336538461538463 0.7572115384615384 0.5336538461538463
0 0.5504807692307693 0.5072115384615384 0.5120192307692307 0.5072115384615384 0.5120192307692308 0.59375 0.5504807692307694 0.59375
0 0.8677884615384616 0.4807692307692309 0.8389423076923077 0.4807692307692309 0.8389423076923077 0.5312500000000001 0.8677884615384616 0.5312500000000001
0 0.9831730769230769 0.45192307692307704 0.9471153846153846 0.45192307692307704 0.9471153846153846 0.5024038461538463 0.9831730769230769 0.5024038461538463
0 0.27644230769230776 0.5769230769230769 0.24519230769230776 0.5769230769230769 0.24519230769230776 0.6298076923076923 0.27644230769230776 0.6298076923076923
0 0.8341346153846154 0.4951923076923078 0.8100961538461539 0.4951923076923078 0.8100961538461539 0.5456730769230771 0.8341346153846154 0.5456730769230771
0 0.42307692307692324 0.5769230769230769 0.3870192307692309 0.5769230769230769 0.3870192307692309 0.6346153846153846 0.42307692307692324 0.6346153846153846
0 0.4807692307692309 0.5745192307692307 0.44230769230769246 0.5745192307692307 0.44230769230769246 0.6514423076923077 0.4807692307692309 0.6514423076923077
0 0.8509615384615384 0.5264423076923078 0.8245192307692307 0.5264423076923078 0.8245192307692307 0.5721153846153848 0.8509615384615384 0.5721153846153848
0 0.8413461538461539 0.5673076923076924 0.8028846153846154 0.5673076923076924 0.8028846153846154 0.6298076923076923 0.8413461538461539 0.6298076923076923
0 0.9807692307692307 0.5576923076923078 0.9495192307692307 0.5576923076923078 0.9495192307692307 0.5985576923076924 0.9807692307692307 0.5985576923076924
0 0.5336538461538463 0.6177884615384616 0.5000000000000001 0.6177884615384616 0.5000000000000001 0.6850961538461539 0.5336538461538463 0.6850961538461539
0 0.6538461538461539 0.6225961538461539 0.6105769230769232 0.6225961538461539 0.6105769230769232 0.6899038461538461 0.6538461538461539 0.6899038461538461
0 0.9014423076923077 0.6033653846153848 0.8701923076923077 0.6033653846153848 0.8701923076923077 0.6586538461538461 0.9014423076923077 0.6586538461538461
0 0.9903846153846154 0.6490384615384616 0.9591346153846154 0.6490384615384616 0.9591346153846154 0.6995192307692307 0.9903846153846154 0.6995192307692307
0 0.7379807692307693 0.7403846153846154 0.7019230769230769 0.7403846153846154 0.7019230769230769 0.8052884615384616 0.7379807692307693 0.8052884615384616
0 0.9567307692307693 0.7115384615384616 0.9206730769230769 0.7115384615384616 0.9206730769230769 0.7692307692307693 0.9567307692307693 0.7692307692307693
0 0.7620192307692307 0.8100961538461539 0.7115384615384616 0.8100961538461539 0.7115384615384616 0.8894230769230769 0.7620192307692307 0.8894230769230769