0 0.9831730769230769 0.41586538461538475 0.90625 0.41586538461538475 0.90625 0.47355769230769246 0.9831730769230769 0.47355769230769246
0 1 0.2932692307692309 0.9567307692307693 0.2932692307692309 0.9567307692307693 0.33413461538461553 1 0.33413461538461553
0 0.3629807692307692 0.2355769230769231 0.2644230769230769 0.23557692307692307 0.264423076923077 0.295673076923077 0.3629807692307692 0.295673076923077
0 0.3870192307692308 0.3870192307692308 0.3028846153846155 0.3870192307692308 0.3028846153846155 0.44471153846153844 0.3870192307692308 0.44471153846153844
0 0.41586538461538464 0.09615384615384619 0.3485576923076923 0.09615384615384619 0.3485576923076923 0.13461538461538464 0.41586538461538464 0.13461538461538464
0 0.3942307692307692 0.4543269230769231 0.32211538461538464 0.4543269230769231 0.32211538461538464 0.5048076923076923 0.3942307692307692 0.5048076923076923
0 0.4062500000000001 0.7115384615384616 0.32932692307692324 0.7115384615384616 0.32932692307692324 0.7692307692307693 0.4062500000000001 0.7692307692307693
0 0.4519230769230769 0.06730769230769236 0.3798076923076923 0.06730769230769236 0.3798076923076923 0.11538461538461543 0.4519230769230769 0.11538461538461545
0 0.43990384615384615 0.4951923076923077 0.38221153846153844 0.4951923076923077 0.38221153846153844 0.5432692307692307 0.43990384615384615 0.5432692307692307
0 0.49038461538461536 0.10096153846153852 0.3942307692307692 0.10096153846153849 0.3942307692307692 0.1658653846153847 0.49038461538461536 0.1658653846153847
0 0.4831730769230769 0.2067307692307693 0.40625 0.2067307692307693 0.40625 0.2548076923076924 0.4831730769230769 0.2548076923076924
0 0.46875 0.28125000000000006 0.4110576923076923 0.28125000000000006 0.4110576923076923 0.3317307692307692 0.46875 0.3317307692307692
0 0.5096153846153848 0.6538461538461539 0.4182692307692309 0.6538461538461539 0.4182692307692309 0.71875 0.5096153846153848 0.71875
0 0.5432692307692307 0.12259615384615391 0.46153846153846156 0.12259615384615391 0.46153846153846156 0.17067307692307698 0.5432692307692307 0.17067307692307698
0 0.5408653846153846 0.21153846153846162 0.46875 0.21153846153846162 0.46875 0.26201923076923084 0.5408653846153846 0.26201923076923084
0 0.53125 0.4375 0.47836538461538464 0.4375 0.47836538461538464 0.4807692307692308 0.53125 0.4807692307692308
0 0.5649038461538461 0.29807692307692313 0.5048076923076923 0.29807692307692313 0.5048076923076923 0.3317307692307693 0.5649038461538461 0.3317307692307694
0 0.5528846153846155 0.8100961538461539 0.44230769230769246 0.8100961538461539 0.44230769230769246 0.8894230769230769 0.5528846153846155 0.8894230769230769
0 0.5312500000000001 0.9399038461538461 0.45432692307692324 0.9399038461538461 0.45432692307692324 0.9879807692307693 0.5312500000000001 0.9879807692307693
0 0.5889423076923077 0.2740384615384616 0.5024038461538461 0.2740384615384616 0.5024038461538461 0.3221153846153847 0.5889423076923077 0.32211538461538475
0 0.5769230769230769 0.4086538461538462 0.5072115384615384 0.40865384615384615 0.5072115384615384 0.4615384615384616 0.5769230769230769 0.4615384615384617
0 0.6394230769230769 0.3725961538461539 0.5432692307692307 0.37259615384615385 0.5432692307692307 0.420673076923077 0.6394230769230769 0.42067307692307704
0 0.6923076923076923 0.3509615384615386 0.625 0.3509615384615386 0.625 0.3942307692307694 0.6923076923076923 0.3942307692307694
0 0.6995192307692307 0.9206730769230769 0.6177884615384616 0.9206730769230769 0.6177884615384616 0.9735576923076923 0.6995192307692307 0.9735576923076923
0 0.7211538461538461 0.6105769230769232 0.6394230769230769 0.6105769230769232 0.6394230769230769 0.6634615384615384 0.7211538461538461 0.6634615384615384
0 0.7355769230769231 0.7475961538461539 0.6394230769230769 0.7475961538461539 0.6394230769230769 0.8076923076923077 0.7355769230769231 0.8076923076923077
0 0.75 0.4014423076923078 0.6802884615384616 0.4014423076923078 0.6802884615384616 0.4495192307692309 0.75 0.4495192307692309
0 0.7475961538461539 0.5697115384615385 0.6850961538461539 0.5697115384615385 0.6850961538461539 0.6129807692307694 0.7475961538461539 0.6129807692307694
0 0.8269230769230769 0.028846153846153945 0.7331730769230769 0.02884615384615394 0.7331730769230769 0.07692307692307702 0.8269230769230769 0.07692307692307702
0 0.8725961538461539 0.13461538461538472 0.8052884615384616 0.13461538461538472 0.8052884615384616 0.1826923076923078 0.8725961538461539 0.18269230769230782
0 0.8846153846153846 0.07692307692307702 0.8173076923076923 0.07692307692307702 0.8173076923076923 0.12740384615384626 0.8846153846153846 0.12740384615384626
0 0.8798076923076923 0.04326923076923087 0.84375 0.04326923076923087 0.84375 0.05769230769230779 0.8798076923076923 0.05769230769230779
0 0.8774038461538461 0.5817307692307694 0.8052884615384616 0.5817307692307694 0.8052884615384616 0.6322115384615384 0.8774038461538461 0.6322115384615384
0 0.9735576923076923 0.10576923076923087 0.9038461538461539 0.10576923076923087 0.9038461538461539 0.16105769230769246 0.9735576923076923 0.16105769230769246