0 0.7644230769230769 0.016826923076923166 0.6875 0.016826923076923163 0.6875 0.09855769230769239 0.7644230769230769 0.09855769230769242
0 0.040865384615384644 0.19951923076923078 2.4434058732988057e-17 0.19951923076923078 2.708353498114339e-17 0.24278846153846154 0.04086538461538465 0.24278846153846154
0 0.17548076923076922 0.16826923076923078 0.12019230769230772 0.16826923076923078 0.12019230769230772 0.24278846153846154 0.17548076923076922 0.24278846153846154
0 0.05288461538461542 0.2283653846153846 0.014423076923076953 0.2283653846153846 0.014423076923076955 0.27163461538461536 0.05288461538461542 0.27163461538461536
0 0.2668269230769231 0.19951923076923078 0.22596153846153846 0.19951923076923078 0.22596153846153846 0.25 0.2668269230769231 0.25
0 0.11538461538461542 0.23557692307692307 0.07692307692307696 0.23557692307692307 0.07692307692307696 0.28846153846153844 0.11538461538461542 0.28846153846153844
0 0.2980769230769231 0.02403846153846157 0.25721153846153844 0.02403846153846157 0.25721153846153844 0.07451923076923081 0.2980769230769231 0.07451923076923081
0 0.41346153846153844 0.22596153846153852 0.37740384615384615 0.22596153846153852 0.37740384615384615 0.264423076923077 0.41346153846153844 0.264423076923077
0 0.5961538461538461 0.28125000000000006 0.5264423076923077 0.28125000000000006 0.5264423076923077 0.3629807692307693 0.5961538461538461 0.3629807692307694
0 0.5192307692307693 0.3173076923076923 0.47836538461538464 0.3173076923076923 0.47836538461538464 0.36538461538461536 0.5192307692307693 0.36538461538461536
0 0.295673076923077 0.375 0.23557692307692316 0.375 0.23557692307692316 0.4423076923076923 0.295673076923077 0.4423076923076923
0 0.1538461538461539 0.4110576923076923 0.08173076923076926 0.4110576923076923 0.08173076923076929 0.4807692307692308 0.1538461538461539 0.4807692307692308
0 0.375 0.41586538461538464 0.31490384615384615 0.41586538461538464 0.31490384615384615 0.4831730769230769 0.375 0.4831730769230769
0 0.2067307692307693 0.47596153846153844 0.15865384615384623 0.47596153846153844 0.15865384615384623 0.5432692307692307 0.2067307692307693 0.5432692307692307
0 0.20913461538461545 0.5048076923076923 0.15865384615384623 0.5048076923076923 0.15865384615384623 0.5528846153846154 0.20913461538461545 0.5528846153846154
0 0.4182692307692308 0.4879807692307692 0.37740384615384615 0.4879807692307692 0.37740384615384615 0.5480769230769231 0.4182692307692308 0.5480769230769231
0 0.4375 0.49038461538461536 0.3918269230769231 0.49038461538461536 0.3918269230769231 0.5504807692307693 0.4375 0.5504807692307693
0 0.7139423076923077 0.45192307692307704 0.6394230769230769 0.45192307692307704 0.6394230769230769 0.5264423076923078 0.7139423076923077 0.5264423076923078
0 0.28125000000000006 0.5456730769230769 0.24519230769230776 0.5456730769230769 0.24519230769230776 0.5889423076923077 0.28125000000000006 0.5889423076923077
0 0.3149038461538462 0.5360576923076923 0.2740384615384616 0.5360576923076923 0.2740384615384616 0.5913461538461539 0.3149038461538463 0.5913461538461539
0 0.41826923076923084 0.5384615384615384 0.37740384615384615 0.5384615384615384 0.3774038461538462 0.5985576923076923 0.4182692307692309 0.5985576923076923
0 0.4567307692307693 0.5456730769230769 0.4182692307692308 0.5456730769230769 0.41826923076923084 0.59375 0.4567307692307694 0.59375
0 0.33413461538461553 0.5793269230769231 0.2908653846153847 0.5793269230769231 0.2908653846153847 0.6346153846153846 0.33413461538461553 0.6346153846153846
0 0.5985576923076924 0.5793269230769232 0.5673076923076924 0.5793269230769232 0.5673076923076924 0.6298076923076923 0.5985576923076924 0.6298076923076923
0 0.4134615384615386 0.6153846153846154 0.37259615384615397 0.6153846153846154 0.37259615384615397 0.6706730769230769 0.4134615384615386 0.6706730769230769
0 0.4254807692307694 0.6225961538461539 0.3750000000000001 0.6225961538461539 0.3750000000000001 0.6947115384615384 0.4254807692307694 0.6947115384615384
0 0.6658653846153846 0.6081730769230771 0.6225961538461539 0.6081730769230771 0.6225961538461539 0.6610576923076923 0.6658653846153846 0.6610576923076923
0 0.543269230769231 0.6706730769230769 0.4807692307692309 0.6706730769230769 0.4807692307692309 0.7331730769230769 0.543269230769231 0.7331730769230769
0 0.8413461538461539 0.625 0.7908653846153846 0.625 0.7908653846153846 0.6971153846153846 0.8413461538461539 0.6971153846153846
0 0.45192307692307704 0.6947115384615384 0.4014423076923078 0.6947115384615384 0.4014423076923078 0.7596153846153846 0.45192307692307704 0.7596153846153846
0 0.7043269230769231 0.6995192307692307 0.6610576923076923 0.6995192307692307 0.6610576923076923 0.7620192307692307 0.7043269230769231 0.7620192307692307
0 0.543269230769231 0.7283653846153846 0.48557692307692324 0.7283653846153846 0.48557692307692324 0.8028846153846154 0.543269230769231 0.8028846153846154
0 0.5961538461538463 0.7259615384615384 0.5360576923076924 0.7259615384615384 0.5360576923076924 0.7956730769230769 0.5961538461538463 0.7956730769230769
0 0.7788461538461539 0.7644230769230769 0.7163461538461539 0.7644230769230769 0.7163461538461539 0.8341346153846154 0.7788461538461539 0.8341346153846154
0 1 0.7475961538461539 0.9735576923076923 0.7475961538461539 0.9735576923076923 0.7884615384615384 1 0.7884615384615384
0 0.6538461538461539 0.7932692307692307 0.6153846153846154 0.7932692307692307 0.6153846153846154 0.8557692307692307 0.6538461538461539 0.8557692307692307
0 0.7331730769230769 0.78125 0.6730769230769231 0.78125 0.6730769230769231 0.8509615384615384 0.7331730769230769 0.8509615384615384
0 0.5456730769230771 0.8485576923076923 0.49759615384615397 0.8485576923076923 0.49759615384615397 0.9134615384615384 0.5456730769230771 0.9134615384615384
0 0.8245192307692307 0.8365384615384616 0.7836538461538461 0.8365384615384616 0.7836538461538461 0.8918269230769231 0.8245192307692307 0.8918269230769231