0 0.84375 0.0024038461538462524 0.7692307692307693 0.0024038461538462477 0.7692307692307693 0.12740384615384626 0.84375 0.12740384615384626
0 0.9567307692307693 0.05769230769230781 0.90625 0.05769230769230779 0.90625 0.14182692307692318 0.9567307692307693 0.14182692307692318
0 0.7427884615384616 0.08653846153846162 0.6754807692307693 0.0865384615384616 0.6754807692307693 0.18750000000000006 0.7427884615384616 0.18750000000000006
0 0.5096153846153846 0.1129807692307693 0.44711538461538464 0.1129807692307693 0.44711538461538464 0.22596153846153852 0.5096153846153846 0.22596153846153852
0 0.9014423076923077 0.10336538461538472 0.8461538461538461 0.10336538461538472 0.8461538461538461 0.18269230769230782 0.9014423076923077 0.18269230769230782
0 0.23317307692307696 0.21875 0.1658653846153846 0.21875 0.16586538461538464 0.3245192307692308 0.23317307692307698 0.3245192307692308
0 0.8774038461538461 0.17548076923076933 0.8221153846153846 0.1754807692307693 0.8221153846153846 0.26923076923076933 0.8774038461538461 0.2692307692307694
0 0.47836538461538464 0.19951923076923084 0.4110576923076923 0.19951923076923084 0.4110576923076923 0.31971153846153844 0.47836538461538464 0.31971153846153844
0 0.8028846153846154 0.19230769230769237 0.7331730769230769 0.19230769230769237 0.7331730769230769 0.2908653846153847 0.8028846153846154 0.2908653846153847
0 0.09134615384615388 0.2692307692307692 0.012019230769230803 0.2692307692307692 0.01201923076923081 0.3894230769230769 0.09134615384615388 0.3894230769230769
0 0.9831730769230769 0.2307692307692309 0.9326923076923077 0.2307692307692309 0.9326923076923077 0.3076923076923078 0.9831730769230769 0.3076923076923078
0 0.7307692307692307 8.537201244056068e-17 0.6634615384615384 8.125060494343017e-17 0.6634615384615384 0.05288461538461547 0.7307692307692307 0.05288461538461547
0 0.7644230769230769 0.26201923076923084 0.6923076923076923 0.26201923076923084 0.6923076923076923 0.4086538461538463 0.7644230769230769 0.4086538461538463
0 0.8677884615384616 1.0288799430336538e-16 0.8125 9.950255243072244e-17 0.8125 0.03846153846153856 0.8677884615384616 0.03846153846153856
0 0.5576923076923077 0.3557692307692308 0.49038461538461536 0.3557692307692308 0.49038461538461536 0.46875 0.5576923076923077 0.46875
0 0.7764423076923077 0.6105769230769232 0.7139423076923077 0.6105769230769232 0.7139423076923077 0.7163461538461539 0.7764423076923077 0.7163461538461539
0 1 0.6826923076923077 0.9711538461538461 0.6826923076923077 0.9711538461538461 0.7692307692307693 1 0.7692307692307693
0 0.9206730769230769 0.007211538461538571 0.8653846153846154 0.007211538461538569 0.8653846153846154 0.08894230769230779 0.9206730769230769 0.08894230769230779
0 0.18269230769230768 0.07692307692307694 0.1201923076923077 0.07692307692307693 0.12019230769230771 0.17548076923076922 0.18269230769230768 0.17548076923076922