0 0.06971153846153852 0.46875 0.03125000000000006 0.46875 0.03125000000000006 0.4951923076923077 0.06971153846153853 0.4951923076923077
0 0.09134615384615395 0.7355769230769231 0.05528846153846163 0.7355769230769231 0.05528846153846163 0.7620192307692307 0.09134615384615395 0.7620192307692307
0 0.11057692307692318 0.90625 0.07211538461538472 0.90625 0.07211538461538472 0.9375 0.11057692307692318 0.9375
0 0.6682692307692307 0.15865384615384623 0.6105769230769231 0.15865384615384623 0.6105769230769231 0.18750000000000006 0.6682692307692307 0.18750000000000006
0 0.6538461538461539 0.34855769230769246 0.6057692307692307 0.34855769230769246 0.6057692307692307 0.37980769230769246 0.6538461538461539 0.37980769230769246
0 0.6778846153846154 0.4447115384615386 0.6201923076923077 0.4447115384615386 0.6201923076923077 0.48557692307692324 0.6778846153846154 0.48557692307692324
0 0.6538461538461539 0.37259615384615397 0.6033653846153846 0.37259615384615397 0.6033653846153846 0.4014423076923078 0.6538461538461539 0.4014423076923078
0 0.6201923076923077 0.39182692307692324 0.5649038461538461 0.39182692307692324 0.5649038461538461 0.4302884615384617 0.6201923076923077 0.4302884615384617
0 0.5961538461538461 0.35576923076923084 0.5480769230769231 0.3557692307692308 0.5480769230769231 0.39182692307692313 0.5961538461538461 0.39182692307692324
0 0.5841346153846154 0.3317307692307693 0.5384615384615384 0.3317307692307692 0.5384615384615384 0.358173076923077 0.5841346153846154 0.35817307692307704
0 0.591346153846154 0.5889423076923077 0.5360576923076924 0.5889423076923077 0.5360576923076924 0.6274038461538461 0.591346153846154 0.6274038461538461
0 0.49759615384615385 0.33653846153846156 0.44471153846153844 0.33653846153846156 0.44471153846153844 0.36778846153846156 0.49759615384615385 0.36778846153846156
0 0.5096153846153846 0.42788461538461536 0.4519230769230769 0.42788461538461536 0.4519230769230769 0.46634615384615385 0.5096153846153846 0.46634615384615385
0 0.4879807692307692 0.295673076923077 0.42788461538461536 0.295673076923077 0.42788461538461536 0.3293269230769231 0.4879807692307692 0.3293269230769231
0 0.4855769230769231 0.375 0.4423076923076923 0.375 0.4423076923076923 0.40625 0.4855769230769231 0.40625
0 0.4639423076923077 0.4375 0.43509615384615385 0.4375 0.43509615384615385 0.46153846153846156 0.4639423076923077 0.46153846153846156
0 0.4326923076923077 0.24278846153846162 0.3701923076923077 0.24278846153846162 0.3701923076923077 0.28125000000000006 0.4326923076923077 0.28125000000000006
0 0.4375 0.32211538461538464 0.375 0.32211538461538464 0.375 0.3581730769230769 0.4375 0.3581730769230769
0 0.4182692307692308 0.5096153846153846 0.36538461538461536 0.5096153846153846 0.36538461538461536 0.5408653846153846 0.4182692307692308 0.5408653846153846
0 0.41586538461538475 0.5600961538461539 0.3701923076923078 0.5600961538461539 0.3701923076923078 0.5913461538461539 0.41586538461538475 0.5913461538461539
0 0.40865384615384615 0.5288461538461539 0.3557692307692308 0.5288461538461539 0.3557692307692308 0.5552884615384616 0.40865384615384615 0.5552884615384616
0 0.3701923076923077 0.3701923076923077 0.3269230769230769 0.3701923076923077 0.3269230769230769 0.39903846153846156 0.3701923076923077 0.39903846153846156
0 0.37259615384615397 0.5793269230769231 0.3365384615384617 0.5793269230769231 0.3365384615384617 0.6057692307692307 0.37259615384615397 0.6057692307692307
0 0.34375000000000006 0.53125 0.29326923076923084 0.53125 0.29326923076923084 0.5649038461538461 0.3437500000000001 0.5649038461538461
0 0.31971153846153844 0.4639423076923077 0.26201923076923084 0.4639423076923077 0.26201923076923084 0.5048076923076923 0.31971153846153844 0.5048076923076923
0 0.2644230769230769 0.20432692307692307 0.21634615384615385 0.20432692307692307 0.21634615384615385 0.23076923076923078 0.2644230769230769 0.23076923076923078
0 0.38461538461538475 0.8197115384615384 0.3317307692307694 0.8197115384615384 0.3317307692307694 0.8533653846153846 0.38461538461538475 0.8533653846153846
0 0.29326923076923084 0.3485576923076923 0.23076923076923084 0.3485576923076923 0.23076923076923084 0.38461538461538464 0.29326923076923084 0.38461538461538464
0 0.3389423076923078 0.6899038461538461 0.2860576923076924 0.6899038461538461 0.2860576923076924 0.7235576923076923 0.3389423076923078 0.7235576923076923
0 0.32211538461538475 0.6177884615384616 0.2596153846153847 0.6177884615384616 0.2596153846153847 0.6466346153846154 0.32211538461538475 0.6466346153846154
0 0.2740384615384616 0.4831730769230769 0.24038461538461545 0.4831730769230769 0.24038461538461545 0.5024038461538461 0.2740384615384616 0.5024038461538461
0 0.3125000000000001 0.6538461538461539 0.2692307692307693 0.6538461538461539 0.2692307692307693 0.6875 0.3125000000000001 0.6875
0 0.28125000000000006 0.5697115384615384 0.23317307692307698 0.5697115384615384 0.23317307692307698 0.5913461538461539 0.28125000000000006 0.5913461538461539
0 0.28125000000000006 0.5769230769230769 0.23076923076923084 0.5769230769230769 0.23076923076923084 0.6033653846153846 0.28125000000000006 0.6033653846153846
0 0.24038461538461545 0.40384615384615385 0.20432692307692316 0.40384615384615385 0.20432692307692316 0.43509615384615385 0.24038461538461545 0.43509615384615385
0 0.23076923076923084 0.3942307692307692 0.14903846153846156 0.3942307692307692 0.1490384615384616 0.4375 0.23076923076923084 0.4375
0 0.22596153846153852 0.5889423076923077 0.18269230769230776 0.5889423076923077 0.18269230769230776 0.6225961538461539 0.22596153846153852 0.6225961538461539
0 0.24519230769230776 0.6995192307692307 0.19471153846153852 0.6995192307692307 0.19471153846153852 0.7355769230769231 0.24519230769230776 0.7355769230769231
0 0.20192307692307698 0.5168269230769231 0.1346153846153847 0.5168269230769231 0.1346153846153847 0.5576923076923077 0.20192307692307698 0.5576923076923077
0 0.17067307692307698 0.4639423076923077 0.1129807692307693 0.4639423076923077 0.1129807692307693 0.5072115384615384 0.17067307692307698 0.5072115384615384
0 0.1538461538461539 0.4206730769230769 0.10336538461538468 0.4206730769230769 0.10336538461538468 0.4519230769230769 0.1538461538461539 0.4519230769230769
0 0.247596153846154 0.9735576923076923 0.2043269230769232 0.9735576923076923 0.2043269230769232 1 0.247596153846154 1
0 0.16346153846153852 0.6923076923076923 0.10576923076923084 0.6923076923076923 0.10576923076923085 0.7283653846153846 0.16346153846153852 0.7283653846153846