0 0.2043269230769232 0.9326923076923077 0.13701923076923087 0.9326923076923077 0.13701923076923087 0.9663461538461539 0.2043269230769232 0.9663461538461539
0 0.6225961538461539 0.14903846153846162 0.5120192307692307 0.14903846153846162 0.5120192307692307 0.326923076923077 0.6225961538461539 0.32692307692307704
0 0.18509615384615388 0.16826923076923078 0.09375000000000003 0.16826923076923078 0.09375000000000003 0.31009615384615385 0.1850961538461539 0.31009615384615385
0 0.2716346153846154 0.19471153846153846 0.17307692307692307 0.19471153846153846 0.1730769230769231 0.3581730769230769 0.2716346153846155 0.3581730769230769
0 0.5649038461538461 0.2524038461538462 0.4807692307692308 0.2524038461538462 0.4807692307692308 0.3798076923076924 0.5649038461538461 0.37980769230769246
0 0.24278846153846156 0.2283653846153846 0.11778846153846158 0.2283653846153846 0.11778846153846159 0.4495192307692308 0.24278846153846162 0.4495192307692308
0 0.45913461538461536 0.2908653846153847 0.34615384615384615 0.2908653846153847 0.34615384615384615 0.4831730769230769 0.45913461538461536 0.4831730769230769
0 0.53125 0.4014423076923077 0.43990384615384615 0.4014423076923077 0.43990384615384615 0.5384615384615384 0.53125 0.5384615384615384
0 0.7307692307692307 0.40384615384615397 0.6418269230769231 0.40384615384615397 0.6418269230769231 0.5408653846153848 0.7307692307692307 0.5408653846153848
0 0.8870192307692307 0.574519230769231 0.7860576923076923 0.574519230769231 0.7860576923076923 0.7524038461538461 0.8870192307692307 0.7524038461538461
0 0.06250000000000008 0.6418269230769231 7.860112869527482e-17 0.6418269230769231 8.537201244056068e-17 0.7524038461538461 0.06250000000000008 0.7524038461538461
0 0.7884615384615384 0.021634615384615474 0.6826923076923077 0.02163461538461547 0.6826923076923077 0.16346153846153852 0.7884615384615384 0.16346153846153852
0 0.46875 5.078162808964386e-17 0.3605769230769231 4.415793746925552e-17 0.3605769230769231 0.16346153846153852 0.46875 0.16346153846153852