0 0.37259615384615397 0.8870192307692307 0.34134615384615397 0.8870192307692307 0.34134615384615397 0.9302884615384616 0.37259615384615397 0.9302884615384616
0 0.4110576923076923 0.17067307692307698 0.3870192307692308 0.17067307692307698 0.3870192307692308 0.19951923076923084 0.4110576923076923 0.19951923076923084
0 0.3942307692307692 0.19471153846153852 0.3605769230769231 0.19471153846153852 0.3605769230769231 0.23557692307692316 0.3942307692307692 0.23557692307692316
0 0.4639423076923077 0.23317307692307698 0.4375 0.23317307692307698 0.4375 0.2740384615384616 0.4639423076923077 0.2740384615384616
0 0.25721153846153844 0.2283653846153846 0.2283653846153846 0.2283653846153846 0.2283653846153846 0.2644230769230769 0.25721153846153844 0.2644230769230769
0 0.43509615384615385 0.29326923076923084 0.4110576923076923 0.29326923076923084 0.4110576923076923 0.3245192307692308 0.43509615384615385 0.3245192307692308
0 0.47836538461538464 0.3125 0.44471153846153844 0.3125 0.44471153846153844 0.35336538461538464 0.47836538461538464 0.35336538461538464
0 0.5865384615384616 0.3341346153846155 0.5504807692307693 0.33413461538461536 0.5504807692307693 0.3774038461538462 0.5865384615384616 0.3774038461538463
0 0.36778846153846156 0.3076923076923077 0.33653846153846156 0.3076923076923077 0.33653846153846156 0.3557692307692308 0.36778846153846156 0.3557692307692308
0 0.43509615384615385 0.33413461538461536 0.40384615384615385 0.33413461538461536 0.40384615384615385 0.375 0.43509615384615385 0.375
0 0.33413461538461536 0.3293269230769231 0.3028846153846155 0.3293269230769231 0.3028846153846155 0.36538461538461536 0.33413461538461536 0.36538461538461536
0 0.5192307692307693 0.37740384615384615 0.4879807692307692 0.37740384615384615 0.4879807692307692 0.4182692307692308 0.5192307692307693 0.4182692307692308
0 0.4567307692307692 0.37259615384615385 0.4230769230769231 0.37259615384615385 0.4230769230769231 0.4110576923076923 0.4567307692307692 0.4110576923076923
0 0.5889423076923077 0.4086538461538462 0.5576923076923077 0.40865384615384615 0.5576923076923077 0.4567307692307693 0.5889423076923077 0.4567307692307694
0 0.5528846153846154 0.4423076923076923 0.5240384615384616 0.4423076923076923 0.5240384615384616 0.4807692307692308 0.5528846153846154 0.4807692307692308
0 0.6225961538461539 0.45192307692307704 0.5865384615384616 0.45192307692307704 0.5865384615384616 0.49038461538461553 0.6225961538461539 0.49038461538461553
0 0.5889423076923077 0.4591346153846155 0.5528846153846154 0.45913461538461536 0.5528846153846154 0.5024038461538463 0.5889423076923077 0.5024038461538463
0 0.5120192307692307 0.4567307692307692 0.4831730769230769 0.4567307692307692 0.4831730769230769 0.4951923076923077 0.5120192307692307 0.4951923076923077
0 0.3605769230769231 0.43990384615384615 0.33653846153846156 0.43990384615384615 0.33653846153846156 0.4855769230769231 0.3605769230769231 0.4855769230769231
0 0.34615384615384615 0.4519230769230769 0.3125 0.4519230769230769 0.3125 0.49038461538461536 0.34615384615384615 0.49038461538461536
0 0.6033653846153846 0.5096153846153848 0.5841346153846154 0.5096153846153848 0.5841346153846154 0.5384615384615385 0.6033653846153846 0.5384615384615385
0 0.5144230769230769 0.5 0.49038461538461536 0.5 0.49038461538461536 0.5336538461538461 0.5144230769230769 0.5336538461538461
0 0.3076923076923077 0.4639423076923077 0.28125000000000006 0.4639423076923077 0.28125000000000006 0.5024038461538461 0.3076923076923077 0.5024038461538461
0 0.5865384615384616 0.5144230769230771 0.5600961538461539 0.5144230769230771 0.5600961538461539 0.5576923076923078 0.5865384615384616 0.5576923076923078
0 0.4663461538461539 0.5216346153846154 0.4375 0.5216346153846154 0.43750000000000006 0.5649038461538461 0.46634615384615397 0.5649038461538461
0 0.3557692307692309 0.5649038461538461 0.3365384615384617 0.5649038461538461 0.3365384615384617 0.5889423076923077 0.3557692307692309 0.5889423076923077
0 0.5769230769230771 0.6009615384615385 0.5528846153846155 0.6009615384615384 0.5528846153846155 0.6322115384615384 0.5769230769230771 0.6322115384615384
0 0.560096153846154 0.6009615384615385 0.5192307692307694 0.6009615384615384 0.5192307692307694 0.6514423076923077 0.560096153846154 0.6514423076923077
0 0.3509615384615386 0.5865384615384616 0.3317307692307694 0.5865384615384616 0.3317307692307694 0.6201923076923077 0.3509615384615386 0.6201923076923077
0 0.4375000000000001 0.5961538461538461 0.40384615384615397 0.5961538461538461 0.40384615384615397 0.6490384615384616 0.4375000000000001 0.6490384615384616
0 0.4086538461538463 0.6177884615384616 0.38461538461538475 0.6177884615384616 0.38461538461538475 0.6514423076923077 0.4086538461538463 0.6514423076923077
0 0.5504807692307694 0.6442307692307693 0.5216346153846155 0.6442307692307693 0.5216346153846155 0.6826923076923077 0.5504807692307694 0.6826923076923077
0 0.16826923076923084 0.5913461538461539 0.13942307692307698 0.5913461538461539 0.13942307692307698 0.6322115384615384 0.16826923076923084 0.6322115384615384
0 0.1850961538461539 0.6057692307692307 0.15625000000000006 0.6057692307692307 0.15625000000000006 0.6442307692307693 0.1850961538461539 0.6442307692307693
0 0.41105769230769246 0.6586538461538461 0.38461538461538475 0.6586538461538461 0.38461538461538475 0.6971153846153846 0.41105769230769246 0.6971153846153846
0 0.5480769230769232 0.6971153846153846 0.528846153846154 0.6971153846153846 0.528846153846154 0.7211538461538461 0.5480769230769232 0.7211538461538461
0 0.4639423076923078 0.6875 0.4399038461538463 0.6875 0.4399038461538463 0.7259615384615384 0.4639423076923078 0.7259615384615384
0 0.4951923076923078 0.6875 0.4615384615384617 0.6875 0.4615384615384617 0.7355769230769231 0.4951923076923078 0.7355769230769231
0 0.5096153846153848 0.7355769230769231 0.4807692307692309 0.7355769230769231 0.4807692307692309 0.7716346153846154 0.5096153846153848 0.7716346153846154
0 0.45192307692307704 0.7572115384615384 0.42307692307692324 0.7572115384615384 0.42307692307692324 0.7956730769230769 0.45192307692307704 0.7956730769230769
0 0.4495192307692309 0.78125 0.42307692307692324 0.78125 0.42307692307692324 0.8197115384615384 0.4495192307692309 0.8197115384615384
0 0.16105769230769237 0.7524038461538461 0.13461538461538472 0.7524038461538461 0.13461538461538472 0.7860576923076923 0.16105769230769237 0.7860576923076923
0 0.15625000000000006 0.7836538461538461 0.1298076923076924 0.7836538461538461 0.1298076923076924 0.8173076923076923 0.15625000000000006 0.8173076923076923
0 0.41586538461538475 0.84375 0.38942307692307704 0.84375 0.38942307692307704 0.8822115384615384 0.41586538461538475 0.8822115384615384