0 0.9230769230769231 0.84375 0.8485576923076923 0.84375 0.8485576923076923 0.9423076923076923 0.9230769230769231 0.9423076923076923
0 0.7980769230769231 0.8894230769230769 0.7211538461538461 0.8894230769230769 0.7211538461538461 0.9783653846153846 0.7980769230769231 0.9783653846153846
0 0.35336538461538475 0.9471153846153846 0.2836538461538463 0.9471153846153846 0.2836538461538463 0.9879807692307693 0.35336538461538475 0.9879807692307693
0 0.8990384615384616 0.031250000000000104 0.8100961538461539 0.031250000000000104 0.8100961538461539 0.13701923076923087 0.8990384615384616 0.13701923076923087
0 0.5552884615384616 0.12740384615384623 0.46875 0.12740384615384623 0.46875 0.26201923076923084 0.5552884615384616 0.26201923076923084
0 0.6875 0.2475961538461539 0.5985576923076923 0.2475961538461539 0.5985576923076923 0.3942307692307694 0.6875 0.3942307692307694
0 0.6346153846153846 0.29807692307692313 0.5384615384615384 0.29807692307692313 0.5384615384615384 0.451923076923077 0.6346153846153846 0.45192307692307704
0 0.20192307692307698 0.4206730769230769 0.1346153846153847 0.4206730769230769 0.1346153846153847 0.5264423076923077 0.20192307692307698 0.5264423076923077
0 0.4182692307692308 0.4423076923076923 0.35336538461538464 0.4423076923076923 0.35336538461538464 0.5192307692307693 0.4182692307692308 0.5192307692307693
0 0.5889423076923077 0.4302884615384616 0.5144230769230769 0.43028846153846156 0.5144230769230769 0.5336538461538463 0.5889423076923077 0.5336538461538463
0 0.9038461538461539 0.34855769230769246 0.7956730769230769 0.34855769230769246 0.7956730769230769 0.5264423076923078 0.9038461538461539 0.5264423076923078
0 0.4110576923076924 0.46153846153846156 0.33653846153846156 0.46153846153846156 0.3365384615384616 0.5625 0.41105769230769246 0.5625
0 0.2956730769230769 0.024038461538461568 0.21875 0.024038461538461564 0.21875 0.12980769230769235 0.2956730769230769 0.12980769230769235
0 0.7043269230769231 0.4302884615384617 0.6009615384615384 0.4302884615384617 0.6009615384615385 0.5961538461538463 0.7043269230769231 0.5961538461538463
0 0.9375 0.42307692307692324 0.8485576923076923 0.42307692307692324 0.8485576923076923 0.5528846153846155 0.9375 0.5528846153846155
0 0.5961538461538463 0.47596153846153855 0.49278846153846156 0.47596153846153844 0.4927884615384616 0.6346153846153846 0.5961538461538463 0.6346153846153846
0 0.4927884615384616 0.5528846153846154 0.41586538461538464 0.5528846153846154 0.4158653846153847 0.6634615384615384 0.4927884615384617 0.6634615384615384
0 0.4855769230769231 5.4461456212081815e-17 0.40384615384615385 4.9456889965566184e-17 0.40384615384615385 0.11298076923076929 0.4855769230769231 0.1129807692307693
0 0.5240384615384617 0.6370192307692307 0.43509615384615397 0.6370192307692307 0.43509615384615397 0.7475961538461539 0.5240384615384617 0.7475961538461539
0 0.6947115384615384 0.009615384615384696 0.6105769230769231 0.009615384615384692 0.6105769230769231 0.11538461538461545 0.6947115384615384 0.11538461538461545
0 0.2932692307692309 0.7163461538461539 0.19230769230769237 0.7163461538461539 0.1923076923076924 0.8725961538461539 0.2932692307692309 0.8725961538461539
0 0.9423076923076923 0.03605769230769242 0.8725961538461539 0.036057692307692416 0.8725961538461539 0.06250000000000011 0.9423076923076923 0.06250000000000012
0 0.8125 0.7235576923076923 0.7235576923076923 0.7235576923076923 0.7235576923076923 0.8389423076923077 0.8125 0.8389423076923077
0 0.3437500000000001 0.8509615384615384 0.25961538461538475 0.8509615384615384 0.25961538461538475 0.9711538461538461 0.3437500000000001 0.9711538461538461