0 0.7211538461538461 0.27644230769230776 0.6850961538461539 0.27644230769230776 0.6850961538461539 0.3437500000000001 0.7211538461538461 0.3437500000000001
0 0.6875 0.3052884615384616 0.6466346153846154 0.3052884615384616 0.6466346153846154 0.3774038461538463 0.6875 0.3774038461538463
0 0.8221153846153846 0.3629807692307694 0.7908653846153846 0.3629807692307694 0.7908653846153846 0.4014423076923078 0.8221153846153846 0.4014423076923078
0 0.7716346153846154 0.34134615384615397 0.7379807692307693 0.34134615384615397 0.7379807692307693 0.41105769230769246 0.7716346153846154 0.41105769230769246
0 0.26682692307692313 0.27403846153846156 0.22355769230769232 0.27403846153846156 0.22355769230769235 0.34615384615384615 0.26682692307692313 0.34615384615384615
0 0.7427884615384616 0.36057692307692324 0.7067307692307693 0.36057692307692324 0.7067307692307693 0.4375000000000001 0.7427884615384616 0.4375000000000001
0 0.8677884615384616 0.41105769230769246 0.8341346153846154 0.41105769230769246 0.8341346153846154 0.47836538461538475 0.8677884615384616 0.47836538461538475
0 0.8413461538461539 0.4326923076923078 0.8052884615384616 0.4326923076923078 0.8052884615384616 0.5024038461538463 0.8413461538461539 0.5024038461538463
0 0.42788461538461536 0.37259615384615385 0.38221153846153844 0.37259615384615385 0.38221153846153844 0.43990384615384615 0.42788461538461536 0.43990384615384615
0 0.7788461538461539 0.45913461538461553 0.7403846153846154 0.45913461538461553 0.7403846153846154 0.528846153846154 0.7788461538461539 0.528846153846154
0 0.5048076923076923 0.43028846153846156 0.46634615384615385 0.43028846153846156 0.46634615384615385 0.49759615384615385 0.5048076923076923 0.49759615384615385
0 0.59375 0.45432692307692313 0.5552884615384616 0.4543269230769231 0.5552884615384616 0.5120192307692308 0.59375 0.512019230769231
0 0.6682692307692307 0.4807692307692309 0.6322115384615384 0.4807692307692309 0.6322115384615384 0.543269230769231 0.6682692307692307 0.543269230769231
0 0.7019230769230769 0.5072115384615385 0.6682692307692307 0.5072115384615385 0.6682692307692307 0.5697115384615385 0.7019230769230769 0.5697115384615385
0 0.6418269230769231 0.5048076923076924 0.6009615384615384 0.5048076923076924 0.6009615384615385 0.574519230769231 0.6418269230769231 0.574519230769231
0 0.43990384615384615 0.4807692307692308 0.4110576923076923 0.4807692307692308 0.4110576923076923 0.5504807692307693 0.43990384615384615 0.5504807692307693
0 0.7692307692307693 0.5384615384615385 0.7331730769230769 0.5384615384615385 0.7331730769230769 0.6105769230769232 0.7692307692307693 0.6105769230769232
0 0.48557692307692313 0.4951923076923077 0.4495192307692308 0.4951923076923077 0.44951923076923084 0.5673076923076923 0.48557692307692324 0.5673076923076923
0 0.4615384615384616 0.5216346153846154 0.4254807692307692 0.5216346153846154 0.4254807692307693 0.5721153846153846 0.4615384615384617 0.5721153846153846
0 0.6490384615384616 0.5504807692307694 0.6129807692307693 0.5504807692307694 0.6129807692307693 0.6105769230769232 0.6490384615384616 0.6105769230769232
0 0.4302884615384617 0.5625 0.39182692307692324 0.5625 0.39182692307692324 0.6153846153846154 0.4302884615384617 0.6153846153846154
0 0.7860576923076923 0.6201923076923077 0.7427884615384616 0.6201923076923077 0.7427884615384616 0.6947115384615384 0.7860576923076923 0.6947115384615384
0 0.5504807692307694 0.6033653846153846 0.512019230769231 0.6033653846153846 0.512019230769231 0.6802884615384616 0.5504807692307694 0.6802884615384616
0 0.48557692307692324 0.6033653846153846 0.4495192307692309 0.6033653846153846 0.4495192307692309 0.6610576923076923 0.48557692307692324 0.6610576923076923
0 0.7091346153846154 0.6634615384615384 0.6706730769230769 0.6634615384615384 0.6706730769230769 0.7091346153846154 0.7091346153846154 0.7091346153846154
0 0.2908653846153847 0.5745192307692307 0.25721153846153855 0.5745192307692307 0.25721153846153855 0.6346153846153846 0.2908653846153847 0.6346153846153846
0 0.5817307692307694 0.6394230769230769 0.543269230769231 0.6394230769230769 0.543269230769231 0.7091346153846154 0.5817307692307694 0.7091346153846154
0 0.6370192307692307 0.65625 0.5985576923076924 0.65625 0.5985576923076924 0.7235576923076923 0.6370192307692307 0.7235576923076923
0 0.6730769230769231 0.6634615384615384 0.6346153846153846 0.6634615384615384 0.6346153846153846 0.7427884615384616 0.6730769230769231 0.7427884615384616
0 0.6826923076923077 0.6971153846153846 0.6514423076923077 0.6971153846153846 0.6514423076923077 0.75 0.6826923076923077 0.75
0 0.5889423076923078 0.6899038461538461 0.5504807692307694 0.6899038461538461 0.5504807692307694 0.7572115384615384 0.5889423076923078 0.7572115384615384
0 0.6466346153846154 0.7139423076923077 0.6225961538461539 0.7139423076923077 0.6225961538461539 0.7644230769230769 0.6466346153846154 0.7644230769230769
0 0.6009615384615385 0.7043269230769231 0.5576923076923078 0.7043269230769231 0.5576923076923078 0.7716346153846154 0.6009615384615385 0.7716346153846154
0 0.6875 0.7668269230769231 0.65625 0.7668269230769231 0.65625 0.8173076923076923 0.6875 0.8173076923076923
0 0.4567307692307694 0.7379807692307693 0.4182692307692309 0.7379807692307693 0.4182692307692309 0.7908653846153846 0.4567307692307694 0.7908653846153846
0 0.6658653846153846 0.8052884615384616 0.6298076923076923 0.8052884615384616 0.6298076923076923 0.8701923076923077 0.6658653846153846 0.8701923076923077
0 0.6033653846153848 0.8004807692307693 0.5673076923076924 0.8004807692307693 0.5673076923076924 0.8557692307692307 0.6033653846153848 0.8557692307692307
0 0.574519230769231 0.8413461538461539 0.5360576923076924 0.8413461538461539 0.5360576923076924 0.9086538461538461 0.574519230769231 0.9086538461538461
0 0.49759615384615397 0.8341346153846154 0.45913461538461553 0.8341346153846154 0.45913461538461553 0.9038461538461539 0.49759615384615397 0.9038461538461539
0 0.29567307692307704 0.8293269230769231 0.26682692307692313 0.8293269230769231 0.2668269230769232 0.8605769230769231 0.29567307692307704 0.8605769230769231
0 0.29086538461538475 0.84375 0.2620192307692309 0.84375 0.2620192307692309 0.875 0.29086538461538475 0.875