0 0.10096153846153853 0.5600961538461539 0.052884615384615453 0.5600961538461539 0.052884615384615453 0.5985576923076923 0.10096153846153853 0.5985576923076923
0 0.8125 0.6346153846153846 0.7764423076923077 0.6346153846153846 0.7764423076923077 0.6658653846153846 0.8125 0.6658653846153846
0 0.7884615384615384 0.6466346153846154 0.7379807692307693 0.6466346153846154 0.7379807692307693 0.6875 0.7884615384615384 0.6875
0 0.7572115384615384 0.5721153846153848 0.7139423076923077 0.5721153846153848 0.7139423076923077 0.6033653846153848 0.7572115384615384 0.6033653846153848
0 0.7331730769230769 0.7788461538461539 0.6899038461538461 0.7788461538461539 0.6899038461538461 0.8100961538461539 0.7331730769230769 0.8100961538461539
0 0.6947115384615384 0.591346153846154 0.6586538461538461 0.591346153846154 0.6586538461538461 0.6225961538461539 0.6947115384615384 0.6225961538461539
0 0.6850961538461539 0.5456730769230771 0.6346153846153846 0.5456730769230771 0.6346153846153846 0.5865384615384617 0.6850961538461539 0.5865384615384617
0 0.6826923076923077 0.4326923076923078 0.6322115384615384 0.4326923076923078 0.6322115384615384 0.47836538461538475 0.6826923076923077 0.47836538461538475
0 0.6730769230769231 0.6538461538461539 0.6201923076923077 0.6538461538461539 0.6201923076923077 0.6923076923076923 0.6730769230769231 0.6923076923076923
0 0.65625 0.5865384615384617 0.6081730769230771 0.5865384615384617 0.6081730769230771 0.6225961538461539 0.65625 0.6225961538461539
0 0.6442307692307693 0.6875 0.6009615384615385 0.6875 0.6009615384615385 0.7259615384615384 0.6442307692307693 0.7259615384615384
0 0.625 0.49759615384615397 0.5817307692307693 0.49759615384615397 0.5817307692307693 0.5312500000000001 0.625 0.5312500000000001
0 0.6225961538461539 0.5576923076923078 0.5721153846153846 0.5576923076923078 0.5721153846153847 0.5985576923076924 0.6225961538461539 0.5985576923076924
0 0.6081730769230769 0.41826923076923084 0.5552884615384616 0.4182692307692308 0.5552884615384616 0.4591346153846155 0.6081730769230769 0.45913461538461553
0 0.5673076923076923 0.45432692307692313 0.5240384615384616 0.4543269230769231 0.5240384615384616 0.4903846153846155 0.5673076923076923 0.49038461538461553
0 0.5673076923076923 0.38221153846153855 0.5216346153846154 0.38221153846153844 0.5216346153846154 0.42307692307692313 0.5673076923076923 0.42307692307692324
0 0.5552884615384616 0.41586538461538464 0.5048076923076923 0.41586538461538464 0.5048076923076923 0.4567307692307692 0.5552884615384616 0.4567307692307692
0 0.5480769230769231 0.49038461538461536 0.5048076923076923 0.49038461538461536 0.5048076923076923 0.5264423076923077 0.5480769230769231 0.5264423076923077
0 0.5408653846153848 0.6370192307692307 0.49038461538461553 0.6370192307692307 0.49038461538461553 0.6706730769230769 0.5408653846153848 0.6706730769230769
0 0.5240384615384617 0.6538461538461539 0.48317307692307704 0.6538461538461539 0.48317307692307704 0.6923076923076923 0.5240384615384617 0.6923076923076923
0 0.5072115384615384 0.3918269230769231 0.47596153846153844 0.3918269230769231 0.47596153846153844 0.4182692307692308 0.5072115384615384 0.4182692307692308
0 0.5048076923076923 0.47836538461538464 0.4639423076923077 0.47836538461538464 0.4639423076923077 0.5168269230769231 0.5048076923076923 0.5168269230769231
0 0.5072115384615385 0.6875 0.4615384615384617 0.6875 0.4615384615384617 0.7235576923076923 0.5072115384615385 0.7235576923076923
0 0.5024038461538461 0.40625 0.4543269230769231 0.40625 0.4543269230769231 0.4423076923076923 0.5024038461538461 0.4423076923076923
0 0.4783653846153847 0.5192307692307693 0.4230769230769231 0.5192307692307693 0.42307692307692313 0.5649038461538461 0.47836538461538475 0.5649038461538461
0 0.41586538461538475 0.6298076923076923 0.3870192307692309 0.6298076923076923 0.3870192307692309 0.6538461538461539 0.41586538461538475 0.6538461538461539
0 0.4110576923076923 0.40625 0.37740384615384615 0.40625 0.37740384615384615 0.43509615384615385 0.4110576923076923 0.43509615384615385
0 0.4110576923076923 0.4206730769230769 0.3557692307692308 0.4206730769230769 0.3557692307692308 0.46634615384615385 0.4110576923076923 0.46634615384615385
0 0.3942307692307694 0.6274038461538461 0.3557692307692309 0.6274038461538461 0.3557692307692309 0.6586538461538461 0.3942307692307694 0.6586538461538461
0 0.3990384615384616 0.5384615384615384 0.34134615384615385 0.5384615384615384 0.3413461538461539 0.5817307692307693 0.3990384615384617 0.5817307692307693
0 0.3750000000000001 0.5673076923076923 0.3317307692307694 0.5673076923076923 0.3317307692307694 0.5985576923076923 0.3750000000000001 0.5985576923076923
0 0.36778846153846156 0.4206730769230769 0.3245192307692308 0.4206730769230769 0.3245192307692308 0.45913461538461536 0.36778846153846156 0.45913461538461536
0 0.36057692307692324 0.8076923076923077 0.3149038461538463 0.8076923076923077 0.3149038461538463 0.84375 0.36057692307692324 0.84375
0 0.34855769230769246 0.7884615384615384 0.3028846153846155 0.7884615384615384 0.3028846153846155 0.8245192307692307 0.34855769230769246 0.8245192307692307
0 0.3317307692307693 0.5552884615384616 0.2860576923076924 0.5552884615384616 0.2860576923076924 0.5913461538461539 0.3317307692307694 0.5913461538461539
0 0.31490384615384615 0.4182692307692308 0.28846153846153855 0.4182692307692308 0.28846153846153855 0.4423076923076923 0.31490384615384615 0.4423076923076923
0 0.31009615384615385 0.5024038461538461 0.2692307692307693 0.5024038461538461 0.2692307692307693 0.53125 0.31009615384615385 0.53125
0 0.3173076923076923 0.4639423076923077 0.2596153846153847 0.4639423076923077 0.2596153846153847 0.5120192307692307 0.3173076923076923 0.5120192307692307
0 0.2716346153846155 0.4495192307692308 0.2283653846153847 0.4495192307692308 0.2283653846153847 0.4855769230769231 0.2716346153846155 0.4855769230769231
0 0.2379807692307693 0.5024038461538461 0.1971153846153847 0.5024038461538461 0.1971153846153847 0.5360576923076923 0.2379807692307693 0.5360576923076923
0 0.2163461538461539 0.5 0.17307692307692316 0.5 0.17307692307692316 0.53125 0.2163461538461539 0.53125
0 0.19951923076923084 0.7884615384615384 0.16105769230769237 0.7884615384615384 0.16105769230769237 0.8245192307692307 0.19951923076923084 0.8245192307692307
0 0.17067307692307698 0.7884615384615384 0.1298076923076924 0.7884615384615384 0.1298076923076924 0.8245192307692307 0.17067307692307698 0.8245192307692307
0 0.14903846153846162 0.5264423076923077 0.10576923076923084 0.5264423076923077 0.10576923076923084 0.5576923076923077 0.14903846153846162 0.5576923076923077