0 0.2884615384615386 0.9230769230769231 0.22355769230769246 0.9230769230769231 0.22355769230769246 0.9831730769230769 0.2884615384615386 0.9831730769230769
0 0.4375000000000001 0.9471153846153846 0.38942307692307704 0.9471153846153846 0.38942307692307704 0.9951923076923077 0.4375000000000001 0.9951923076923077
0 0.5288461538461539 0.11057692307692314 0.45913461538461536 0.11057692307692314 0.45913461538461536 0.2067307692307693 0.5288461538461539 0.2067307692307693
0 0.2403846153846154 0.11778846153846158 0.15865384615384615 0.11778846153846158 0.15865384615384615 0.2692307692307692 0.2403846153846154 0.2692307692307692
0 0.47596153846153844 0.11778846153846159 0.38461538461538464 0.11778846153846158 0.38461538461538464 0.24519230769230776 0.47596153846153844 0.24519230769230776
0 0.8269230769230769 0.11538461538461549 0.7620192307692307 0.11538461538461549 0.7620192307692307 0.2067307692307693 0.8269230769230769 0.2067307692307693
0 0.5961538461538461 0.15144230769230776 0.5360576923076923 0.15144230769230776 0.5360576923076923 0.2475961538461539 0.5961538461538461 0.2475961538461539
0 0.6514423076923077 0.19230769230769237 0.5745192307692307 0.19230769230769237 0.5745192307692307 0.29807692307692313 0.6514423076923077 0.29807692307692313
0 0.4855769230769231 0.23076923076923084 0.41346153846153844 0.23076923076923084 0.41346153846153844 0.33413461538461536 0.4855769230769231 0.33413461538461536
0 0.6057692307692307 0.24038461538461545 0.5528846153846154 0.24038461538461545 0.5528846153846154 0.32451923076923084 0.6057692307692307 0.3245192307692309
0 0.46634615384615385 0.3317307692307692 0.40384615384615385 0.3317307692307692 0.40384615384615385 0.4230769230769231 0.46634615384615385 0.4230769230769231
0 0.2524038461538462 0.3293269230769231 0.16346153846153852 0.3293269230769231 0.16346153846153852 0.4855769230769231 0.2524038461538462 0.4855769230769231
0 0.46875 0.36538461538461536 0.4110576923076923 0.36538461538461536 0.4110576923076923 0.4543269230769231 0.46875 0.4543269230769231
0 0.75 0.01442307692307701 0.6754807692307693 0.014423076923077004 0.6754807692307693 0.08173076923076932 0.75 0.08173076923076933
0 0.5937500000000001 0.41346153846153855 0.5096153846153846 0.41346153846153844 0.5096153846153847 0.576923076923077 0.5937500000000001 0.5769230769230771
0 0.7620192307692307 0.4182692307692309 0.6754807692307693 0.4182692307692309 0.6754807692307693 0.5408653846153848 0.7620192307692307 0.5408653846153848
0 0.625 0.5000000000000001 0.5360576923076923 0.5 0.5360576923076924 0.6418269230769231 0.625 0.6418269230769231
0 0.4903846153846155 0.5432692307692307 0.40625 0.5432692307692307 0.40625000000000006 0.6826923076923077 0.49038461538461553 0.6826923076923077
0 0.42307692307692324 0.6033653846153846 0.3629807692307694 0.6033653846153846 0.3629807692307694 0.7067307692307693 0.42307692307692324 0.7067307692307693
0 0.6778846153846154 0.6538461538461539 0.6177884615384616 0.6538461538461539 0.6177884615384616 0.7451923076923077 0.6778846153846154 0.7451923076923077
0 0.6418269230769231 0.6754807692307693 0.5697115384615385 0.6754807692307693 0.5697115384615385 0.7764423076923077 0.6418269230769231 0.7764423076923077
0 0.4447115384615386 0.7067307692307693 0.38461538461538475 0.7067307692307693 0.38461538461538475 0.7884615384615384 0.4447115384615386 0.7884615384615384
0 0.6081730769230771 0.6995192307692307 0.5240384615384617 0.6995192307692307 0.5240384615384617 0.8485576923076923 0.6081730769230771 0.8485576923076923
0 0.6201923076923077 0.009615384615384685 0.5360576923076923 0.00961538461538468 0.5360576923076923 0.13942307692307698 0.6201923076923077 0.13942307692307698
0 0.5528846153846155 0.78125 0.46634615384615397 0.78125 0.46634615384615397 0.9158653846153846 0.5528846153846155 0.9158653846153846
0 0.1730769230769232 0.84375 0.09855769230769242 0.84375 0.09855769230769242 0.9447115384615384 0.1730769230769232 0.9447115384615384
0 0.2884615384615386 0.9278846153846154 0.22355769230769246 0.9278846153846154 0.22355769230769246 0.9831730769230769 0.2884615384615386 0.9831730769230769