0 0.44711538461538475 0.9158653846153846 0.4014423076923078 0.9158653846153846 0.4014423076923078 0.9879807692307693 0.44711538461538475 0.9879807692307693
0 0.6730769230769231 0.9567307692307693 0.625 0.9567307692307693 0.625 1 0.6730769230769231 1
0 0.49278846153846156 0.11538461538461545 0.4423076923076923 0.11538461538461545 0.4423076923076923 0.1850961538461539 0.49278846153846156 0.1850961538461539
0 0.7067307692307693 0.17788461538461545 0.6538461538461539 0.17788461538461545 0.6538461538461539 0.24278846153846162 0.7067307692307693 0.24278846153846162
0 0.3245192307692308 0.12259615384615388 0.2668269230769231 0.12259615384615388 0.2668269230769231 0.20192307692307696 0.3245192307692308 0.20192307692307698
0 0.10576923076923081 0.15144230769230768 0.04326923076923079 0.15144230769230768 0.043269230769230796 0.23557692307692307 0.10576923076923081 0.23557692307692307
0 0.7115384615384616 0.26201923076923084 0.6466346153846154 0.26201923076923084 0.6466346153846154 0.33413461538461553 0.7115384615384616 0.33413461538461553
0 0.28125 0.1947115384615385 0.22115384615384615 0.19471153846153846 0.22115384615384615 0.27403846153846156 0.28125 0.2740384615384616
0 0.5865384615384616 0.2524038461538462 0.5216346153846154 0.2524038461538462 0.5216346153846154 0.326923076923077 0.5865384615384616 0.32692307692307704
0 0.6370192307692307 0.2788461538461539 0.5745192307692307 0.2788461538461539 0.5745192307692307 0.3629807692307694 0.6370192307692307 0.3629807692307694
0 0.8581730769230769 0.050480769230769336 0.8052884615384616 0.050480769230769336 0.8052884615384616 0.0937500000000001 0.8581730769230769 0.0937500000000001
0 0.3798076923076923 0.2740384615384616 0.3245192307692308 0.2740384615384616 0.3245192307692308 0.35096153846153844 0.3798076923076923 0.35096153846153844
0 0.7331730769230769 0.4182692307692309 0.6730769230769231 0.4182692307692309 0.6730769230769231 0.4927884615384617 0.7331730769230769 0.4927884615384617
0 0.59375 0.4038461538461539 0.5432692307692307 0.40384615384615385 0.5432692307692307 0.46394230769230776 0.59375 0.4639423076923078
0 0.31490384615384615 0.40384615384615385 0.2524038461538462 0.40384615384615385 0.2524038461538462 0.4879807692307692 0.31490384615384615 0.4879807692307692
0 0.4110576923076923 0.43509615384615385 0.3605769230769231 0.43509615384615385 0.3605769230769231 0.5 0.4110576923076923 0.5
0 0.6153846153846154 0.5072115384615385 0.5408653846153846 0.5072115384615384 0.5408653846153847 0.576923076923077 0.6153846153846154 0.5769230769230771
0 0.7163461538461539 0.5649038461538463 0.6634615384615384 0.5649038461538463 0.6634615384615384 0.625 0.7163461538461539 0.625
0 0.32932692307692313 0.5168269230769231 0.2692307692307693 0.5168269230769231 0.2692307692307693 0.5961538461538461 0.32932692307692324 0.5961538461538461
0 0.055288461538461606 0.5264423076923077 6.447058870511307e-17 0.5264423076923077 6.903357557693613e-17 0.6009615384615384 0.055288461538461606 0.6009615384615384
0 0.6802884615384616 0.6658653846153846 0.6346153846153846 0.6658653846153846 0.6346153846153846 0.7283653846153846 0.6802884615384616 0.7283653846153846
0 0.6538461538461539 0.6610576923076923 0.5865384615384617 0.6610576923076923 0.5865384615384617 0.7355769230769231 0.6538461538461539 0.7355769230769231
0 0.7620192307692307 0.7019230769230769 0.6995192307692307 0.7019230769230769 0.6995192307692307 0.7836538461538461 0.7620192307692307 0.7836538461538461
0 0.37980769230769246 0.6466346153846154 0.3125000000000001 0.6466346153846154 0.3125000000000001 0.7283653846153846 0.37980769230769246 0.7283653846153846
0 0.19471153846153852 0.7043269230769231 0.1298076923076924 0.7043269230769231 0.1298076923076924 0.7764423076923077 0.19471153846153852 0.7764423076923077
0 0.45192307692307704 0.7644230769230769 0.39663461538461553 0.7644230769230769 0.39663461538461553 0.8389423076923077 0.45192307692307704 0.8389423076923077
0 0.7163461538461539 0.9086538461538461 0.6466346153846154 0.9086538461538461 0.6466346153846154 0.9831730769230769 0.7163461538461539 0.9831730769230769
0 0.5817307692307693 0.264423076923077 0.5 0.264423076923077 0.5 0.32932692307692313 0.5817307692307693 0.32932692307692324
0 0.5817307692307693 0.3942307692307693 0.5336538461538461 0.3942307692307692 0.5336538461538461 0.4615384615384616 0.5817307692307693 0.4615384615384617
0 0.6899038461538461 0.9759615384615384 0.6514423076923077 0.9759615384615384 0.6514423076923077 1 0.6899038461538461 1