0 0.2524038461538462 0.34615384615384615 0.21875000000000006 0.34615384615384615 0.21875000000000006 0.37259615384615385 0.2524038461538462 0.37259615384615385
0 0.2860576923076924 0.3028846153846154 0.2524038461538462 0.30288461538461536 0.2524038461538462 0.3293269230769231 0.2860576923076924 0.3293269230769231
0 0.2740384615384616 0.4206730769230769 0.2475961538461539 0.4206730769230769 0.2475961538461539 0.4423076923076923 0.2740384615384616 0.4423076923076923
0 0.2740384615384616 0.43990384615384615 0.2524038461538462 0.43990384615384615 0.2524038461538462 0.4567307692307692 0.2740384615384616 0.4567307692307692
0 0.2836538461538462 0.4110576923076923 0.26201923076923084 0.4110576923076923 0.26201923076923084 0.43028846153846156 0.2836538461538462 0.43028846153846156
0 0.28846153846153855 0.4807692307692308 0.2596153846153847 0.4807692307692308 0.2596153846153847 0.5024038461538461 0.28846153846153855 0.5024038461538461
0 0.295673076923077 0.49278846153846156 0.2716346153846155 0.49278846153846156 0.2716346153846155 0.5120192307692307 0.295673076923077 0.5120192307692307
0 0.3173076923076923 0.3870192307692308 0.2908653846153847 0.3870192307692308 0.2908653846153847 0.40384615384615385 0.3173076923076923 0.40384615384615385
0 0.3004807692307693 0.5384615384615384 0.28125000000000006 0.5384615384615384 0.28125000000000006 0.5552884615384616 0.3004807692307693 0.5552884615384616
0 0.32211538461538464 0.49038461538461536 0.295673076923077 0.49038461538461536 0.295673076923077 0.5168269230769231 0.32211538461538464 0.5168269230769231
0 0.3557692307692308 0.34615384615384615 0.3125 0.34615384615384615 0.3125 0.37740384615384615 0.3557692307692308 0.37740384615384615
0 0.35336538461538464 0.37740384615384615 0.3173076923076923 0.37740384615384615 0.3173076923076923 0.40384615384615385 0.35336538461538464 0.40384615384615385
0 0.35336538461538464 0.36778846153846156 0.3317307692307692 0.36778846153846156 0.3317307692307692 0.3870192307692308 0.35336538461538464 0.3870192307692308
0 0.34375 0.49759615384615385 0.31971153846153844 0.49759615384615385 0.31971153846153844 0.5168269230769231 0.34375 0.5168269230769231
0 0.3629807692307693 0.5432692307692307 0.33653846153846156 0.5432692307692307 0.3365384615384616 0.5697115384615384 0.3629807692307694 0.5697115384615384
0 0.3942307692307692 0.34134615384615385 0.3701923076923077 0.34134615384615385 0.3701923076923077 0.3581730769230769 0.3942307692307692 0.3581730769230769
0 0.41346153846153844 0.3870192307692308 0.39663461538461536 0.3870192307692308 0.39663461538461536 0.4014423076923077 0.41346153846153844 0.4014423076923077
0 0.41586538461538464 0.43028846153846156 0.3894230769230769 0.43028846153846156 0.3894230769230769 0.4519230769230769 0.41586538461538464 0.4519230769230769
0 0.41346153846153844 0.4951923076923077 0.3942307692307692 0.4951923076923077 0.3942307692307692 0.5120192307692307 0.41346153846153844 0.5120192307692307
0 0.4230769230769231 0.4807692307692308 0.40384615384615385 0.4807692307692308 0.40384615384615385 0.49278846153846156 0.4230769230769231 0.49278846153846156
0 0.4230769230769231 0.5072115384615384 0.39903846153846156 0.5072115384615384 0.39903846153846156 0.53125 0.4230769230769231 0.53125
0 0.46153846153846156 0.3918269230769231 0.42788461538461536 0.3918269230769231 0.42788461538461536 0.41586538461538464 0.46153846153846156 0.41586538461538464
0 0.4567307692307692 0.4543269230769231 0.4254807692307692 0.4543269230769231 0.4254807692307692 0.4879807692307692 0.4567307692307692 0.4879807692307692
0 0.4807692307692308 0.3389423076923077 0.4495192307692308 0.3389423076923077 0.4495192307692308 0.3629807692307692 0.4807692307692308 0.3629807692307692
0 0.4807692307692308 0.37259615384615385 0.4543269230769231 0.37259615384615385 0.4543269230769231 0.3918269230769231 0.4807692307692308 0.3918269230769231
0 0.4951923076923077 0.40865384615384615 0.44711538461538464 0.40865384615384615 0.44711538461538464 0.44711538461538464 0.4951923076923077 0.44711538461538464
0 0.5048076923076923 0.3701923076923077 0.46875 0.3701923076923077 0.46875 0.39903846153846156 0.5048076923076923 0.39903846153846156
0 0.47836538461538475 0.5600961538461539 0.44711538461538475 0.5600961538461539 0.44711538461538475 0.5865384615384616 0.47836538461538475 0.5865384615384616
0 0.5264423076923077 0.36778846153846156 0.49038461538461536 0.36778846153846156 0.49038461538461536 0.3894230769230769 0.5264423076923077 0.3894230769230769
0 0.49519230769230776 0.5576923076923077 0.47115384615384615 0.5576923076923077 0.4711538461538462 0.5793269230769231 0.4951923076923078 0.5793269230769231
0 0.5288461538461539 0.5072115384615384 0.5024038461538461 0.5072115384615384 0.5024038461538461 0.53125 0.5288461538461539 0.53125
0 0.5576923076923077 0.4014423076923077 0.5360576923076923 0.4014423076923077 0.5360576923076923 0.41586538461538464 0.5576923076923077 0.41586538461538464
0 0.5793269230769231 0.3629807692307693 0.5456730769230769 0.3629807692307692 0.5456730769230769 0.389423076923077 0.5793269230769231 0.38942307692307704
0 0.5745192307692307 0.4471153846153847 0.5480769230769231 0.44711538461538464 0.5480769230769231 0.4663461538461539 0.5745192307692307 0.46634615384615397
0 0.625 0.46634615384615397 0.59375 0.46634615384615397 0.59375 0.49038461538461553 0.625 0.49038461538461553
0 0.65625 0.32211538461538475 0.6201923076923077 0.32211538461538475 0.6201923076923077 0.3509615384615386 0.65625 0.3509615384615386
0 0.65625 0.4687500000000001 0.6394230769230769 0.4687500000000001 0.6394230769230769 0.48557692307692324 0.65625 0.48557692307692324
0 0.5552884615384616 0.14663461538461545 0.5264423076923077 0.14663461538461545 0.5264423076923077 0.16826923076923084 0.5552884615384616 0.16826923076923084
0 0.5793269230769231 0.44711538461538475 0.5600961538461539 0.44711538461538475 0.5600961538461539 0.4615384615384617 0.5793269230769231 0.4615384615384617