0 0.7427884615384616 0.9110576923076923 0.6971153846153846 0.9110576923076923 0.6971153846153846 0.9519230769230769 0.7427884615384616 0.9519230769230769
0 0.7019230769230769 0.5721153846153848 0.6682692307692307 0.5721153846153848 0.6682692307692307 0.6033653846153848 0.7019230769230769 0.6033653846153848
0 0.6682692307692307 0.5625000000000001 0.6322115384615384 0.5625000000000001 0.6322115384615384 0.5961538461538463 0.6682692307692307 0.5961538461538463
0 0.6322115384615384 0.4807692307692309 0.5745192307692307 0.4807692307692309 0.5745192307692307 0.5408653846153848 0.6322115384615384 0.5408653846153848
0 0.43028846153846156 0.40865384615384615 0.3894230769230769 0.40865384615384615 0.3894230769230769 0.44711538461538464 0.43028846153846156 0.44711538461538464
0 0.41346153846153844 0.43028846153846156 0.38461538461538464 0.43028846153846156 0.38461538461538464 0.4567307692307692 0.41346153846153844 0.4567307692307692
0 0.3004807692307693 0.41346153846153844 0.25721153846153855 0.41346153846153844 0.25721153846153855 0.4495192307692308 0.3004807692307693 0.4495192307692308
0 0.2836538461538462 0.44711538461538464 0.24519230769230776 0.44711538461538464 0.24519230769230776 0.47836538461538464 0.2836538461538462 0.47836538461538464
0 0.3076923076923077 0.47596153846153844 0.26682692307692313 0.47596153846153844 0.26682692307692313 0.5072115384615384 0.3076923076923077 0.5072115384615384
0 0.3485576923076923 0.45913461538461536 0.3125 0.45913461538461536 0.3125 0.49278846153846156 0.3485576923076923 0.49278846153846156
0 0.2908653846153847 0.5216346153846154 0.2475961538461539 0.5216346153846154 0.2475961538461539 0.5600961538461539 0.2908653846153847 0.5600961538461539
0 0.3413461538461539 0.5336538461538461 0.31009615384615385 0.5336538461538461 0.3100961538461539 0.5600961538461539 0.34134615384615397 0.5600961538461539
0 0.43990384615384615 0.5072115384615384 0.3918269230769231 0.5072115384615384 0.3918269230769231 0.5504807692307693 0.43990384615384615 0.5504807692307693
0 0.5 0.5072115384615384 0.4567307692307692 0.5072115384615384 0.4567307692307692 0.5432692307692307 0.5 0.5432692307692307
0 0.5 0.4855769230769231 0.4567307692307692 0.4855769230769231 0.4567307692307692 0.5240384615384616 0.5 0.5240384615384616
0 0.5240384615384617 0.5600961538461539 0.49038461538461553 0.5600961538461539 0.49038461538461553 0.5913461538461539 0.5240384615384617 0.5913461538461539
0 0.5024038461538463 0.5961538461538461 0.4687500000000001 0.5961538461538461 0.4687500000000001 0.625 0.5024038461538463 0.625
0 0.5793269230769232 0.591346153846154 0.543269230769231 0.5913461538461539 0.543269230769231 0.6201923076923077 0.5793269230769232 0.6201923076923077
0 0.6274038461538461 0.6322115384615384 0.5865384615384617 0.6322115384615384 0.5865384615384617 0.6634615384615384 0.6274038461538461 0.6634615384615384
0 0.5384615384615385 0.7163461538461539 0.5000000000000001 0.7163461538461539 0.5000000000000001 0.7524038461538461 0.5384615384615385 0.7524038461538461
0 0.5817307692307694 0.7115384615384616 0.5408653846153848 0.7115384615384616 0.5408653846153848 0.7427884615384616 0.5817307692307694 0.7427884615384616
0 0.5576923076923078 0.6754807692307693 0.512019230769231 0.6754807692307693 0.512019230769231 0.7163461538461539 0.5576923076923078 0.7163461538461539
0 0.574519230769231 0.6514423076923077 0.528846153846154 0.6514423076923077 0.528846153846154 0.6923076923076923 0.574519230769231 0.6923076923076923
0 0.5528846153846155 0.6225961538461539 0.512019230769231 0.6225961538461539 0.512019230769231 0.65625 0.5528846153846155 0.65625
0 0.5312500000000001 0.6129807692307693 0.5000000000000001 0.6129807692307693 0.5000000000000001 0.6418269230769231 0.5312500000000001 0.6418269230769231
0 0.45432692307692324 0.6850961538461539 0.42067307692307704 0.6850961538461539 0.42067307692307704 0.71875 0.45432692307692324 0.71875
0 0.5144230769230771 0.6778846153846154 0.4639423076923078 0.6778846153846154 0.4639423076923078 0.7211538461538461 0.5144230769230771 0.7211538461538461
0 0.5072115384615385 0.6658653846153846 0.46634615384615397 0.6658653846153846 0.46634615384615397 0.7019230769230769 0.5072115384615385 0.7019230769230769
0 0.4134615384615386 0.6730769230769231 0.3629807692307694 0.6730769230769231 0.3629807692307694 0.7163461538461539 0.4134615384615386 0.7163461538461539
0 0.4014423076923078 0.625 0.3629807692307694 0.625 0.3629807692307694 0.65625 0.4014423076923078 0.65625
0 0.3052884615384616 0.6802884615384616 0.2596153846153847 0.6802884615384616 0.2596153846153847 0.71875 0.3052884615384616 0.71875
0 0.3437500000000001 0.6586538461538461 0.3004807692307693 0.6586538461538461 0.3004807692307693 0.6971153846153846 0.3437500000000001 0.6971153846153846
0 0.31009615384615397 0.6634615384615384 0.2596153846153847 0.6634615384615384 0.2596153846153847 0.7067307692307693 0.31009615384615397 0.7067307692307693
0 0.2836538461538462 0.6394230769230769 0.2524038461538462 0.6394230769230769 0.2524038461538462 0.6682692307692307 0.2836538461538462 0.6682692307692307
0 0.28846153846153855 0.6009615384615384 0.2475961538461539 0.6009615384615384 0.2475961538461539 0.6346153846153846 0.28846153846153855 0.6346153846153846
0 0.26682692307692313 0.5961538461538461 0.23076923076923084 0.5961538461538461 0.23076923076923084 0.6274038461538461 0.26682692307692313 0.6274038461538461
0 0.2908653846153847 0.5673076923076923 0.25000000000000006 0.5673076923076923 0.25000000000000006 0.6009615384615384 0.2908653846153847 0.6009615384615384
0 0.3365384615384617 0.5865384615384616 0.2908653846153847 0.5865384615384616 0.2908653846153847 0.6274038461538461 0.3365384615384617 0.6274038461538461
0 0.3365384615384617 0.625 0.29326923076923084 0.625 0.29326923076923084 0.6610576923076923 0.3365384615384617 0.6610576923076923
0 0.32932692307692324 0.59375 0.28125000000000006 0.59375 0.28125000000000006 0.6322115384615384 0.32932692307692324 0.6322115384615384
0 0.3461538461538463 0.6706730769230769 0.31009615384615397 0.6706730769230769 0.31009615384615397 0.6995192307692307 0.3461538461538463 0.6995192307692307
0 0.34375000000000006 0.5336538461538461 0.295673076923077 0.5336538461538461 0.295673076923077 0.5697115384615384 0.3437500000000001 0.5697115384615384