0 0.16826923076923078 0.019230769230769242 0.10096153846153846 0.01923076923076924 0.10096153846153846 0.09134615384615387 0.16826923076923078 0.09134615384615388
0 0.8197115384615384 0.574519230769231 0.6466346153846154 0.574519230769231 0.6466346153846154 0.6899038461538461 0.8197115384615384 0.6899038461538461
0 0.9206730769230769 0.17067307692307704 0.7740384615384616 0.17067307692307698 0.7740384615384616 0.26923076923076933 0.9206730769230769 0.2692307692307694
0 0.8725961538461539 0.23317307692307704 0.7019230769230769 0.23317307692307698 0.7019230769230769 0.34855769230769246 0.8725961538461539 0.34855769230769246
0 0.7379807692307693 0.5264423076923078 0.6081730769230769 0.5264423076923078 0.608173076923077 0.6153846153846154 0.7379807692307693 0.6153846153846154
0 0.8461538461538461 0.17788461538461547 0.6322115384615384 0.17788461538461545 0.6322115384615384 0.28846153846153855 0.8461538461538461 0.2884615384615386
0 0.7307692307692307 0.3798076923076924 0.5408653846153846 0.3798076923076923 0.5408653846153846 0.4927884615384616 0.7307692307692307 0.4927884615384617
0 0.6033653846153846 0.44471153846153855 0.46153846153846156 0.44471153846153844 0.46153846153846156 0.545673076923077 0.6033653846153846 0.5456730769230771
0 0.5480769230769232 0.6394230769230769 0.4086538461538463 0.6394230769230769 0.4086538461538463 0.7379807692307693 0.5480769230769232 0.7379807692307693
0 0.34855769230769246 0.7211538461538461 0.16346153846153852 0.7211538461538461 0.16346153846153857 0.84375 0.34855769230769246 0.84375
0 0.4855769230769231 5.298952496310663e-17 0.3798076923076923 4.6513027467615824e-17 0.3798076923076923 0.028846153846153896 0.4855769230769231 0.028846153846153907
0 0.9350961538461539 0.7716346153846154 0.7596153846153846 0.7716346153846154 0.7596153846153846 0.8966346153846154 0.9350961538461539 0.8966346153846154
0 1 0.46634615384615397 0.8389423076923077 0.46634615384615397 0.8389423076923077 0.5889423076923078 1 0.5889423076923078