0 0.8605769230769231 0.8966346153846154 0.71875 0.8966346153846154 0.71875 1 0.8605769230769231 1
0 0.8173076923076923 0.7836538461538461 0.6995192307692307 0.7836538461538461 0.6995192307692307 0.8774038461538461 0.8173076923076923 0.8774038461538461
0 0.8798076923076923 0.560096153846154 0.7524038461538461 0.560096153846154 0.7524038461538461 0.6514423076923077 0.8798076923076923 0.6514423076923077
0 0.7355769230769231 0.9447115384615384 0.6466346153846154 0.9447115384615384 0.6466346153846154 1 0.7355769230769231 1
0 0.8894230769230769 0.2620192307692309 0.7668269230769231 0.26201923076923084 0.7668269230769231 0.3557692307692309 0.8894230769230769 0.3557692307692309
0 0.6802884615384616 0.8870192307692307 0.5721153846153848 0.8870192307692307 0.5721153846153848 0.9711538461538461 0.6802884615384616 0.9711538461538461
0 0.8125 0.49038461538461553 0.6754807692307693 0.49038461538461553 0.6754807692307693 0.591346153846154 0.8125 0.591346153846154
0 0.6947115384615384 0.8028846153846154 0.5817307692307694 0.8028846153846154 0.5817307692307694 0.8894230769230769 0.6947115384615384 0.8894230769230769
0 0.8942307692307693 0.09615384615384626 0.7572115384615384 0.09615384615384626 0.7572115384615384 0.20192307692307704 0.8942307692307693 0.20192307692307707
0 0.5841346153846155 0.9783653846153846 0.5024038461538463 0.9783653846153846 0.5024038461538463 1 0.5841346153846155 1
0 0.9230769230769231 0.8245192307692307 0.8293269230769231 0.8245192307692307 0.8293269230769231 0.9086538461538461 0.9230769230769231 0.9086538461538461
0 0.6490384615384616 0.7235576923076923 0.4879807692307694 0.7235576923076923 0.4879807692307694 0.8269230769230769 0.6490384615384616 0.8269230769230769
0 0.8822115384615384 0.9639423076923077 0.7908653846153846 0.9639423076923077 0.7908653846153846 1 0.8822115384615384 1
0 0.6370192307692307 0.5096153846153847 0.5096153846153846 0.5096153846153846 0.5096153846153847 0.6057692307692308 0.6370192307692307 0.605769230769231
0 0.3149038461538463 0.6274038461538461 0.19951923076923084 0.6274038461538461 0.19951923076923084 0.7091346153846154 0.3149038461538463 0.7091346153846154
0 0.1514423076923078 0.8461538461538461 0.05528846153846164 0.8461538461538461 0.05528846153846165 0.9182692307692307 0.1514423076923078 0.9182692307692307
0 1 0.27163461538461553 0.9230769230769231 0.27163461538461553 0.9230769230769231 0.35336538461538475 1 0.35336538461538475