0 0.7331730769230769 0.9471153846153846 0.6754807692307693 0.9471153846153846 0.6754807692307693 1 0.7331730769230769 1
0 0.5673076923076924 0.9567307692307693 0.5264423076923078 0.9567307692307693 0.5264423076923078 1 0.5673076923076924 1
0 0.5649038461538461 0.1177884615384616 0.5072115384615384 0.1177884615384616 0.5072115384615384 0.20432692307692316 0.5649038461538461 0.20432692307692316
0 0.8605769230769231 0.14663461538461547 0.7932692307692307 0.14663461538461547 0.7932692307692307 0.2932692307692309 0.8605769230769231 0.2932692307692309
0 0.6322115384615384 0.13221153846153852 0.5649038461538461 0.13221153846153852 0.5649038461538461 0.2475961538461539 0.6322115384615384 0.2475961538461539
0 0.2620192307692308 0.09375000000000003 0.21394230769230768 0.09375000000000003 0.21394230769230768 0.1778846153846154 0.2620192307692308 0.1778846153846154
0 0.4855769230769231 0.14903846153846162 0.4375 0.14903846153846162 0.4375 0.2379807692307693 0.4855769230769231 0.2379807692307693
0 0.43990384615384615 0.18750000000000006 0.3798076923076923 0.18750000000000006 0.3798076923076923 0.2836538461538462 0.43990384615384615 0.2836538461538462
0 0.6009615384615384 0.2379807692307693 0.5384615384615384 0.2379807692307693 0.5384615384615384 0.3341346153846155 0.6009615384615384 0.33413461538461553
0 0.4639423076923077 0.23557692307692316 0.4182692307692308 0.23557692307692316 0.4182692307692308 0.31490384615384615 0.4639423076923077 0.31490384615384615
0 0.6033653846153846 0.3413461538461539 0.5504807692307693 0.34134615384615385 0.5504807692307693 0.4278846153846155 0.6033653846153846 0.42788461538461553
0 0.8317307692307693 0.36057692307692324 0.7692307692307693 0.36057692307692324 0.7692307692307693 0.5048076923076924 0.8317307692307693 0.5048076923076924
0 0.5913461538461539 0.37500000000000006 0.5456730769230769 0.375 0.5456730769230769 0.4567307692307693 0.5913461538461539 0.4567307692307694
0 0.3605769230769231 4.018372309702253e-17 0.2956730769230769 3.620950872478953e-17 0.2956730769230769 0.06009615384615389 0.3605769230769231 0.060096153846153896
0 0.483173076923077 0.4110576923076923 0.41586538461538464 0.4110576923076923 0.4158653846153847 0.5697115384615384 0.48317307692307704 0.5697115384615384
0 0.3173076923076923 0.40625 0.25000000000000006 0.40625 0.25000000000000006 0.5144230769230769 0.3173076923076923 0.5144230769230769
0 0.4471153846153847 0.5 0.3798076923076923 0.5 0.3798076923076924 0.6298076923076923 0.44711538461538475 0.6298076923076923
0 0.5745192307692308 0.5528846153846154 0.5120192307692307 0.5528846153846154 0.5120192307692308 0.6826923076923077 0.574519230769231 0.6826923076923077
0 0.6201923076923077 0.6129807692307694 0.5697115384615385 0.6129807692307694 0.5697115384615385 0.7115384615384616 0.6201923076923077 0.7115384615384616
0 0.36057692307692324 0.6442307692307693 0.3125000000000001 0.6442307692307693 0.3125000000000001 0.7283653846153846 0.36057692307692324 0.7283653846153846
0 0.4062500000000001 0.6682692307692307 0.3461538461538463 0.6682692307692307 0.3461538461538463 0.7620192307692307 0.4062500000000001 0.7620192307692307
0 0.591346153846154 0.7163461538461539 0.5384615384615385 0.7163461538461539 0.5384615384615385 0.7932692307692307 0.591346153846154 0.7932692307692307
0 0.4399038461538463 0.6947115384615384 0.3822115384615386 0.6947115384615384 0.3822115384615386 0.8365384615384616 0.4399038461538463 0.8365384615384616
0 0.49278846153846156 0.009615384615384671 0.42788461538461536 0.009615384615384666 0.42788461538461536 0.12740384615384623 0.49278846153846156 0.12740384615384623
0 0.49038461538461553 0.7836538461538461 0.4302884615384617 0.7836538461538461 0.4302884615384617 0.9086538461538461 0.49038461538461553 0.9086538461538461
0 0.8605769230769231 0.8774038461538461 0.7980769230769231 0.8774038461538461 0.7980769230769231 0.9711538461538461 0.8605769230769231 0.9711538461538461
0 0.7331730769230769 0.9495192307692307 0.6730769230769231 0.9495192307692307 0.6730769230769231 1 0.7331730769230769 1