0 0.5504807692307693 0.2379807692307693 0.5360576923076923 0.2379807692307693 0.5360576923076923 0.2716346153846155 0.5504807692307693 0.2716346153846155
0 0.4326923076923077 0.29807692307692313 0.41586538461538464 0.29807692307692313 0.41586538461538464 0.33413461538461536 0.4326923076923077 0.33413461538461536
0 0.5841346153846154 0.3557692307692309 0.5673076923076923 0.3557692307692309 0.5673076923076923 0.4014423076923078 0.5841346153846154 0.4014423076923078
0 0.5120192307692307 0.36538461538461536 0.49038461538461536 0.36538461538461536 0.49038461538461536 0.3918269230769231 0.5120192307692307 0.3918269230769231
0 0.6346153846153846 0.3774038461538463 0.6081730769230769 0.3774038461538463 0.6081730769230769 0.4326923076923078 0.6346153846153846 0.4326923076923078
0 0.5408653846153846 0.39903846153846156 0.5240384615384616 0.39903846153846156 0.5240384615384616 0.4495192307692308 0.5408653846153846 0.4495192307692308
0 0.4014423076923077 0.40384615384615385 0.37740384615384615 0.40384615384615385 0.37740384615384615 0.46153846153846156 0.4014423076923077 0.46153846153846156
0 0.4326923076923077 0.4230769230769231 0.4182692307692308 0.4230769230769231 0.4182692307692308 0.4495192307692308 0.4326923076923077 0.4495192307692308
0 0.5456730769230769 0.4807692307692308 0.5336538461538461 0.4807692307692308 0.5336538461538461 0.5072115384615384 0.5456730769230769 0.5072115384615384
0 0.6129807692307693 0.48317307692307704 0.5865384615384616 0.48317307692307704 0.5865384615384616 0.5144230769230771 0.6129807692307693 0.5144230769230771
0 0.39903846153846156 0.45913461538461536 0.3798076923076923 0.45913461538461536 0.3798076923076923 0.5072115384615384 0.39903846153846156 0.5072115384615384
0 0.5168269230769231 0.47115384615384615 0.49759615384615385 0.47115384615384615 0.49759615384615385 0.5192307692307693 0.5168269230769231 0.5192307692307693
0 0.46153846153846156 0.4831730769230769 0.4423076923076923 0.4831730769230769 0.4423076923076923 0.5336538461538461 0.46153846153846156 0.5336538461538461
0 0.6538461538461539 0.512019230769231 0.6322115384615384 0.512019230769231 0.6322115384615384 0.5576923076923078 0.6538461538461539 0.5576923076923078
0 0.6322115384615384 0.5240384615384617 0.6225961538461539 0.5240384615384617 0.6225961538461539 0.5504807692307694 0.6322115384615384 0.5504807692307694
0 0.3701923076923077 0.5048076923076923 0.35336538461538464 0.5048076923076923 0.35336538461538464 0.5288461538461539 0.3701923076923077 0.5288461538461539
0 0.4951923076923077 0.5192307692307693 0.4735576923076923 0.5192307692307693 0.4735576923076923 0.5504807692307693 0.4951923076923077 0.5504807692307693
0 0.6274038461538461 0.5360576923076924 0.6105769230769231 0.5360576923076924 0.6105769230769231 0.5865384615384617 0.6274038461538461 0.5865384615384617
0 0.65625 0.5504807692307694 0.6442307692307693 0.5504807692307694 0.6442307692307693 0.5817307692307694 0.65625 0.5817307692307694
0 0.5649038461538463 0.5480769230769231 0.5528846153846154 0.5480769230769231 0.5528846153846154 0.5673076923076924 0.5649038461538463 0.5673076923076924
0 0.6177884615384616 0.5625000000000001 0.6033653846153848 0.5625000000000001 0.6033653846153848 0.6033653846153848 0.6177884615384616 0.6033653846153848
0 0.5168269230769232 0.5697115384615384 0.5048076923076924 0.5697115384615384 0.5048076923076924 0.5985576923076923 0.5168269230769232 0.5985576923076923
0 0.6105769230769232 0.5961538461538463 0.5961538461538463 0.5961538461538463 0.5961538461538463 0.6370192307692307 0.6105769230769232 0.6370192307692307
0 0.5649038461538463 0.5985576923076924 0.5480769230769232 0.5985576923076923 0.5480769230769232 0.6225961538461539 0.5649038461538463 0.6225961538461539
0 0.5841346153846155 0.5937500000000001 0.5625000000000001 0.5937500000000001 0.5625000000000001 0.6442307692307693 0.5841346153846155 0.6442307692307693
0 0.6009615384615385 0.6081730769230771 0.5817307692307694 0.6081730769230771 0.5817307692307694 0.65625 0.6009615384615385 0.65625
0 0.5072115384615385 0.625 0.49038461538461553 0.625 0.49038461538461553 0.6538461538461539 0.5072115384615385 0.6538461538461539
0 0.39182692307692324 0.6153846153846154 0.36538461538461553 0.6153846153846154 0.36538461538461553 0.6490384615384616 0.39182692307692324 0.6490384615384616
0 0.543269230769231 0.6274038461538461 0.5192307692307694 0.6274038461538461 0.5192307692307694 0.6778846153846154 0.543269230769231 0.6778846153846154
0 0.6033653846153848 0.6658653846153846 0.591346153846154 0.6658653846153846 0.591346153846154 0.6923076923076923 0.6033653846153848 0.6923076923076923
0 0.5673076923076924 0.6682692307692307 0.5480769230769232 0.6682692307692307 0.5480769230769232 0.7235576923076923 0.5673076923076924 0.7235576923076923
0 0.39663461538461553 0.6658653846153846 0.3774038461538463 0.6658653846153846 0.3774038461538463 0.7091346153846154 0.39663461538461553 0.7091346153846154
0 0.5024038461538463 0.6802884615384616 0.48317307692307704 0.6802884615384616 0.48317307692307704 0.7307692307692307 0.5024038461538463 0.7307692307692307
0 0.45192307692307704 0.6923076923076923 0.4375000000000001 0.6923076923076923 0.4375000000000001 0.7211538461538461 0.45192307692307704 0.7211538461538461
0 0.4687500000000001 0.6899038461538461 0.45192307692307704 0.6899038461538461 0.45192307692307704 0.7427884615384616 0.4687500000000001 0.7427884615384616
0 0.5384615384615385 0.7091346153846154 0.5168269230769232 0.7091346153846154 0.5168269230769232 0.7548076923076923 0.5384615384615385 0.7548076923076923
0 0.560096153846154 0.7379807692307693 0.5408653846153848 0.7379807692307693 0.5408653846153848 0.7740384615384616 0.560096153846154 0.7740384615384616
0 0.45192307692307704 0.7548076923076923 0.4399038461538463 0.7548076923076923 0.4399038461538463 0.7788461538461539 0.45192307692307704 0.7788461538461539
0 0.9639423076923077 0.4014423076923078 0.9278846153846154 0.4014423076923078 0.9278846153846154 0.4495192307692309 0.9639423076923077 0.4495192307692309