0 0.5336538461538461 0.1850961538461539 0.5072115384615384 0.1850961538461539 0.5072115384615384 0.21875000000000006 0.5336538461538461 0.21875000000000006
0 0.5865384615384616 0.1971153846153847 0.5649038461538461 0.1971153846153847 0.5649038461538461 0.23076923076923084 0.5865384615384616 0.23076923076923084
0 0.47836538461538464 0.2379807692307693 0.4567307692307692 0.2379807692307693 0.4567307692307692 0.26682692307692313 0.47836538461538464 0.26682692307692313
0 0.45913461538461536 0.2524038461538462 0.44471153846153844 0.2524038461538462 0.44471153846153844 0.2740384615384616 0.45913461538461536 0.2740384615384616
0 0.49038461538461536 0.2475961538461539 0.4735576923076923 0.2475961538461539 0.4735576923076923 0.2692307692307693 0.49038461538461536 0.2692307692307693
0 0.42788461538461536 0.27644230769230776 0.40625 0.27644230769230776 0.40625 0.3052884615384616 0.42788461538461536 0.3052884615384616
0 0.4206730769230769 0.2908653846153847 0.4014423076923077 0.2908653846153847 0.4014423076923077 0.31490384615384615 0.4206730769230769 0.31490384615384615
0 0.5264423076923077 0.264423076923077 0.5072115384615384 0.264423076923077 0.5072115384615384 0.2908653846153847 0.5264423076923077 0.2908653846153847
0 0.3798076923076923 0.31971153846153844 0.36538461538461536 0.31971153846153844 0.36538461538461536 0.3389423076923077 0.3798076923076923 0.3389423076923077
0 0.4326923076923077 0.3125 0.40384615384615385 0.3125 0.40384615384615385 0.34134615384615385 0.4326923076923077 0.34134615384615385
0 0.5769230769230769 0.2692307692307693 0.5456730769230769 0.2692307692307693 0.5456730769230769 0.31250000000000006 0.5769230769230769 0.3125000000000001
0 0.5480769230769231 0.28846153846153855 0.5192307692307693 0.28846153846153855 0.5192307692307693 0.3245192307692308 0.5480769230769231 0.3245192307692308
0 0.5576923076923077 0.29326923076923084 0.5384615384615384 0.29326923076923084 0.5384615384615384 0.3173076923076923 0.5576923076923077 0.3173076923076923
0 0.4375 0.33653846153846156 0.4182692307692308 0.33653846153846156 0.4182692307692308 0.3605769230769231 0.4375 0.3605769230769231
0 0.4014423076923077 0.37259615384615385 0.37740384615384615 0.37259615384615385 0.37740384615384615 0.39663461538461536 0.4014423076923077 0.39663461538461536
0 0.5985576923076923 0.31730769230769246 0.5817307692307693 0.31730769230769246 0.5817307692307693 0.34134615384615397 0.5985576923076923 0.34134615384615397
0 0.5673076923076923 0.36057692307692313 0.5504807692307693 0.3605769230769231 0.5504807692307693 0.3798076923076924 0.5673076923076923 0.37980769230769246
0 0.5240384615384616 0.375 0.5048076923076923 0.375 0.5048076923076923 0.4014423076923077 0.5240384615384616 0.4014423076923077
0 0.46634615384615385 0.4014423076923077 0.4495192307692308 0.4014423076923077 0.4495192307692308 0.4206730769230769 0.46634615384615385 0.4206730769230769
0 0.4831730769230769 0.40625 0.47115384615384615 0.40625 0.47115384615384615 0.4254807692307692 0.4831730769230769 0.4254807692307692
0 0.4567307692307692 0.41586538461538464 0.43509615384615385 0.41586538461538464 0.43509615384615385 0.4375 0.4567307692307692 0.4375
0 0.5793269230769231 0.3942307692307693 0.5576923076923077 0.3942307692307692 0.5576923076923077 0.4278846153846155 0.5793269230769231 0.42788461538461553
0 0.5192307692307693 0.4182692307692308 0.4855769230769231 0.4182692307692308 0.4855769230769231 0.4519230769230769 0.5192307692307693 0.4519230769230769
0 0.6346153846153846 0.39182692307692324 0.6129807692307693 0.39182692307692324 0.6129807692307693 0.42307692307692324 0.6346153846153846 0.42307692307692324
0 0.6057692307692307 0.41105769230769246 0.5865384615384616 0.41105769230769246 0.5865384615384616 0.4375000000000001 0.6057692307692307 0.4375000000000001
0 0.5721153846153846 0.420673076923077 0.5408653846153846 0.4206730769230769 0.5408653846153846 0.4663461538461539 0.5721153846153846 0.46634615384615397
0 0.6153846153846154 0.42307692307692324 0.5889423076923077 0.42307692307692324 0.5889423076923077 0.4567307692307694 0.6153846153846154 0.4567307692307694
0 0.43028846153846156 0.4807692307692308 0.40384615384615385 0.4807692307692308 0.40384615384615385 0.5120192307692307 0.43028846153846156 0.5120192307692307
0 0.6274038461538461 0.4399038461538463 0.6033653846153846 0.4399038461538463 0.6033653846153846 0.4759615384615386 0.6274038461538461 0.4759615384615386
0 0.4423076923076923 0.5 0.4206730769230769 0.5 0.4206730769230769 0.5240384615384616 0.4423076923076923 0.5240384615384616
0 0.5 0.5096153846153846 0.47596153846153844 0.5096153846153846 0.47596153846153844 0.5336538461538461 0.5 0.5336538461538461
0 0.6105769230769231 0.4951923076923078 0.5961538461538461 0.4951923076923078 0.5961538461538461 0.5168269230769232 0.6105769230769231 0.5168269230769232
0 0.6538461538461539 0.4879807692307694 0.625 0.4879807692307694 0.625 0.5240384615384617 0.6538461538461539 0.5240384615384617
0 0.5745192307692307 0.5240384615384616 0.5552884615384616 0.5240384615384616 0.5552884615384616 0.5504807692307693 0.5745192307692307 0.5504807692307694
0 0.5769230769230771 0.5745192307692308 0.5552884615384617 0.5745192307692307 0.5552884615384617 0.6057692307692308 0.5769230769230771 0.605769230769231
0 0.71875 0.543269230769231 0.6923076923076923 0.543269230769231 0.6923076923076923 0.5769230769230771 0.71875 0.5769230769230771
0 0.5889423076923078 0.6177884615384616 0.5721153846153848 0.6177884615384616 0.5721153846153848 0.6346153846153846 0.5889423076923078 0.6346153846153846
0 0.8413461538461539 0.38461538461538475 0.8173076923076923 0.38461538461538475 0.8173076923076923 0.4134615384615386 0.8413461538461539 0.4134615384615386
0 0.5769230769230769 0.5360576923076924 0.5649038461538461 0.5360576923076924 0.5649038461538461 0.5552884615384617 0.5769230769230769 0.5552884615384617