0 0.5000000000000001 0.8894230769230769 0.42788461538461553 0.8894230769230769 0.42788461538461553 1 0.5000000000000001 1
0 0.6201923076923077 0.03605769230769238 0.5432692307692307 0.036057692307692374 0.5432692307692307 0.19951923076923084 0.6201923076923077 0.19951923076923084
0 0.5793269230769231 0.08894230769230776 0.5168269230769231 0.08894230769230776 0.5168269230769231 0.20192307692307698 0.5793269230769231 0.20192307692307698
0 0.6778846153846154 0.09855769230769237 0.6057692307692307 0.09855769230769237 0.6057692307692307 0.22115384615384623 0.6778846153846154 0.22115384615384623
0 0.5072115384615384 0.11538461538461545 0.43028846153846156 0.11538461538461545 0.43028846153846156 0.2475961538461539 0.5072115384615384 0.2475961538461539
0 0.20192307692307693 0.10336538461538464 0.1201923076923077 0.10336538461538461 0.12019230769230771 0.2548076923076923 0.20192307692307693 0.2548076923076923
0 0.84375 0.18990384615384626 0.7572115384615384 0.18990384615384623 0.7572115384615384 0.3557692307692309 0.84375 0.3557692307692309
0 0.9879807692307693 0.2740384615384617 0.9110576923076923 0.2740384615384617 0.9110576923076923 0.42307692307692324 0.9879807692307693 0.42307692307692324
0 0.4110576923076923 0.22355769230769237 0.3389423076923077 0.22355769230769237 0.3389423076923077 0.35336538461538464 0.4110576923076923 0.35336538461538464
0 0.6923076923076923 0.3028846153846155 0.6177884615384616 0.3028846153846155 0.6177884615384616 0.40384615384615397 0.6923076923076923 0.40384615384615397
0 0.3269230769230769 3.635670184968704e-17 0.2668269230769231 3.267687372724909e-17 0.2668269230769231 0.05048076923076927 0.3269230769230769 0.05048076923076927
0 0.13701923076923078 1.2511415616289065e-17 0.0673076923076923 8.242814994261032e-18 0.0673076923076923 0.028846153846153858 0.13701923076923078 0.02884615384615386
0 0.7788461538461539 0.024038461538461627 0.71875 0.024038461538461623 0.71875 0.10817307692307702 0.7788461538461539 0.10817307692307702
0 0.84375 0.40384615384615397 0.7668269230769231 0.40384615384615397 0.7668269230769231 0.5000000000000001 0.84375 0.5000000000000001
0 0.6274038461538461 0.37500000000000006 0.5576923076923077 0.375 0.5576923076923077 0.47596153846153855 0.6274038461538461 0.4759615384615386
0 0.2403846153846154 2.4728444982783092e-17 0.16346153846153846 2.0018264986062502e-17 0.16346153846153846 0.08173076923076926 0.2403846153846154 0.08173076923076926
0 0.2788461538461539 0.5024038461538461 0.20913461538461545 0.5024038461538461 0.20913461538461545 0.6177884615384616 0.2788461538461539 0.6177884615384616
0 0.38461538461538464 4.268600622028034e-17 0.3125 3.827021247335479e-17 0.3125 0.10096153846153849 0.38461538461538464 0.10096153846153849
0 1 0.0480769230769232 0.9423076923076923 0.0480769230769232 0.9423076923076923 0.1730769230769232 1 0.1730769230769232
0 0.5985576923076924 0.5745192307692308 0.5264423076923078 0.5745192307692307 0.5264423076923078 0.7235576923076923 0.5985576923076924 0.7235576923076923
0 0.6490384615384616 0.6129807692307694 0.5625000000000001 0.6129807692307694 0.5625000000000001 0.7596153846153846 0.6490384615384616 0.7596153846153846
0 0.5120192307692307 0.028846153846153903 0.4495192307692308 0.028846153846153896 0.4495192307692308 0.12259615384615391 0.5120192307692307 0.12259615384615391
0 0.5384615384615385 0.7668269230769231 0.4615384615384617 0.7668269230769231 0.4615384615384617 0.8701923076923077 0.5384615384615385 0.8701923076923077
0 0.6466346153846154 0.7788461538461539 0.5697115384615385 0.7788461538461539 0.5697115384615385 0.8894230769230769 0.6466346153846154 0.8894230769230769
0 0.7932692307692307 0.8076923076923077 0.7139423076923077 0.8076923076923077 0.7139423076923077 0.9495192307692307 0.7932692307692307 0.9495192307692307
0 0.5697115384615385 0.8509615384615384 0.49038461538461553 0.8509615384615384 0.49038461538461553 0.9759615384615384 0.5697115384615385 0.9759615384615384
0 0.875 0.8798076923076923 0.7956730769230769 0.8798076923076923 0.7956730769230769 1 0.875 1