0 0.7331730769230769 0.20432692307692316 0.7163461538461539 0.20432692307692316 0.7163461538461539 0.2283653846153847 0.7331730769230769 0.2283653846153847
0 0.6875 0.24038461538461545 0.6634615384615384 0.24038461538461545 0.6634615384615384 0.26201923076923084 0.6875 0.26201923076923084
0 0.2548076923076924 0.36538461538461536 0.23317307692307698 0.36538461538461536 0.23317307692307698 0.3918269230769231 0.2548076923076924 0.3918269230769231
0 0.6682692307692307 0.3245192307692309 0.6538461538461539 0.3245192307692309 0.6538461538461539 0.34855769230769246 0.6682692307692307 0.34855769230769246
0 0.6057692307692307 0.3437500000000001 0.5889423076923077 0.3437500000000001 0.5889423076923077 0.3677884615384617 0.6057692307692307 0.3677884615384617
0 0.6826923076923077 0.33413461538461553 0.6658653846153846 0.33413461538461553 0.6658653846153846 0.35336538461538475 0.6826923076923077 0.35336538461538475
0 0.6225961538461539 0.3677884615384617 0.6033653846153846 0.3677884615384617 0.6033653846153846 0.3822115384615386 0.6225961538461539 0.3822115384615386
0 0.5480769230769231 0.38221153846153844 0.5264423076923077 0.38221153846153844 0.5264423076923077 0.40384615384615385 0.5480769230769231 0.40384615384615385
0 0.6923076923076923 0.3557692307692309 0.6730769230769231 0.3557692307692309 0.6730769230769231 0.3822115384615386 0.6923076923076923 0.3822115384615386
0 0.36778846153846156 0.4230769230769231 0.34615384615384615 0.4230769230769231 0.34615384615384615 0.44471153846153844 0.36778846153846156 0.44471153846153844
0 0.4014423076923077 0.4230769230769231 0.38221153846153844 0.4230769230769231 0.38221153846153844 0.44471153846153844 0.4014423076923077 0.44471153846153844
0 0.7475961538461539 0.36057692307692324 0.7283653846153846 0.36057692307692324 0.7283653846153846 0.3870192307692309 0.7475961538461539 0.3870192307692309
0 0.6514423076923077 0.39182692307692324 0.6346153846153846 0.39182692307692324 0.6346153846153846 0.4086538461538463 0.6514423076923077 0.4086538461538463
0 0.3918269230769231 0.43990384615384615 0.375 0.43990384615384615 0.375 0.45913461538461536 0.3918269230769231 0.45913461538461536
0 0.5504807692307693 0.40384615384615385 0.5192307692307693 0.40384615384615385 0.5192307692307693 0.4375 0.5504807692307693 0.4375
0 0.6490384615384616 0.4014423076923078 0.6274038461538461 0.4014423076923078 0.6274038461538461 0.4254807692307694 0.6490384615384616 0.4254807692307694
0 0.6225961538461539 0.41586538461538475 0.6033653846153846 0.41586538461538475 0.6033653846153846 0.4447115384615386 0.6225961538461539 0.4447115384615386
0 0.6394230769230769 0.41586538461538475 0.6201923076923077 0.41586538461538475 0.6201923076923077 0.4399038461538463 0.6394230769230769 0.4399038461538463
0 0.6730769230769231 0.4254807692307694 0.6514423076923077 0.4254807692307694 0.6514423076923077 0.4447115384615386 0.6730769230769231 0.4447115384615386
0 0.6418269230769231 0.4375000000000001 0.6274038461538461 0.4375000000000001 0.6274038461538461 0.45913461538461553 0.6418269230769231 0.45913461538461553
0 0.6274038461538461 0.45913461538461553 0.6129807692307693 0.45913461538461553 0.6129807692307693 0.47836538461538475 0.6274038461538461 0.47836538461538475
0 0.2860576923076924 0.5288461538461539 0.26201923076923084 0.5288461538461539 0.26201923076923084 0.5600961538461539 0.2860576923076924 0.5600961538461539
0 0.5625 0.4927884615384616 0.5456730769230769 0.49278846153846156 0.5456730769230769 0.5192307692307693 0.5625 0.5192307692307694
0 0.47836538461538464 0.5072115384615384 0.4567307692307692 0.5072115384615384 0.4567307692307692 0.5408653846153846 0.47836538461538464 0.5408653846153846
0 0.46634615384615385 0.5288461538461539 0.4495192307692308 0.5288461538461539 0.4495192307692308 0.5480769230769231 0.46634615384615385 0.5480769230769231
0 0.6274038461538461 0.5168269230769232 0.6129807692307693 0.5168269230769232 0.6129807692307693 0.5336538461538463 0.6274038461538461 0.5336538461538463
0 0.39182692307692324 0.5793269230769231 0.3701923076923078 0.5793269230769231 0.3701923076923078 0.6057692307692307 0.39182692307692324 0.6057692307692307
0 0.625 0.5384615384615385 0.6081730769230769 0.5384615384615385 0.608173076923077 0.560096153846154 0.625 0.560096153846154
0 0.608173076923077 0.5504807692307694 0.5793269230769231 0.5504807692307694 0.5793269230769231 0.5865384615384617 0.6081730769230771 0.5865384615384617
0 0.5528846153846155 0.59375 0.5336538461538463 0.59375 0.5336538461538463 0.625 0.5528846153846155 0.625
0 0.5889423076923078 0.5889423076923078 0.5673076923076924 0.5889423076923078 0.5673076923076924 0.6177884615384616 0.5889423076923078 0.6177884615384616
0 0.5360576923076924 0.5913461538461539 0.512019230769231 0.5913461538461539 0.512019230769231 0.6346153846153846 0.5360576923076924 0.6346153846153846
0 0.3822115384615386 0.6514423076923077 0.35817307692307704 0.6514423076923077 0.35817307692307704 0.6778846153846154 0.3822115384615386 0.6778846153846154
0 0.3028846153846155 0.6658653846153846 0.28125000000000006 0.6658653846153846 0.28125000000000006 0.6923076923076923 0.3028846153846155 0.6923076923076923
0 0.42788461538461553 0.6514423076923077 0.4062500000000001 0.6514423076923077 0.4062500000000001 0.6826923076923077 0.42788461538461553 0.6826923076923077
0 0.5793269230769232 0.6274038461538461 0.5528846153846155 0.6274038461538461 0.5528846153846155 0.65625 0.5793269230769232 0.65625
0 0.5817307692307694 0.6514423076923077 0.560096153846154 0.6514423076923077 0.560096153846154 0.6778846153846154 0.5817307692307694 0.6778846153846154
0 0.39182692307692324 0.6923076923076923 0.37259615384615397 0.6923076923076923 0.37259615384615397 0.71875 0.39182692307692324 0.71875
0 0.4399038461538463 0.6947115384615384 0.42307692307692324 0.6947115384615384 0.42307692307692324 0.7139423076923077 0.4399038461538463 0.7139423076923077
0 0.5264423076923078 0.6923076923076923 0.5072115384615385 0.6923076923076923 0.5072115384615385 0.7211538461538461 0.5264423076923078 0.7211538461538461