0 0.6947115384615384 0.25721153846153855 0.6658653846153846 0.25721153846153855 0.6658653846153846 0.3245192307692309 0.6947115384615384 0.3245192307692309
0 0.6634615384615384 0.28846153846153855 0.6322115384615384 0.28846153846153855 0.6322115384615384 0.36057692307692324 0.6634615384615384 0.36057692307692324
0 0.8028846153846154 0.3317307692307694 0.7740384615384616 0.3317307692307694 0.7740384615384616 0.3677884615384617 0.8028846153846154 0.3677884615384617
0 0.7548076923076923 0.31730769230769246 0.7259615384615384 0.31730769230769246 0.7259615384615384 0.38461538461538475 0.7548076923076923 0.38461538461538475
0 0.2475961538461539 0.30288461538461536 0.20913461538461545 0.30288461538461536 0.20913461538461545 0.375 0.2475961538461539 0.375
0 0.7283653846153846 0.3389423076923078 0.6971153846153846 0.3389423076923078 0.6971153846153846 0.4134615384615386 0.7283653846153846 0.4134615384615386
0 0.8581730769230769 0.3774038461538463 0.8293269230769231 0.3774038461538463 0.8293269230769231 0.4399038461538463 0.8581730769230769 0.4399038461538463
0 0.8341346153846154 0.4014423076923078 0.8028846153846154 0.4014423076923078 0.8028846153846154 0.4687500000000001 0.8341346153846154 0.4687500000000001
0 0.4182692307692308 0.38461538461538464 0.375 0.38461538461538464 0.375 0.44711538461538464 0.4182692307692308 0.44711538461538464
0 0.7716346153846154 0.4326923076923078 0.7403846153846154 0.4326923076923078 0.7403846153846154 0.5000000000000001 0.7716346153846154 0.5000000000000001
0 0.49759615384615385 0.4326923076923077 0.4639423076923077 0.4326923076923077 0.4639423076923077 0.49759615384615385 0.49759615384615385 0.49759615384615385
0 0.5889423076923077 0.4471153846153847 0.5576923076923077 0.44711538461538464 0.5576923076923077 0.5024038461538463 0.5889423076923077 0.5024038461538463
0 0.6658653846153846 0.46634615384615397 0.6346153846153846 0.46634615384615397 0.6346153846153846 0.528846153846154 0.6658653846153846 0.528846153846154
0 0.7019230769230769 0.4879807692307694 0.6754807692307693 0.4879807692307694 0.6754807692307693 0.5504807692307694 0.7019230769230769 0.5504807692307694
0 0.6394230769230769 0.4951923076923078 0.6081730769230769 0.4951923076923078 0.608173076923077 0.5625000000000001 0.6394230769230769 0.5625000000000001
0 0.4423076923076923 0.49038461538461536 0.4182692307692308 0.49038461538461536 0.4182692307692308 0.5576923076923077 0.4423076923076923 0.5576923076923077
0 0.7740384615384616 0.512019230769231 0.7427884615384616 0.512019230769231 0.7427884615384616 0.5841346153846155 0.7740384615384616 0.5841346153846155
0 0.483173076923077 0.5 0.4567307692307692 0.5 0.4567307692307693 0.5697115384615384 0.48317307692307704 0.5697115384615384
0 0.46394230769230776 0.5288461538461539 0.43028846153846156 0.5288461538461539 0.4302884615384616 0.5769230769230769 0.4639423076923078 0.5769230769230769
0 0.65625 0.5384615384615385 0.6225961538461539 0.5384615384615385 0.6225961538461539 0.5961538461538463 0.65625 0.5961538461538463
0 0.4375000000000001 0.5697115384615384 0.40384615384615397 0.5697115384615384 0.40384615384615397 0.6225961538461539 0.4375000000000001 0.6225961538461539
0 0.7980769230769231 0.5937500000000001 0.7620192307692307 0.5937500000000001 0.7620192307692307 0.6658653846153846 0.7980769230769231 0.6658653846153846
0 0.560096153846154 0.6009615384615385 0.5312500000000001 0.6009615384615384 0.5312500000000001 0.6778846153846154 0.560096153846154 0.6778846153846154
0 0.49759615384615397 0.6081730769230769 0.46634615384615397 0.6081730769230769 0.46634615384615397 0.6634615384615384 0.49759615384615397 0.6634615384615384
0 0.7259615384615384 0.6442307692307693 0.6899038461538461 0.6442307692307693 0.6899038461538461 0.6850961538461539 0.7259615384615384 0.6850961538461539
0 0.3004807692307693 0.6009615384615384 0.2716346153846155 0.6009615384615384 0.2716346153846155 0.65625 0.3004807692307693 0.65625
0 0.5961538461538463 0.6322115384615384 0.5649038461538463 0.6322115384615384 0.5649038461538463 0.6995192307692307 0.5961538461538463 0.6995192307692307
0 0.6514423076923077 0.6442307692307693 0.6177884615384616 0.6442307692307693 0.6177884615384616 0.7115384615384616 0.6514423076923077 0.7115384615384616
0 0.6899038461538461 0.6442307692307693 0.6586538461538461 0.6442307692307693 0.6586538461538461 0.7235576923076923 0.6899038461538461 0.7235576923076923
0 0.7019230769230769 0.6802884615384616 0.6754807692307693 0.6802884615384616 0.6754807692307693 0.7307692307692307 0.7019230769230769 0.7307692307692307
0 0.6081730769230771 0.6802884615384616 0.5769230769230771 0.6802884615384616 0.5769230769230771 0.7475961538461539 0.6081730769230771 0.7475961538461539
0 0.6682692307692307 0.6971153846153846 0.6490384615384616 0.6971153846153846 0.6490384615384616 0.7475961538461539 0.6682692307692307 0.7475961538461539
0 0.6201923076923077 0.6971153846153846 0.5817307692307694 0.6971153846153846 0.5817307692307694 0.7596153846153846 0.6201923076923077 0.7596153846153846
0 0.7163461538461539 0.75 0.6875 0.75 0.6875 0.7980769230769231 0.7163461538461539 0.7980769230769231
0 0.4807692307692309 0.7451923076923077 0.44711538461538475 0.7451923076923077 0.44711538461538475 0.7932692307692307 0.4807692307692309 0.7932692307692307
0 0.6971153846153846 0.7884615384615384 0.6658653846153846 0.7884615384615384 0.6658653846153846 0.8533653846153846 0.6971153846153846 0.8533653846153846
0 0.6346153846153846 0.7908653846153846 0.6033653846153848 0.7908653846153846 0.6033653846153848 0.84375 0.6346153846153846 0.84375
0 0.6105769230769232 0.8365384615384616 0.5793269230769232 0.8365384615384616 0.5793269230769232 0.8990384615384616 0.6105769230769232 0.8990384615384616
0 0.5312500000000001 0.8341346153846154 0.49759615384615397 0.8341346153846154 0.49759615384615397 0.9014423076923077 0.5312500000000001 0.9014423076923077
0 0.3317307692307694 0.8509615384615384 0.3052884615384617 0.8509615384615384 0.3052884615384617 0.8798076923076923 0.3317307692307694 0.8798076923076923
0 0.32932692307692324 0.8653846153846154 0.30288461538461553 0.8653846153846154 0.30288461538461553 0.8966346153846154 0.32932692307692324 0.8966346153846154