0 0.7259615384615384 0.20913461538461545 0.7019230769230769 0.20913461538461545 0.7019230769230769 0.24278846153846162 0.7259615384615384 0.24278846153846162
0 0.5048076923076923 0.25721153846153855 0.47596153846153844 0.25721153846153855 0.47596153846153844 0.29807692307692313 0.5048076923076923 0.29807692307692313
0 0.45913461538461536 0.2692307692307693 0.4326923076923077 0.2692307692307693 0.4326923076923077 0.3173076923076923 0.45913461538461536 0.3173076923076923
0 0.75 0.26682692307692313 0.7211538461538461 0.26682692307692313 0.7211538461538461 0.3125000000000001 0.75 0.3125000000000001
0 0.8605769230769231 0.2740384615384616 0.8293269230769231 0.2740384615384616 0.8293269230769231 0.31009615384615397 0.8605769230769231 0.31009615384615397
0 0.3701923076923077 0.3605769230769231 0.34615384615384615 0.3605769230769231 0.34615384615384615 0.3894230769230769 0.3701923076923077 0.3894230769230769
0 0.6995192307692307 0.3197115384615386 0.6730769230769231 0.3197115384615386 0.6730769230769231 0.36538461538461553 0.6995192307692307 0.36538461538461553
0 0.3798076923076923 0.37740384615384615 0.3581730769230769 0.37740384615384615 0.3581730769230769 0.40865384615384615 0.3798076923076923 0.40865384615384615
0 0.9230769230769231 0.3149038461538463 0.8918269230769231 0.3149038461538463 0.8918269230769231 0.3389423076923078 0.9230769230769231 0.3389423076923078
0 0.5240384615384616 0.37259615384615385 0.49038461538461536 0.37259615384615385 0.49038461538461536 0.4182692307692308 0.5240384615384616 0.4182692307692308
0 0.9206730769230769 0.3389423076923078 0.8942307692307693 0.3389423076923078 0.8942307692307693 0.3629807692307694 0.9206730769230769 0.3629807692307694
0 0.5913461538461539 0.3822115384615386 0.5673076923076923 0.3822115384615386 0.5673076923076923 0.4182692307692309 0.5913461538461539 0.4182692307692309
0 0.8822115384615384 0.34855769230769246 0.8533653846153846 0.34855769230769246 0.8533653846153846 0.38461538461538475 0.8822115384615384 0.38461538461538475
0 0.4519230769230769 0.41586538461538464 0.42788461538461536 0.41586538461538464 0.42788461538461536 0.45913461538461536 0.4519230769230769 0.45913461538461536
0 0.5144230769230769 0.4182692307692308 0.4951923076923077 0.4182692307692308 0.4951923076923077 0.43990384615384615 0.5144230769230769 0.43990384615384615
0 0.9447115384615384 0.3629807692307694 0.9254807692307693 0.3629807692307694 0.9254807692307693 0.39182692307692324 0.9447115384615384 0.39182692307692324
0 0.3389423076923077 0.4495192307692308 0.31490384615384615 0.4495192307692308 0.31490384615384615 0.4807692307692308 0.3389423076923077 0.4807692307692308
0 0.53125 0.42788461538461536 0.5072115384615384 0.42788461538461536 0.5072115384615384 0.4567307692307692 0.53125 0.4567307692307692
0 0.9591346153846154 0.38461538461538475 0.9350961538461539 0.38461538461538475 0.9350961538461539 0.4086538461538463 0.9591346153846154 0.4086538461538463
0 0.3942307692307692 0.4639423076923077 0.3701923076923077 0.4639423076923077 0.3701923076923077 0.5024038461538461 0.3942307692307692 0.5024038461538461
0 0.5240384615384616 0.44471153846153844 0.5 0.44471153846153844 0.5 0.4855769230769231 0.5240384615384616 0.4855769230769231
0 0.7139423076923077 0.4254807692307694 0.6826923076923077 0.4254807692307694 0.6826923076923077 0.45913461538461553 0.7139423076923077 0.45913461538461553
0 0.3918269230769231 0.49759615384615385 0.3701923076923077 0.49759615384615385 0.3701923076923077 0.5288461538461539 0.3918269230769231 0.5288461538461539
0 0.6658653846153846 0.45432692307692324 0.6346153846153846 0.45432692307692324 0.6346153846153846 0.5048076923076924 0.6658653846153846 0.5048076923076924
0 0.7331730769230769 0.4495192307692309 0.7019230769230769 0.4495192307692309 0.7019230769230769 0.49038461538461553 0.7331730769230769 0.49038461538461553
0 0.625 0.47355769230769246 0.5985576923076923 0.47355769230769246 0.5985576923076923 0.5144230769230771 0.625 0.5144230769230771
0 0.5264423076923077 0.5 0.5 0.5 0.5 0.5384615384615384 0.5264423076923077 0.5384615384615384
0 0.8052884615384616 0.49038461538461553 0.7644230769230769 0.49038461538461553 0.7644230769230769 0.5480769230769232 0.8052884615384616 0.5480769230769232
0 0.4110576923076924 0.5576923076923077 0.3918269230769231 0.5576923076923077 0.39182692307692313 0.5913461538461539 0.41105769230769246 0.5913461538461539
0 0.5889423076923077 0.5312500000000001 0.5625 0.5312500000000001 0.5625000000000001 0.5649038461538463 0.5889423076923078 0.5649038461538463
0 0.6826923076923077 0.5360576923076924 0.6610576923076923 0.5360576923076924 0.6610576923076923 0.5793269230769232 0.6826923076923077 0.5793269230769232
0 0.6298076923076923 0.5673076923076924 0.605769230769231 0.5673076923076924 0.605769230769231 0.605769230769231 0.6298076923076923 0.605769230769231
0 0.5576923076923078 0.5985576923076923 0.5216346153846155 0.5985576923076923 0.5216346153846155 0.65625 0.5576923076923078 0.65625
0 0.7427884615384616 0.6466346153846154 0.7163461538461539 0.6466346153846154 0.7163461538461539 0.6899038461538461 0.7427884615384616 0.6899038461538461
0 0.5889423076923078 0.6754807692307693 0.5649038461538463 0.6754807692307693 0.5649038461538463 0.7139423076923077 0.5889423076923078 0.7139423076923077