0 0.9855769230769231 0.4879807692307694 0.9086538461538461 0.4879807692307694 0.9086538461538461 0.5456730769230771 0.9855769230769231 0.5456730769230771
0 1 0.37259615384615397 0.9783653846153846 0.37259615384615397 0.9783653846153846 0.41586538461538475 1 0.41586538461538475
0 0.40384615384615385 0.20192307692307698 0.3004807692307692 0.20192307692307698 0.3004807692307692 0.2716346153846155 0.40384615384615385 0.2716346153846155
0 0.4014423076923077 0.3629807692307692 0.3173076923076923 0.3629807692307692 0.3173076923076923 0.4206730769230769 0.4014423076923077 0.4206730769230769
0 0.47596153846153844 0.08653846153846159 0.4110576923076923 0.08653846153846158 0.4110576923076923 0.12019230769230774 0.47596153846153844 0.12019230769230776
0 0.40384615384615385 0.42788461538461536 0.3245192307692308 0.42788461538461536 0.3245192307692308 0.4879807692307692 0.40384615384615385 0.4879807692307692
0 0.3701923076923078 0.6875 0.29326923076923084 0.6875 0.29326923076923084 0.7475961538461539 0.3701923076923078 0.7475961538461539
0 0.5168269230769231 0.05769230769230775 0.4423076923076923 0.057692307692307744 0.4423076923076923 0.108173076923077 0.5168269230769231 0.108173076923077
0 0.4375 0.4831730769230769 0.3798076923076923 0.4831730769230769 0.3798076923076923 0.53125 0.4375 0.53125
0 0.5480769230769231 0.09615384615384623 0.4543269230769231 0.09615384615384623 0.4543269230769231 0.15865384615384623 0.5480769230769231 0.15865384615384623
0 0.5240384615384616 0.1971153846153847 0.44711538461538464 0.1971153846153847 0.44711538461538464 0.2475961538461539 0.5240384615384616 0.2475961538461539
0 0.5024038461538461 0.2740384615384616 0.44471153846153844 0.2740384615384616 0.44471153846153844 0.3245192307692308 0.5024038461538461 0.3245192307692308
0 0.48317307692307704 0.6442307692307693 0.38942307692307704 0.6442307692307693 0.38942307692307704 0.7139423076923077 0.48317307692307704 0.7139423076923077
0 0.5985576923076923 0.12740384615384623 0.5168269230769231 0.12740384615384623 0.5168269230769231 0.1754807692307693 0.5985576923076923 0.1754807692307693
0 0.5841346153846154 0.2163461538461539 0.5120192307692307 0.2163461538461539 0.5120192307692307 0.26682692307692313 0.5841346153846154 0.26682692307692313
0 0.5360576923076923 0.43990384615384615 0.4855769230769231 0.43990384615384615 0.4855769230769231 0.4807692307692308 0.5360576923076923 0.4807692307692308
0 0.5913461538461539 0.30769230769230776 0.53125 0.3076923076923077 0.53125 0.3413461538461539 0.5913461538461539 0.34134615384615397
0 0.49759615384615397 0.8076923076923077 0.39182692307692324 0.8076923076923077 0.39182692307692324 0.8822115384615384 0.49759615384615397 0.8822115384615384
0 0.4615384615384617 0.9326923076923077 0.38461538461538475 0.9326923076923077 0.38461538461538475 0.9807692307692307 0.4615384615384617 0.9807692307692307
0 0.6201923076923077 0.28125000000000006 0.5336538461538461 0.28125000000000006 0.5336538461538461 0.32932692307692313 0.6201923076923077 0.32932692307692324
0 0.5889423076923077 0.4158653846153847 0.5144230769230769 0.41586538461538464 0.5144230769230769 0.4711538461538462 0.5889423076923077 0.4711538461538463
0 0.6538461538461539 0.3846153846153847 0.5576923076923077 0.38461538461538464 0.5576923076923077 0.43750000000000006 0.6538461538461539 0.4375000000000001
0 0.7091346153846154 0.37980769230769246 0.6442307692307693 0.37980769230769246 0.6442307692307693 0.4182692307692309 0.7091346153846154 0.4182692307692309
0 0.6298076923076923 0.9423076923076923 0.5456730769230771 0.9423076923076923 0.5456730769230771 0.9927884615384616 0.6298076923076923 0.9927884615384616
0 0.6995192307692307 0.6370192307692307 0.6177884615384616 0.6370192307692307 0.6177884615384616 0.6875 0.6995192307692307 0.6875
0 0.6923076923076923 0.7668269230769231 0.591346153846154 0.7668269230769231 0.591346153846154 0.8341346153846154 0.6923076923076923 0.8341346153846154
0 0.7620192307692307 0.4375000000000001 0.6923076923076923 0.4375000000000001 0.6923076923076923 0.4807692307692309 0.7620192307692307 0.4807692307692309
0 0.7331730769230769 0.6009615384615385 0.6682692307692307 0.6009615384615385 0.6682692307692307 0.6490384615384616 0.7331730769230769 0.6490384615384616
0 0.8966346153846154 0.06490384615384626 0.8028846153846154 0.06490384615384626 0.8028846153846154 0.12259615384615395 0.8966346153846154 0.12259615384615395
0 0.9230769230769231 0.18990384615384628 0.8533653846153846 0.18990384615384628 0.8533653846153846 0.24038461538461553 0.9230769230769231 0.24038461538461553
0 0.9447115384615384 0.13221153846153857 0.8701923076923077 0.13221153846153857 0.8701923076923077 0.18990384615384628 0.9447115384615384 0.18990384615384628
0 0.9543269230769231 0.08173076923076933 0.9110576923076923 0.08173076923076933 0.9110576923076923 0.11778846153846165 0.9543269230769231 0.11778846153846165
0 0.8557692307692307 0.6346153846153846 0.7836538461538461 0.6346153846153846 0.7836538461538461 0.6850961538461539 0.8557692307692307 0.6850961538461539
0 1 0.17788461538461553 0.9543269230769231 0.17788461538461553 0.9543269230769231 0.2307692307692309 1 0.2307692307692309