0 0.3125 0.5288461538461539 0.2788461538461539 0.5288461538461539 0.2788461538461539 0.5552884615384616 0.3125 0.5552884615384616
0 0.3365384615384617 0.6706730769230769 0.29807692307692313 0.6706730769230769 0.29807692307692313 0.7019230769230769 0.3365384615384617 0.7019230769230769
0 0.35096153846153855 0.5432692307692307 0.31490384615384615 0.5432692307692307 0.3149038461538462 0.5721153846153846 0.3509615384615386 0.5721153846153846
0 0.34615384615384615 0.47596153846153844 0.3125 0.47596153846153844 0.3125 0.5024038461538461 0.34615384615384615 0.5024038461538461
0 0.37259615384615397 0.6129807692307693 0.3365384615384617 0.6129807692307693 0.3365384615384617 0.6394230769230769 0.37259615384615397 0.6394230769230769
0 0.37980769230769246 0.6826923076923077 0.3461538461538463 0.6826923076923077 0.3461538461538463 0.7043269230769231 0.37980769230769246 0.7043269230769231
0 0.3990384615384617 0.5961538461538461 0.36057692307692324 0.5961538461538461 0.36057692307692324 0.6274038461538461 0.3990384615384617 0.6274038461538461
0 0.40144230769230776 0.5576923076923077 0.36778846153846156 0.5576923076923077 0.3677884615384616 0.5841346153846154 0.4014423076923078 0.5841346153846154
0 0.4134615384615386 0.6442307692307693 0.3822115384615386 0.6442307692307693 0.3822115384615386 0.6658653846153846 0.4134615384615386 0.6658653846153846
0 0.4302884615384617 0.625 0.39182692307692324 0.625 0.39182692307692324 0.6538461538461539 0.4302884615384617 0.6538461538461539
0 0.40625 0.3798076923076923 0.375 0.3798076923076923 0.375 0.40384615384615385 0.40625 0.40384615384615385
0 0.4375000000000001 0.5889423076923077 0.4014423076923078 0.5889423076923077 0.4014423076923078 0.6153846153846154 0.4375000000000001 0.6153846153846154
0 0.4254807692307692 0.3125 0.3918269230769231 0.3125 0.3918269230769231 0.33653846153846156 0.4254807692307692 0.33653846153846156
0 0.4519230769230769 0.4639423076923077 0.39903846153846156 0.4639423076923077 0.39903846153846156 0.49759615384615385 0.4519230769230769 0.49759615384615385
0 0.4927884615384617 0.6442307692307693 0.45913461538461553 0.6442307692307693 0.45913461538461553 0.6658653846153846 0.4927884615384617 0.6658653846153846
0 0.5144230769230771 0.8221153846153846 0.48317307692307704 0.8221153846153846 0.48317307692307704 0.8413461538461539 0.5144230769230771 0.8413461538461539
0 0.48557692307692313 0.5480769230769231 0.4567307692307692 0.5480769230769231 0.4567307692307693 0.5769230769230769 0.48557692307692324 0.5769230769230769
0 0.4855769230769231 0.4182692307692308 0.44711538461538464 0.4182692307692308 0.44711538461538464 0.44711538461538464 0.4855769230769231 0.44711538461538464
0 0.4855769230769231 0.3942307692307692 0.4495192307692308 0.3942307692307692 0.4495192307692308 0.4182692307692308 0.4855769230769231 0.4182692307692308
0 0.4831730769230769 0.33653846153846156 0.44711538461538464 0.33653846153846156 0.44711538461538464 0.36538461538461536 0.4831730769230769 0.36538461538461536
0 0.5120192307692308 0.5432692307692307 0.47836538461538464 0.5432692307692307 0.4783653846153847 0.5721153846153846 0.512019230769231 0.5721153846153846
0 0.53125 0.4807692307692308 0.49278846153846156 0.4807692307692308 0.49278846153846156 0.5072115384615384 0.53125 0.5072115384615384
0 0.5432692307692307 0.4951923076923077 0.5 0.4951923076923077 0.5 0.5264423076923077 0.5432692307692307 0.5264423076923077
0 0.5817307692307694 0.6730769230769231 0.543269230769231 0.6730769230769231 0.543269230769231 0.7043269230769231 0.5817307692307694 0.7043269230769231
0 0.591346153846154 0.7596153846153846 0.560096153846154 0.7596153846153846 0.560096153846154 0.7836538461538461 0.591346153846154 0.7836538461538461
0 0.5528846153846154 0.3125 0.5216346153846154 0.3125 0.5216346153846154 0.3293269230769231 0.5528846153846154 0.3293269230769231
0 0.5745192307692307 0.4471153846153847 0.5288461538461539 0.44711538461538464 0.5288461538461539 0.48076923076923084 0.5745192307692307 0.4807692307692309
0 0.5697115384615384 0.35576923076923084 0.5384615384615384 0.3557692307692308 0.5384615384615384 0.38701923076923084 0.5697115384615384 0.3870192307692309
0 0.5625 0.28125000000000006 0.5384615384615384 0.28125000000000006 0.5384615384615384 0.3028846153846155 0.5625 0.3028846153846155
0 0.605769230769231 0.5985576923076924 0.5673076923076924 0.5985576923076924 0.5673076923076924 0.6201923076923077 0.605769230769231 0.6201923076923077
0 0.5769230769230769 0.2860576923076924 0.5504807692307693 0.2860576923076924 0.5504807692307693 0.3149038461538462 0.5769230769230769 0.3149038461538463
0 0.6177884615384616 0.5480769230769232 0.5817307692307693 0.5480769230769232 0.5817307692307693 0.5697115384615385 0.6177884615384616 0.5697115384615385
0 0.6153846153846154 0.5649038461538463 0.5937500000000001 0.5649038461538463 0.5937500000000001 0.5817307692307694 0.6153846153846154 0.5817307692307694
0 0.6538461538461539 0.8125 0.625 0.8125 0.625 0.8317307692307693 0.6538461538461539 0.8317307692307693
0 0.6081730769230769 0.3509615384615386 0.5721153846153846 0.3509615384615386 0.5721153846153846 0.3750000000000001 0.6081730769230769 0.3750000000000001
0 0.6177884615384616 0.3750000000000001 0.5841346153846154 0.3750000000000001 0.5841346153846154 0.39663461538461553 0.6177884615384616 0.39663461538461553
0 0.6298076923076923 0.45913461538461553 0.5961538461538461 0.45913461538461553 0.5961538461538461 0.4879807692307694 0.6298076923076923 0.4879807692307694
0 0.6778846153846154 0.5240384615384617 0.6490384615384616 0.5240384615384617 0.6490384615384616 0.5480769230769232 0.6778846153846154 0.5480769230769232
0 0.7259615384615384 0.33413461538461553 0.6850961538461539 0.33413461538461553 0.6850961538461539 0.3629807692307694 0.7259615384615384 0.3629807692307694
0 0.7211538461538461 0.21153846153846162 0.6875 0.21153846153846162 0.6875 0.24038461538461545 0.7211538461538461 0.24038461538461545
0 0.7668269230769231 0.28125000000000006 0.7283653846153846 0.28125000000000006 0.7283653846153846 0.3052884615384616 0.7668269230769231 0.3052884615384616
0 0.7836538461538461 0.295673076923077 0.7548076923076923 0.295673076923077 0.7548076923076923 0.3245192307692309 0.7836538461538461 0.3245192307692309
0 0.9182692307692307 0.5192307692307694 0.8942307692307693 0.5192307692307694 0.8942307692307693 0.5360576923076924 0.9182692307692307 0.5360576923076924