0 0.07451923076923082 0.43028846153846156 0.03846153846153851 0.43028846153846156 0.03846153846153851 0.4567307692307692 0.07451923076923082 0.4567307692307692
0 0.0721153846153847 0.6947115384615384 0.03365384615384624 0.6947115384615384 0.03365384615384624 0.7235576923076923 0.0721153846153847 0.7235576923076923
0 0.07932692307692318 0.8725961538461539 0.0625000000000001 0.8725961538461539 0.0625000000000001 0.8990384615384616 0.07932692307692318 0.8990384615384616
0 0.6971153846153846 0.1658653846153847 0.6346153846153846 0.1658653846153847 0.6346153846153846 0.2067307692307693 0.6971153846153846 0.2067307692307693
0 0.6682692307692307 0.3557692307692309 0.6153846153846154 0.3557692307692309 0.6153846153846154 0.3942307692307694 0.6682692307692307 0.3942307692307694
0 0.6802884615384616 0.4567307692307694 0.6225961538461539 0.4567307692307694 0.6225961538461539 0.49759615384615397 0.6802884615384616 0.49759615384615397
0 0.6658653846153846 0.38461538461538475 0.6081730769230769 0.38461538461538475 0.6081730769230769 0.4182692307692309 0.6658653846153846 0.4182692307692309
0 0.6274038461538461 0.3990384615384617 0.5745192307692307 0.3990384615384617 0.5745192307692307 0.44230769230769246 0.6274038461538461 0.44230769230769246
0 0.6105769230769231 0.358173076923077 0.5576923076923077 0.3581730769230769 0.5576923076923077 0.3990384615384616 0.6105769230769231 0.3990384615384617
0 0.5985576923076923 0.3365384615384616 0.5480769230769231 0.33653846153846156 0.5480769230769231 0.3677884615384616 0.5985576923076923 0.3677884615384617
0 0.5841346153846155 0.5937500000000001 0.528846153846154 0.59375 0.528846153846154 0.6346153846153846 0.5841346153846155 0.6346153846153846
0 0.5120192307692307 0.3293269230769231 0.4543269230769231 0.3293269230769231 0.4543269230769231 0.36778846153846156 0.5120192307692307 0.36778846153846156
0 0.5144230769230769 0.4254807692307692 0.4567307692307692 0.4254807692307692 0.4567307692307692 0.4639423076923077 0.5144230769230769 0.4639423076923077
0 0.5024038461538461 0.2908653846153847 0.43990384615384615 0.2908653846153847 0.43990384615384615 0.3293269230769231 0.5024038461538461 0.3293269230769231
0 0.49759615384615385 0.3701923076923077 0.4519230769230769 0.3701923076923077 0.4519230769230769 0.40384615384615385 0.49759615384615385 0.40384615384615385
0 0.4735576923076923 0.4326923076923077 0.43990384615384615 0.4326923076923077 0.43990384615384615 0.45913461538461536 0.4735576923076923 0.45913461538461536
0 0.4543269230769231 0.23076923076923084 0.3894230769230769 0.23076923076923084 0.3894230769230769 0.27644230769230776 0.4543269230769231 0.27644230769230776
0 0.4519230769230769 0.3125 0.3894230769230769 0.3125 0.3894230769230769 0.35096153846153844 0.4519230769230769 0.35096153846153844
0 0.4206730769230769 0.5 0.3629807692307692 0.5 0.3629807692307692 0.5336538461538461 0.4206730769230769 0.5336538461538461
0 0.4086538461538462 0.5480769230769231 0.3629807692307692 0.5480769230769231 0.3629807692307693 0.5793269230769231 0.4086538461538463 0.5793269230769231
0 0.40625 0.5168269230769231 0.35336538461538464 0.5168269230769231 0.35336538461538464 0.5456730769230769 0.40625 0.5456730769230769
0 0.38461538461538464 0.35336538461538464 0.33653846153846156 0.35336538461538464 0.33653846153846156 0.38461538461538464 0.38461538461538464 0.38461538461538464
0 0.36538461538461553 0.5649038461538461 0.32692307692307704 0.5649038461538461 0.32692307692307704 0.59375 0.36538461538461553 0.59375
0 0.34375 0.5144230769230769 0.2908653846153847 0.5144230769230769 0.2908653846153847 0.5528846153846154 0.34375 0.5528846153846154
0 0.32211538461538464 0.44471153846153844 0.264423076923077 0.44471153846153844 0.264423076923077 0.4879807692307692 0.32211538461538464 0.4879807692307692
0 0.29086538461538464 0.18028846153846156 0.23798076923076922 0.18028846153846154 0.23798076923076922 0.21394230769230774 0.29086538461538464 0.21394230769230776
0 0.3557692307692309 0.8052884615384616 0.3028846153846155 0.8052884615384616 0.3028846153846155 0.84375 0.3557692307692309 0.84375
0 0.31009615384615385 0.32211538461538464 0.24038461538461545 0.32211538461538464 0.24038461538461545 0.37259615384615385 0.31009615384615385 0.37259615384615385
0 0.3245192307692309 0.6706730769230769 0.26682692307692313 0.6706730769230769 0.26682692307692313 0.7067307692307693 0.3245192307692309 0.7067307692307693
0 0.3125000000000001 0.59375 0.24519230769230776 0.59375 0.24519230769230776 0.6346153846153846 0.3125000000000001 0.6346153846153846
0 0.2788461538461539 0.46153846153846156 0.24038461538461545 0.46153846153846156 0.24038461538461545 0.4879807692307692 0.2788461538461539 0.4879807692307692
0 0.3004807692307693 0.6346153846153846 0.2548076923076924 0.6346153846153846 0.2548076923076924 0.6730769230769231 0.3004807692307693 0.6730769230769231
0 0.2788461538461539 0.5456730769230769 0.22596153846153852 0.5456730769230769 0.22596153846153852 0.5745192307692307 0.2788461538461539 0.5745192307692307
0 0.2740384615384616 0.5528846153846154 0.22355769230769237 0.5528846153846154 0.22355769230769237 0.5841346153846154 0.2740384615384616 0.5841346153846154
0 0.25000000000000006 0.3798076923076923 0.20913461538461545 0.3798076923076923 0.20913461538461545 0.4110576923076923 0.25000000000000006 0.4110576923076923
0 0.24038461538461545 0.36538461538461536 0.15865384615384623 0.36538461538461536 0.15865384615384623 0.41586538461538464 0.24038461538461545 0.41586538461538464
0 0.21875000000000006 0.5625 0.17307692307692316 0.5625 0.17307692307692316 0.5985576923076923 0.21875000000000006 0.5985576923076923
0 0.2283653846153847 0.6754807692307693 0.1754807692307693 0.6754807692307693 0.1754807692307693 0.7115384615384616 0.2283653846153847 0.7115384615384616
0 0.19951923076923084 0.4831730769230769 0.13221153846153852 0.4831730769230769 0.13221153846153852 0.5288461538461539 0.19951923076923084 0.5288461538461539
0 0.17067307692307698 0.4326923076923077 0.1129807692307693 0.4326923076923077 0.1129807692307693 0.47596153846153844 0.17067307692307698 0.47596153846153844
0 0.16346153846153852 0.38461538461538464 0.10576923076923081 0.38461538461538464 0.10576923076923082 0.4230769230769231 0.16346153846153852 0.4230769230769231
0 0.20673076923076936 0.9471153846153846 0.15625000000000014 0.9471153846153846 0.15625000000000014 0.9951923076923077 0.20673076923076936 0.9951923076923077
0 0.1442307692307693 0.6634615384615384 0.0865384615384616 0.6634615384615384 0.0865384615384616 0.6947115384615384 0.1442307692307693 0.6947115384615384