0 0.43990384615384615 0.12500000000000006 0.4014423076923077 0.12500000000000003 0.4014423076923077 0.19230769230769237 0.43990384615384615 0.19230769230769237
0 0.23557692307692307 0.14903846153846156 0.1875 0.14903846153846156 0.1875 0.2283653846153846 0.23557692307692307 0.2283653846153846
0 0.20673076923076922 0.18028846153846154 0.16346153846153846 0.18028846153846154 0.16346153846153846 0.25961538461538464 0.20673076923076922 0.25961538461538464
0 0.23317307692307696 0.22596153846153846 0.18269230769230768 0.22596153846153846 0.18269230769230774 0.31490384615384615 0.23317307692307698 0.31490384615384615
0 0.35336538461538464 0.2716346153846155 0.3173076923076923 0.2716346153846155 0.3173076923076923 0.32211538461538464 0.35336538461538464 0.32211538461538464
0 0.26682692307692313 0.2692307692307692 0.22355769230769232 0.2692307692307692 0.22355769230769235 0.33653846153846156 0.26682692307692313 0.33653846153846156
0 0.20913461538461545 0.2860576923076923 0.17067307692307698 0.2860576923076923 0.17067307692307698 0.35096153846153844 0.20913461538461545 0.35096153846153844
0 0.4495192307692308 0.31490384615384615 0.4014423076923077 0.31490384615384615 0.4014423076923077 0.3798076923076923 0.4495192307692308 0.3798076923076923
0 0.13461538461538464 0.33413461538461536 0.09134615384615388 0.33413461538461536 0.09134615384615388 0.39903846153846156 0.13461538461538464 0.39903846153846156
0 0.16346153846153852 0.3293269230769231 0.11538461538461542 0.3293269230769231 0.11538461538461542 0.41586538461538464 0.16346153846153852 0.41586538461538464
0 0.20432692307692316 0.3605769230769231 0.15865384615384623 0.3605769230769231 0.15865384615384623 0.4254807692307692 0.20432692307692316 0.4254807692307692
0 0.33413461538461536 0.3870192307692308 0.2860576923076924 0.3870192307692308 0.2860576923076924 0.4567307692307692 0.33413461538461536 0.4567307692307692
0 0.46634615384615385 0.3894230769230769 0.4182692307692308 0.3894230769230769 0.4182692307692308 0.4639423076923077 0.46634615384615385 0.4639423076923077
0 0.1754807692307693 0.4110576923076923 0.13461538461538464 0.4110576923076923 0.13461538461538466 0.47836538461538464 0.1754807692307693 0.47836538461538464
0 0.3581730769230769 0.40625 0.3173076923076923 0.40625 0.3173076923076923 0.4831730769230769 0.3581730769230769 0.4831730769230769
0 0.21153846153846162 0.4182692307692308 0.16346153846153852 0.4182692307692308 0.16346153846153852 0.5048076923076923 0.21153846153846162 0.5048076923076923
0 0.3076923076923077 0.4423076923076923 0.2548076923076924 0.4423076923076923 0.2548076923076924 0.5264423076923077 0.3076923076923077 0.5264423076923077
0 0.34375 0.47596153846153844 0.3052884615384616 0.47596153846153844 0.3052884615384616 0.5288461538461539 0.34375 0.5288461538461539
0 0.22355769230769237 0.49038461538461536 0.18750000000000006 0.49038461538461536 0.18750000000000006 0.5504807692307693 0.22355769230769237 0.5504807692307693
0 0.3653846153846155 0.5048076923076923 0.31971153846153844 0.5048076923076923 0.31971153846153855 0.5793269230769231 0.36538461538461553 0.5793269230769231
0 0.1442307692307693 0.5336538461538461 0.11057692307692314 0.5336538461538461 0.11057692307692314 0.59375 0.1442307692307693 0.59375
0 0.16346153846153852 0.5432692307692307 0.12259615384615391 0.5432692307692307 0.12259615384615391 0.6129807692307693 0.16346153846153852 0.6129807692307693
0 0.5961538461538463 0.5312500000000001 0.5600961538461539 0.5312500000000001 0.560096153846154 0.5865384615384617 0.5961538461538463 0.5865384615384617
0 0.3966346153846155 0.5408653846153846 0.34615384615384615 0.5408653846153846 0.3461538461538462 0.6201923076923077 0.39663461538461553 0.6201923076923077
0 0.18990384615384623 0.5793269230769231 0.15144230769230776 0.5793269230769231 0.15144230769230776 0.6418269230769231 0.18990384615384623 0.6418269230769231
0 0.23076923076923084 0.6081730769230769 0.18990384615384623 0.6081730769230769 0.18990384615384623 0.6706730769230769 0.23076923076923084 0.6706730769230769
0 0.3197115384615386 0.6225961538461539 0.27644230769230776 0.6225961538461539 0.27644230769230776 0.6634615384615384 0.3197115384615386 0.6634615384615384
0 0.4447115384615386 0.5985576923076923 0.3990384615384617 0.5985576923076923 0.3990384615384617 0.6850961538461539 0.4447115384615386 0.6850961538461539
0 0.3629807692307694 0.6298076923076923 0.3197115384615386 0.6298076923076923 0.3197115384615386 0.6923076923076923 0.3629807692307694 0.6923076923076923
0 0.2524038461538462 0.6322115384615384 0.21153846153846162 0.6322115384615384 0.21153846153846162 0.6995192307692307 0.2524038461538462 0.6995192307692307
0 0.5769230769230771 0.6129807692307693 0.528846153846154 0.6129807692307693 0.528846153846154 0.6923076923076923 0.5769230769230771 0.6923076923076923
0 0.3461538461538463 0.6610576923076923 0.31009615384615397 0.6610576923076923 0.31009615384615397 0.7163461538461539 0.3461538461538463 0.7163461538461539
0 0.21394230769230776 0.6802884615384616 0.1754807692307693 0.6802884615384616 0.1754807692307693 0.7211538461538461 0.21394230769230776 0.7211538461538461
0 0.3629807692307694 0.6754807692307693 0.32211538461538475 0.6754807692307693 0.32211538461538475 0.7307692307692307 0.3629807692307694 0.7307692307692307
0 0.22355769230769237 0.7043269230769231 0.18269230769230776 0.7043269230769231 0.18269230769230776 0.7572115384615384 0.22355769230769237 0.7572115384615384
0 0.4254807692307694 0.6899038461538461 0.37980769230769246 0.6899038461538461 0.37980769230769246 0.7475961538461539 0.4254807692307694 0.7475961538461539
0 0.32211538461538475 0.7115384615384616 0.2788461538461539 0.7115384615384616 0.2788461538461539 0.7788461538461539 0.32211538461538475 0.7788461538461539
0 0.27644230769230776 0.7235576923076923 0.23076923076923084 0.7235576923076923 0.23076923076923084 0.7908653846153846 0.27644230769230776 0.7908653846153846
0 0.3028846153846155 0.7211538461538461 0.264423076923077 0.7211538461538461 0.264423076923077 0.7908653846153846 0.3028846153846155 0.7908653846153846
0 0.37259615384615397 0.7475961538461539 0.3317307692307694 0.7475961538461539 0.3317307692307694 0.8269230769230769 0.37259615384615397 0.8269230769230769
0 0.2980769230769232 0.7884615384615384 0.2475961538461539 0.7884615384615384 0.24759615384615394 0.8605769230769231 0.29807692307692324 0.8605769230769231