0 0.90625 0.20913461538461553 0.8774038461538461 0.20913461538461553 0.8774038461538461 0.2572115384615386 0.90625 0.2572115384615386
0 0.8028846153846154 0.23557692307692316 0.7716346153846154 0.23557692307692316 0.7716346153846154 0.28125000000000006 0.8028846153846154 0.28125000000000006
0 0.6634615384615384 0.3509615384615386 0.6370192307692307 0.3509615384615386 0.6370192307692307 0.38942307692307704 0.6634615384615384 0.38942307692307704
0 0.6346153846153846 0.3629807692307694 0.6081730769230769 0.3629807692307694 0.6081730769230769 0.3990384615384617 0.6346153846153846 0.3990384615384617
0 0.8100961538461539 0.3461538461538463 0.78125 0.3461538461538463 0.78125 0.39182692307692324 0.8100961538461539 0.39182692307692324
0 0.5360576923076923 0.4326923076923077 0.5144230769230769 0.4326923076923077 0.5144230769230769 0.46875 0.5360576923076923 0.46875
0 0.7139423076923077 0.3990384615384617 0.6923076923076923 0.3990384615384617 0.6923076923076923 0.4326923076923078 0.7139423076923077 0.4326923076923078
0 0.5745192307692307 0.44951923076923084 0.5432692307692307 0.4495192307692308 0.5432692307692307 0.4903846153846155 0.5745192307692307 0.49038461538461553
0 0.7067307692307693 0.43509615384615397 0.6826923076923077 0.43509615384615397 0.6826923076923077 0.4759615384615386 0.7067307692307693 0.4759615384615386
0 0.7355769230769231 0.4495192307692309 0.7115384615384616 0.4495192307692309 0.7115384615384616 0.48557692307692324 0.7355769230769231 0.48557692307692324
0 0.6610576923076923 0.4687500000000001 0.6346153846153846 0.4687500000000001 0.6346153846153846 0.5072115384615385 0.6610576923076923 0.5072115384615385
0 0.8245192307692307 0.4399038461538463 0.7980769230769231 0.4399038461538463 0.7980769230769231 0.48317307692307704 0.8245192307692307 0.48317307692307704
0 0.8389423076923077 0.45913461538461553 0.8173076923076923 0.45913461538461553 0.8173076923076923 0.4927884615384617 0.8389423076923077 0.4927884615384617
0 0.5072115384615385 0.5456730769230769 0.4831730769230769 0.5456730769230769 0.483173076923077 0.5841346153846154 0.5072115384615385 0.5841346153846154
0 0.6033653846153847 0.5336538461538463 0.5841346153846154 0.5336538461538463 0.5841346153846154 0.560096153846154 0.6033653846153848 0.560096153846154
0 0.6682692307692307 0.5168269230769232 0.6466346153846154 0.5168269230769232 0.6466346153846154 0.5480769230769232 0.6682692307692307 0.5480769230769232
0 0.5528846153846155 0.5889423076923077 0.5264423076923078 0.5889423076923077 0.5264423076923078 0.6322115384615384 0.5528846153846155 0.6322115384615384
0 0.6538461538461539 0.5625000000000001 0.6225961538461539 0.5625000000000001 0.6225961538461539 0.6081730769230771 0.6538461538461539 0.6081730769230771
0 0.7956730769230769 0.5408653846153848 0.7740384615384616 0.5408653846153848 0.7740384615384616 0.5721153846153848 0.7956730769230769 0.5721153846153848
0 0.6009615384615385 0.605769230769231 0.5769230769230771 0.605769230769231 0.5769230769230771 0.6418269230769231 0.6009615384615385 0.6418269230769231
0 0.6682692307692307 0.6033653846153848 0.6490384615384616 0.6033653846153848 0.6490384615384616 0.6394230769230769 0.6682692307692307 0.6394230769230769
0 0.7980769230769231 0.5697115384615385 0.7740384615384616 0.5697115384615385 0.7740384615384616 0.605769230769231 0.7980769230769231 0.605769230769231
0 0.6105769230769232 0.625 0.5889423076923078 0.625 0.5889423076923078 0.65625 0.6105769230769232 0.65625
0 0.7067307692307693 0.6177884615384616 0.6826923076923077 0.6177884615384616 0.6826923076923077 0.6514423076923077 0.7067307692307693 0.6514423076923077
0 0.7548076923076923 0.6105769230769232 0.7307692307692307 0.6105769230769232 0.7307692307692307 0.6538461538461539 0.7548076923076923 0.6538461538461539
0 0.8557692307692307 0.605769230769231 0.8293269230769231 0.605769230769231 0.8293269230769231 0.65625 0.8557692307692307 0.65625
0 0.7379807692307693 0.65625 0.7139423076923077 0.65625 0.7139423076923077 0.6875 0.7379807692307693 0.6875
0 0.4447115384615386 0.7379807692307693 0.42307692307692324 0.7379807692307693 0.42307692307692324 0.7716346153846154 0.4447115384615386 0.7716346153846154
0 0.6298076923076923 0.7067307692307693 0.6009615384615385 0.7067307692307693 0.6009615384615385 0.7451923076923077 0.6298076923076923 0.7451923076923077
0 0.4927884615384617 0.7475961538461539 0.47355769230769246 0.7475961538461539 0.47355769230769246 0.7692307692307693 0.4927884615384617 0.7692307692307693
0 0.6778846153846154 0.6995192307692307 0.6538461538461539 0.6995192307692307 0.6538461538461539 0.7355769230769231 0.6778846153846154 0.7355769230769231
0 0.45913461538461553 0.7668269230769231 0.43509615384615397 0.7668269230769231 0.43509615384615397 0.7884615384615384 0.45913461538461553 0.7884615384615384
0 0.8173076923076923 0.6899038461538461 0.7908653846153846 0.6899038461538461 0.7908653846153846 0.7307692307692307 0.8173076923076923 0.7307692307692307
0 0.5769230769230771 0.7668269230769231 0.5456730769230771 0.7668269230769231 0.5456730769230771 0.8100961538461539 0.5769230769230771 0.8100961538461539
0 0.6730769230769231 0.7524038461538461 0.6490384615384616 0.7524038461538461 0.6490384615384616 0.7884615384615384 0.6730769230769231 0.7884615384615384
0 0.6706730769230769 0.7956730769230769 0.6466346153846154 0.7956730769230769 0.6466346153846154 0.8341346153846154 0.6706730769230769 0.8341346153846154
0 0.6634615384615384 0.8413461538461539 0.6370192307692307 0.8413461538461539 0.6370192307692307 0.8798076923076923 0.6634615384615384 0.8798076923076923
0 0.5480769230769232 0.8942307692307693 0.5144230769230771 0.8942307692307693 0.5144230769230771 0.9302884615384616 0.5480769230769232 0.9302884615384616
0 0.7139423076923077 0.5697115384615385 0.6850961538461539 0.5697115384615385 0.6850961538461539 0.6129807692307694 0.7139423076923077 0.6129807692307694