0 0.6802884615384616 0.8100961538461539 0.6370192307692307 0.8100961538461539 0.6370192307692307 0.8413461538461539 0.6802884615384616 0.8413461538461539
0 0.9591346153846154 0.6826923076923077 0.9158653846153846 0.6826923076923077 0.9158653846153846 0.7091346153846154 0.9591346153846154 0.7091346153846154
0 0.8990384615384616 0.6418269230769231 0.8605769230769231 0.6418269230769231 0.8605769230769231 0.6682692307692307 0.8990384615384616 0.6682692307692307
0 0.9423076923076923 0.6225961538461539 0.9086538461538461 0.6225961538461539 0.9086538461538461 0.6466346153846154 0.9423076923076923 0.6466346153846154
0 0.7956730769230769 0.6682692307692307 0.7620192307692307 0.6682692307692307 0.7620192307692307 0.6899038461538461 0.7956730769230769 0.6899038461538461
0 0.49038461538461553 0.7331730769230769 0.45913461538461553 0.7331730769230769 0.45913461538461553 0.7596153846153846 0.49038461538461553 0.7596153846153846
0 0.8149038461538461 0.625 0.7764423076923077 0.625 0.7764423076923077 0.6538461538461539 0.8149038461538461 0.6538461538461539
0 0.8269230769230769 0.6033653846153848 0.7932692307692307 0.6033653846153848 0.7932692307692307 0.6298076923076923 0.8269230769230769 0.6298076923076923
0 0.7307692307692307 0.605769230769231 0.6875 0.605769230769231 0.6875 0.6370192307692307 0.7307692307692307 0.6370192307692307
0 0.6298076923076923 0.625 0.5985576923076924 0.625 0.5985576923076924 0.6514423076923077 0.6298076923076923 0.6514423076923077
0 0.5889423076923078 0.5697115384615385 0.5552884615384617 0.5697115384615384 0.5552884615384617 0.5937500000000001 0.5889423076923078 0.5937500000000001
0 0.5048076923076924 0.5673076923076923 0.46634615384615397 0.5673076923076923 0.46634615384615397 0.5985576923076923 0.5048076923076924 0.5985576923076923
0 0.4783653846153847 0.5336538461538461 0.43990384615384615 0.5336538461538461 0.4399038461538462 0.5625 0.47836538461538475 0.5625
0 0.37259615384615397 0.6057692307692307 0.32932692307692324 0.6057692307692307 0.32932692307692324 0.6370192307692307 0.37259615384615397 0.6370192307692307
0 0.3629807692307694 0.5769230769230769 0.32211538461538475 0.5769230769230769 0.32211538461538475 0.6033653846153846 0.3629807692307694 0.6033653846153846
0 0.3942307692307692 0.49278846153846156 0.3701923076923077 0.49278846153846156 0.3701923076923077 0.5168269230769231 0.3942307692307692 0.5168269230769231
0 0.4206730769230769 0.46634615384615385 0.3918269230769231 0.46634615384615385 0.3918269230769231 0.49038461538461536 0.4206730769230769 0.49038461538461536
0 0.5600961538461539 0.4591346153846155 0.53125 0.45913461538461536 0.53125 0.48557692307692313 0.5600961538461539 0.48557692307692324
0 0.5625 0.4783653846153847 0.5240384615384616 0.47836538461538464 0.5240384615384616 0.5048076923076924 0.5625 0.5048076923076924
0 0.5793269230769231 0.46875000000000006 0.5528846153846154 0.46875 0.5528846153846154 0.4927884615384616 0.5793269230769231 0.4927884615384617
0 0.6153846153846154 0.4447115384615386 0.5865384615384616 0.4447115384615386 0.5865384615384616 0.4687500000000001 0.6153846153846154 0.4687500000000001
0 0.4543269230769231 0.38221153846153844 0.4182692307692308 0.38221153846153844 0.4182692307692308 0.4110576923076923 0.4543269230769231 0.4110576923076923
0 0.4951923076923077 0.34375 0.46153846153846156 0.34375 0.46153846153846156 0.37259615384615385 0.4951923076923077 0.37259615384615385
0 0.5673076923076923 0.3317307692307693 0.5336538461538461 0.3317307692307692 0.5336538461538461 0.35096153846153855 0.5673076923076923 0.3509615384615386
0 0.5673076923076923 0.3485576923076924 0.5240384615384616 0.3485576923076923 0.5240384615384616 0.3798076923076924 0.5673076923076923 0.37980769230769246
0 0.6875 0.4014423076923078 0.6442307692307693 0.4014423076923078 0.6442307692307693 0.4326923076923078 0.6875 0.4326923076923078
0 0.6514423076923077 0.3629807692307694 0.6201923076923077 0.3629807692307694 0.6201923076923077 0.38942307692307704 0.6514423076923077 0.38942307692307704
0 0.6538461538461539 0.34855769230769246 0.6153846153846154 0.34855769230769246 0.6153846153846154 0.37259615384615397 0.6538461538461539 0.37259615384615397
0 0.5985576923076923 0.35817307692307704 0.5721153846153846 0.35817307692307704 0.5721153846153846 0.38461538461538475 0.5985576923076923 0.38461538461538475
0 0.7163461538461539 0.37259615384615397 0.6778846153846154 0.37259615384615397 0.6778846153846154 0.3942307692307694 0.7163461538461539 0.3942307692307694
0 0.7524038461538461 0.3774038461538463 0.7139423076923077 0.3774038461538463 0.7139423076923077 0.4086538461538463 0.7524038461538461 0.4086538461538463
0 0.7716346153846154 0.4014423076923078 0.7427884615384616 0.4014423076923078 0.7427884615384616 0.42788461538461553 0.7716346153846154 0.42788461538461553
0 0.7596153846153846 0.4399038461538463 0.7331730769230769 0.4399038461538463 0.7331730769230769 0.4639423076923078 0.7596153846153846 0.4639423076923078
0 0.8076923076923077 0.4687500000000001 0.7692307692307693 0.4687500000000001 0.7692307692307693 0.49759615384615397 0.8076923076923077 0.49759615384615397
0 0.8774038461538461 0.44230769230769246 0.8389423076923077 0.44230769230769246 0.8389423076923077 0.46634615384615397 0.8774038461538461 0.46634615384615397
0 0.8846153846153846 0.4567307692307694 0.8629807692307693 0.4567307692307694 0.8629807692307693 0.4759615384615386 0.8846153846153846 0.4759615384615386
0 0.8317307692307693 0.49759615384615397 0.7932692307692307 0.49759615384615397 0.7932692307692307 0.528846153846154 0.8317307692307693 0.528846153846154
0 0.8197115384615384 0.5360576923076924 0.7908653846153846 0.5360576923076924 0.7908653846153846 0.5576923076923078 0.8197115384615384 0.5576923076923078
0 0.7211538461538461 0.5000000000000001 0.6947115384615384 0.5000000000000001 0.6947115384615384 0.5240384615384617 0.7211538461538461 0.5240384615384617
0 0.6923076923076923 0.5024038461538463 0.6706730769230769 0.5024038461538463 0.6706730769230769 0.5264423076923078 0.6923076923076923 0.5264423076923078
0 0.625 0.36057692307692324 0.5961538461538461 0.36057692307692324 0.5961538461538461 0.38942307692307704 0.625 0.38942307692307704