0 0.605769230769231 0.6274038461538461 0.5817307692307694 0.6274038461538461 0.5817307692307694 0.6490384615384616 0.605769230769231 0.6490384615384616
0 0.6418269230769231 0.5024038461538463 0.6105769230769231 0.5024038461538463 0.6105769230769231 0.5384615384615385 0.6418269230769231 0.5384615384615385
0 0.5793269230769232 0.65625 0.5576923076923078 0.65625 0.5576923076923078 0.6802884615384616 0.5793269230769232 0.6802884615384616
0 0.6129807692307693 0.5168269230769232 0.5841346153846154 0.5168269230769232 0.5841346153846154 0.5480769230769232 0.6129807692307693 0.5480769230769232
0 0.591346153846154 0.5745192307692308 0.5576923076923078 0.5745192307692307 0.5576923076923078 0.6009615384615385 0.591346153846154 0.6009615384615385
0 0.543269230769231 0.6370192307692307 0.5168269230769232 0.6370192307692307 0.5168269230769232 0.6610576923076923 0.543269230769231 0.6610576923076923
0 0.5625 0.5120192307692308 0.5456730769230769 0.5120192307692307 0.5456730769230769 0.5336538461538463 0.5625 0.5336538461538463
0 0.528846153846154 0.6418269230769231 0.5072115384615385 0.6418269230769231 0.5072115384615385 0.6658653846153846 0.528846153846154 0.6658653846153846
0 0.5360576923076924 0.5673076923076923 0.5096153846153848 0.5673076923076923 0.5096153846153848 0.5913461538461539 0.5360576923076924 0.5913461538461539
0 0.5240384615384617 0.6418269230769231 0.49038461538461553 0.6418269230769231 0.49038461538461553 0.6706730769230769 0.5240384615384617 0.6706730769230769
0 0.5312500000000001 0.5913461538461539 0.4951923076923078 0.5913461538461539 0.4951923076923078 0.6177884615384616 0.5312500000000001 0.6177884615384616
0 0.5384615384615384 0.5048076923076923 0.5168269230769231 0.5048076923076923 0.5168269230769231 0.5264423076923077 0.5384615384615384 0.5264423076923077
0 0.5721153846153846 0.3485576923076924 0.5408653846153846 0.3485576923076923 0.5408653846153846 0.37500000000000006 0.5721153846153846 0.3750000000000001
0 0.5264423076923077 0.4951923076923077 0.49278846153846156 0.4951923076923077 0.49278846153846156 0.5216346153846154 0.5264423076923077 0.5216346153846154
0 0.5432692307692307 0.43028846153846156 0.5168269230769231 0.43028846153846156 0.5168269230769231 0.4543269230769231 0.5432692307692307 0.4543269230769231
0 0.5336538461538461 0.44711538461538464 0.5048076923076923 0.44711538461538464 0.5048076923076923 0.4735576923076923 0.5336538461538461 0.4735576923076923
0 0.4807692307692309 0.5673076923076923 0.45432692307692324 0.5673076923076923 0.45432692307692324 0.59375 0.4807692307692309 0.59375
0 0.4951923076923077 0.49759615384615385 0.46875 0.49759615384615385 0.46875 0.5216346153846154 0.4951923076923077 0.5216346153846154
0 0.4879807692307692 0.5168269230769231 0.46153846153846156 0.5168269230769231 0.46153846153846156 0.5432692307692307 0.4879807692307692 0.5432692307692307
0 0.4567307692307694 0.6298076923076923 0.4254807692307694 0.6298076923076923 0.4254807692307694 0.6586538461538461 0.4567307692307694 0.6586538461538461
0 0.4567307692307694 0.5673076923076923 0.4302884615384617 0.5673076923076923 0.4302884615384617 0.59375 0.4567307692307694 0.59375
0 0.44471153846153855 0.5432692307692307 0.4230769230769231 0.5432692307692307 0.42307692307692313 0.5625 0.4447115384615386 0.5625
0 0.4182692307692309 0.6129807692307693 0.39663461538461553 0.6129807692307693 0.39663461538461553 0.6322115384615384 0.4182692307692309 0.6322115384615384
0 0.46875 0.4543269230769231 0.4375 0.4543269230769231 0.4375 0.47836538461538464 0.46875 0.47836538461538464
0 0.42788461538461553 0.5649038461538461 0.4062500000000001 0.5649038461538461 0.4062500000000001 0.5865384615384616 0.42788461538461553 0.5865384615384616
0 0.5072115384615384 0.3004807692307693 0.47115384615384615 0.3004807692307693 0.47115384615384615 0.3293269230769231 0.5072115384615384 0.3293269230769231
0 0.46153846153846156 0.43509615384615385 0.43028846153846156 0.43509615384615385 0.43028846153846156 0.45913461538461536 0.46153846153846156 0.45913461538461536
0 0.44711538461538464 0.4543269230769231 0.4206730769230769 0.4543269230769231 0.4206730769230769 0.47836538461538464 0.44711538461538464 0.47836538461538464
0 0.42788461538461536 0.5 0.40625 0.5 0.40625 0.5192307692307693 0.42788461538461536 0.5192307692307693
0 0.4254807692307692 0.4206730769230769 0.4014423076923077 0.4206730769230769 0.4014423076923077 0.4423076923076923 0.4254807692307692 0.4423076923076923
0 0.389423076923077 0.5384615384615384 0.3605769230769231 0.5384615384615384 0.36057692307692313 0.5625 0.38942307692307704 0.5625
0 0.3725961538461539 0.5504807692307693 0.3389423076923077 0.5504807692307693 0.33894230769230776 0.5745192307692307 0.37259615384615397 0.5745192307692307
0 0.41346153846153844 0.3942307692307692 0.38221153846153844 0.3942307692307692 0.38221153846153844 0.4206730769230769 0.41346153846153844 0.4206730769230769
0 0.3365384615384617 0.6274038461538461 0.3076923076923078 0.6274038461538461 0.3076923076923078 0.65625 0.3365384615384617 0.65625
0 0.375 0.5024038461538461 0.34134615384615385 0.5024038461538461 0.34134615384615385 0.5336538461538461 0.375 0.5336538461538461
0 0.3581730769230769 0.5360576923076923 0.33653846153846156 0.5360576923076923 0.33653846153846156 0.5576923076923077 0.3581730769230769 0.5576923076923077
0 0.3629807692307692 0.4543269230769231 0.34615384615384615 0.4543269230769231 0.34615384615384615 0.47115384615384615 0.3629807692307692 0.47115384615384615
0 0.3581730769230769 0.38461538461538464 0.33653846153846156 0.38461538461538464 0.33653846153846156 0.40625 0.3581730769230769 0.40625
0 0.3317307692307692 0.46153846153846156 0.3052884615384616 0.46153846153846156 0.3052884615384616 0.4855769230769231 0.3317307692307692 0.4855769230769231
0 0.3125 0.4519230769230769 0.2908653846153847 0.4519230769230769 0.2908653846153847 0.47115384615384615 0.3125 0.47115384615384615
0 0.31490384615384615 0.43990384615384615 0.29807692307692313 0.43990384615384615 0.29807692307692313 0.4567307692307692 0.31490384615384615 0.4567307692307692
0 0.3076923076923077 0.4182692307692308 0.28846153846153855 0.4182692307692308 0.28846153846153855 0.43990384615384615 0.3076923076923077 0.43990384615384615