0 0.8052884615384616 0.28125000000000006 0.7908653846153846 0.28125000000000006 0.7908653846153846 0.3028846153846155 0.8052884615384616 0.3028846153846155
0 0.7524038461538461 0.3004807692307693 0.7307692307692307 0.3004807692307693 0.7307692307692307 0.32211538461538475 0.7524038461538461 0.32211538461538475
0 0.3004807692307693 0.295673076923077 0.28125000000000006 0.295673076923077 0.28125000000000006 0.32211538461538464 0.3004807692307693 0.32211538461538464
0 0.7091346153846154 0.37980769230769246 0.6947115384615384 0.37980769230769246 0.6947115384615384 0.4014423076923078 0.7091346153846154 0.4014423076923078
0 0.6418269230769231 0.3774038461538463 0.6274038461538461 0.3774038461538463 0.6274038461538461 0.40384615384615397 0.6418269230769231 0.40384615384615397
0 0.71875 0.39182692307692324 0.7043269230769231 0.39182692307692324 0.7043269230769231 0.4086538461538463 0.71875 0.4086538461538463
0 0.6538461538461539 0.4062500000000001 0.6370192307692307 0.4062500000000001 0.6370192307692307 0.42067307692307704 0.6538461538461539 0.42067307692307704
0 0.5769230769230769 0.3966346153846155 0.5552884615384616 0.39663461538461536 0.5552884615384616 0.41826923076923084 0.5769230769230769 0.4182692307692309
0 0.7211538461538461 0.41586538461538475 0.7043269230769231 0.41586538461538475 0.7043269230769231 0.4399038461538463 0.7211538461538461 0.4399038461538463
0 0.3918269230769231 0.38461538461538464 0.3701923076923077 0.38461538461538464 0.3701923076923077 0.40625 0.3918269230769231 0.40625
0 0.4254807692307692 0.3918269230769231 0.40625 0.3918269230769231 0.40625 0.41346153846153844 0.4254807692307692 0.41346153846153844
0 0.7764423076923077 0.43509615384615397 0.7572115384615384 0.43509615384615397 0.7572115384615384 0.4615384615384617 0.7764423076923077 0.4615384615384617
0 0.6730769230769231 0.4375000000000001 0.6586538461538461 0.4375000000000001 0.6586538461538461 0.45192307692307704 0.6730769230769231 0.45192307692307704
0 0.40865384615384615 0.40865384615384615 0.3942307692307692 0.40865384615384615 0.3942307692307692 0.4254807692307692 0.40865384615384615 0.4254807692307692
0 0.5697115384615384 0.41826923076923084 0.5432692307692307 0.4182692307692308 0.5432692307692307 0.44951923076923084 0.5697115384615384 0.4495192307692309
0 0.6682692307692307 0.44711538461538475 0.6490384615384616 0.44711538461538475 0.6490384615384616 0.4711538461538463 0.6682692307692307 0.4711538461538463
0 0.6370192307692307 0.45192307692307704 0.6201923076923077 0.45192307692307704 0.6201923076923077 0.47836538461538475 0.6370192307692307 0.47836538461538475
0 0.6538461538461539 0.45913461538461553 0.6370192307692307 0.45913461538461553 0.6370192307692307 0.4807692307692309 0.6538461538461539 0.4807692307692309
0 0.6826923076923077 0.4759615384615386 0.6634615384615384 0.4759615384615386 0.6634615384615384 0.4927884615384617 0.6826923076923077 0.4927884615384617
0 0.6514423076923077 0.4807692307692309 0.6370192307692307 0.4807692307692309 0.6370192307692307 0.5024038461538463 0.6514423076923077 0.5024038461538463
0 0.6322115384615384 0.49759615384615397 0.6177884615384616 0.49759615384615397 0.6177884615384616 0.5144230769230771 0.6322115384615384 0.5144230769230771
0 0.2836538461538462 0.46153846153846156 0.2596153846153847 0.46153846153846156 0.2596153846153847 0.49038461538461536 0.2836538461538462 0.49038461538461536
0 0.5552884615384616 0.5096153846153846 0.5408653846153846 0.5096153846153846 0.5408653846153846 0.5336538461538461 0.5552884615384616 0.5336538461538461
0 0.47115384615384615 0.49759615384615385 0.4543269230769231 0.49759615384615385 0.4543269230769231 0.5288461538461539 0.47115384615384615 0.5288461538461539
0 0.4543269230769231 0.5144230769230769 0.43990384615384615 0.5144230769230769 0.43990384615384615 0.5336538461538461 0.4543269230769231 0.5336538461538461
0 0.6153846153846154 0.5528846153846155 0.6009615384615384 0.5528846153846155 0.6009615384615385 0.5697115384615385 0.6153846153846154 0.5697115384615385
0 0.37019230769230776 0.5432692307692307 0.35096153846153844 0.5432692307692307 0.35096153846153855 0.5673076923076923 0.3701923076923078 0.5673076923076923
0 0.605769230769231 0.5697115384615385 0.5889423076923078 0.5697115384615385 0.5889423076923078 0.591346153846154 0.605769230769231 0.591346153846154
0 0.5841346153846155 0.5745192307692308 0.5576923076923078 0.5745192307692307 0.5576923076923078 0.6105769230769231 0.5841346153846155 0.6105769230769232
0 0.5192307692307694 0.6009615384615384 0.5024038461538463 0.6009615384615384 0.5024038461538463 0.6322115384615384 0.5192307692307694 0.6322115384615384
0 0.5528846153846155 0.6081730769230769 0.5336538461538463 0.6081730769230769 0.5336538461538463 0.6346153846153846 0.5528846153846155 0.6346153846153846
0 0.5024038461538463 0.5961538461538461 0.4807692307692309 0.5961538461538461 0.4807692307692309 0.6370192307692307 0.5024038461538463 0.6370192307692307
0 0.3389423076923078 0.6057692307692307 0.31730769230769246 0.6057692307692307 0.31730769230769246 0.6298076923076923 0.3389423076923078 0.6298076923076923
0 0.25721153846153855 0.5985576923076923 0.2379807692307693 0.5985576923076923 0.2379807692307693 0.625 0.25721153846153855 0.625
0 0.37980769230769246 0.6177884615384616 0.36057692307692324 0.6177884615384616 0.36057692307692324 0.6490384615384616 0.37980769230769246 0.6490384615384616
0 0.5336538461538463 0.6418269230769231 0.5096153846153848 0.6418269230769231 0.5096153846153848 0.6682692307692307 0.5336538461538463 0.6682692307692307
0 0.528846153846154 0.6658653846153846 0.5096153846153848 0.6658653846153846 0.5096153846153848 0.6899038461538461 0.528846153846154 0.6899038461538461
0 0.3365384615384617 0.6490384615384616 0.31730769230769246 0.6490384615384616 0.31730769230769246 0.6730769230769231 0.3365384615384617 0.6730769230769231
0 0.3822115384615386 0.6682692307692307 0.36538461538461553 0.6682692307692307 0.36538461538461553 0.6850961538461539 0.3822115384615386 0.6850961538461539
0 0.46634615384615397 0.6899038461538461 0.44711538461538475 0.6899038461538461 0.44711538461538475 0.7163461538461539 0.46634615384615397 0.7163461538461539