0 0.1105769230769231 0.13701923076923078 0.02884615384615386 0.13701923076923078 0.02884615384615387 0.18028846153846154 0.11057692307692311 0.18028846153846154
0 0.07692307692307696 0.25961538461538464 0.00480769230769234 0.25961538461538464 0.004807692307692343 0.31971153846153844 0.07692307692307696 0.31971153846153844
0 0.06490384615384624 0.7067307692307693 8.654955743974083e-17 0.7067307692307693 9.022938556217878e-17 0.7668269230769231 0.06490384615384624 0.7668269230769231
0 0.9663461538461539 0.07451923076923088 0.8293269230769231 0.07451923076923087 0.8293269230769231 0.12019230769230779 0.9663461538461539 0.12019230769230779
0 0.8653846153846154 0.4302884615384617 0.7451923076923077 0.4302884615384617 0.7451923076923077 0.48317307692307704 0.8653846153846154 0.48317307692307704
0 0.7331730769230769 0.31009615384615397 0.5985576923076923 0.31009615384615397 0.5985576923076923 0.3677884615384617 0.7331730769230769 0.3677884615384617
0 0.6850961538461539 0.37500000000000006 0.5480769230769231 0.375 0.5480769230769231 0.4278846153846155 0.6850961538461539 0.42788461538461553
0 0.6081730769230771 0.8076923076923077 0.512019230769231 0.8076923076923077 0.512019230769231 0.8533653846153846 0.6081730769230771 0.8533653846153846
0 0.5649038461538463 0.5889423076923077 0.49759615384615397 0.5889423076923077 0.49759615384615397 0.6370192307692307 0.5649038461538463 0.6370192307692307
0 0.5576923076923077 0.4206730769230769 0.47115384615384615 0.4206730769230769 0.47115384615384615 0.4735576923076923 0.5576923076923077 0.4735576923076923
0 0.6081730769230769 0.11538461538461545 0.44471153846153844 0.11538461538461545 0.44471153846153844 0.17788461538461545 0.6081730769230769 0.17788461538461545
0 0.5456730769230771 0.6033653846153846 0.45913461538461553 0.6033653846153846 0.45913461538461553 0.6490384615384616 0.5456730769230771 0.6490384615384616
0 0.9951923076923077 0.6682692307692307 0.8990384615384616 0.6682692307692307 0.8990384615384616 0.7259615384615384 0.9951923076923077 0.7259615384615384
0 0.5480769230769231 0.31971153846153844 0.39903846153846156 0.31971153846153844 0.39903846153846156 0.3798076923076923 0.5480769230769231 0.3798076923076923
0 0.5288461538461539 0.08653846153846159 0.4182692307692308 0.08653846153846158 0.4182692307692308 0.13221153846153852 0.5288461538461539 0.13221153846153852
0 0.5120192307692307 0.4375 0.37259615384615385 0.4375 0.37259615384615385 0.4879807692307692 0.5120192307692307 0.4879807692307692
0 0.4471153846153847 0.5336538461538461 0.35096153846153844 0.5336538461538461 0.35096153846153855 0.5817307692307693 0.44711538461538475 0.5817307692307693
0 1 0.48557692307692324 0.8990384615384616 0.48557692307692324 0.8990384615384616 0.5360576923076924 1 0.5360576923076924
0 0.358173076923077 0.5120192307692307 0.26682692307692313 0.5120192307692307 0.26682692307692313 0.5721153846153846 0.35817307692307704 0.5721153846153846
0 0.9879807692307693 0.26682692307692324 0.8725961538461539 0.26682692307692324 0.8725961538461539 0.32932692307692324 0.9879807692307693 0.32932692307692324
0 0.3028846153846155 0.7596153846153846 0.1658653846153847 0.7596153846153846 0.1658653846153847 0.8125 0.3028846153846155 0.8125
0 0.9855769230769231 0.012019230769230884 0.8942307692307693 0.012019230769230881 0.8942307692307693 0.06250000000000011 0.9855769230769231 0.06250000000000012
0 0.24278846153846156 0.23798076923076922 0.1418269230769231 0.23798076923076922 0.1418269230769231 0.2932692307692308 0.24278846153846162 0.2932692307692308
0 0.16346153846153852 0.7163461538461539 0.06250000000000008 0.7163461538461539 0.06250000000000008 0.7620192307692307 0.16346153846153852 0.7620192307692307