0 0.20432692307692307 0.09615384615384617 0.1201923076923077 0.09615384615384616 0.12019230769230771 0.18028846153846154 0.20432692307692307 0.18028846153846154
0 0.90625 0.07692307692307702 0.8629807692307693 0.07692307692307702 0.8629807692307693 0.12259615384615395 0.90625 0.12259615384615395
0 0.7908653846153846 0.07932692307692318 0.7259615384615384 0.07932692307692318 0.7259615384615384 0.16105769230769237 0.7908653846153846 0.16105769230769237
0 0.9038461538461539 0.10336538461538472 0.8581730769230769 0.10336538461538472 0.8581730769230769 0.15625000000000014 0.9038461538461539 0.15625000000000014
0 0.6923076923076923 0.1346153846153847 0.6442307692307693 0.1346153846153847 0.6442307692307693 0.19230769230769237 0.6923076923076923 0.19230769230769237
0 0.8485576923076923 0.13221153846153857 0.8004807692307693 0.13221153846153857 0.8004807692307693 0.18990384615384626 0.8485576923076923 0.18990384615384628
0 0.6105769230769231 7.212463119978402e-17 0.5673076923076923 6.947515495162868e-17 0.5673076923076923 0.028846153846153917 0.6105769230769231 0.028846153846153924
0 0.5504807692307693 0.2067307692307693 0.5120192307692307 0.2067307692307693 0.5120192307692307 0.24278846153846162 0.5504807692307693 0.24278846153846162
0 0.42788461538461536 0.3028846153846155 0.3557692307692308 0.3028846153846155 0.3557692307692308 0.3870192307692308 0.42788461538461536 0.3870192307692308
0 0.4807692307692308 0.32211538461538464 0.4375 0.32211538461538464 0.4375 0.37259615384615385 0.4807692307692308 0.37259615384615385
0 0.7355769230769231 0.31009615384615397 0.6658653846153846 0.31009615384615397 0.6658653846153846 0.38461538461538475 0.7355769230769231 0.38461538461538475
0 0.8942307692307693 0.3028846153846155 0.8100961538461539 0.3028846153846155 0.8100961538461539 0.38461538461538475 0.8942307692307693 0.38461538461538475
0 0.6706730769230769 0.3701923076923078 0.6033653846153846 0.3701923076923078 0.6033653846153846 0.44711538461538475 0.6706730769230769 0.44711538461538475
0 0.8365384615384616 0.38461538461538475 0.78125 0.38461538461538475 0.78125 0.45432692307692324 0.8365384615384616 0.45432692307692324
0 0.8389423076923077 0.4134615384615386 0.7884615384615384 0.4134615384615386 0.7884615384615384 0.4639423076923078 0.8389423076923077 0.4639423076923078
0 0.6298076923076923 0.45432692307692324 0.5817307692307693 0.45432692307692324 0.5817307692307693 0.5192307692307694 0.6298076923076923 0.5192307692307694
0 0.6129807692307693 0.4639423076923078 0.5649038461538461 0.4639423076923078 0.5649038461538461 0.528846153846154 0.6129807692307693 0.528846153846154
0 0.3629807692307693 0.5 0.2908653846153847 0.5 0.2908653846153847 0.5769230769230769 0.3629807692307694 0.5769230769230769
0 0.7668269230769231 0.4759615384615386 0.7259615384615384 0.4759615384615386 0.7259615384615384 0.5240384615384617 0.7668269230769231 0.5240384615384617
0 0.7427884615384616 0.47355769230769246 0.6923076923076923 0.47355769230769246 0.6923076923076923 0.5360576923076924 0.7427884615384616 0.5360576923076924
0 0.6394230769230769 0.5048076923076924 0.59375 0.5048076923076924 0.5937500000000001 0.5673076923076924 0.6394230769230769 0.5673076923076924
0 0.6009615384615385 0.5264423076923078 0.5600961538461539 0.5264423076923078 0.560096153846154 0.5721153846153848 0.6009615384615385 0.5721153846153848
0 0.7331730769230769 0.5240384615384617 0.6875 0.5240384615384617 0.6875 0.5793269230769232 0.7331730769230769 0.5793269230769232
0 0.47355769230769246 0.5961538461538461 0.4302884615384617 0.5961538461538461 0.4302884615384617 0.6490384615384616 0.47355769230769246 0.6490384615384616
0 0.6658653846153846 0.5793269230769232 0.6201923076923077 0.5793269230769232 0.6201923076923077 0.6370192307692307 0.6658653846153846 0.6370192307692307
0 0.6706730769230769 0.5865384615384617 0.6129807692307694 0.5865384615384617 0.6129807692307694 0.6634615384615384 0.6706730769230769 0.6634615384615384
0 0.42307692307692324 0.6418269230769231 0.3750000000000001 0.6418269230769231 0.3750000000000001 0.6971153846153846 0.42307692307692324 0.6971153846153846
0 0.5793269230769232 0.6634615384615384 0.512019230769231 0.6634615384615384 0.512019230769231 0.7331730769230769 0.5793269230769232 0.7331730769230769
0 0.2692307692307693 0.7043269230769231 0.21394230769230776 0.7043269230769231 0.21394230769230776 0.7788461538461539 0.2692307692307693 0.7788461538461539
0 0.6634615384615384 0.6634615384615384 0.6081730769230771 0.6634615384615384 0.6081730769230771 0.7331730769230769 0.6634615384615384 0.7331730769230769
0 0.41105769230769246 0.7427884615384616 0.3677884615384617 0.7427884615384616 0.3677884615384617 0.8052884615384616 0.41105769230769246 0.8052884615384616
0 0.591346153846154 0.71875 0.5264423076923078 0.71875 0.5264423076923078 0.8004807692307693 0.591346153846154 0.8004807692307693
0 0.5456730769230771 0.7307692307692307 0.47355769230769246 0.7307692307692307 0.47355769230769246 0.8076923076923077 0.5456730769230771 0.8076923076923077
0 0.37980769230769246 0.8173076923076923 0.3125000000000001 0.8173076923076923 0.3125000000000001 0.8942307692307693 0.37980769230769246 0.8942307692307693
0 0.12259615384615395 0.8701923076923077 0.08413461538461549 0.8701923076923077 0.08413461538461549 0.9134615384615384 0.12259615384615395 0.9134615384615384
0 0.4807692307692309 0.8197115384615384 0.44230769230769246 0.8197115384615384 0.44230769230769246 0.8774038461538461 0.4807692307692309 0.8774038461538461
0 0.42788461538461553 0.8221153846153846 0.36057692307692324 0.8221153846153846 0.36057692307692324 0.8990384615384616 0.42788461538461553 0.8990384615384616
0 0.6105769230769232 0.8365384615384616 0.5576923076923078 0.8365384615384616 0.5576923076923078 0.9038461538461539 0.6105769230769232 0.9038461538461539
0 0.32932692307692324 0.90625 0.28605769230769246 0.90625 0.28605769230769246 0.9639423076923077 0.32932692307692324 0.9639423076923077