0 0.2908653846153847 0.5432692307692307 0.264423076923077 0.5432692307692307 0.264423076923077 0.5649038461538461 0.2908653846153847 0.5649038461538461
0 0.31009615384615397 0.5769230769230769 0.2716346153846155 0.5769230769230769 0.2716346153846155 0.6081730769230769 0.31009615384615397 0.6081730769230769
0 0.35096153846153844 0.5168269230769231 0.32211538461538464 0.5168269230769231 0.32211538461538464 0.5408653846153846 0.35096153846153844 0.5408653846153846
0 0.35336538461538464 0.43509615384615385 0.31971153846153844 0.43509615384615385 0.31971153846153844 0.45913461538461536 0.35336538461538464 0.45913461538461536
0 0.41586538461538475 0.6971153846153846 0.38461538461538475 0.6971153846153846 0.38461538461538475 0.7211538461538461 0.41586538461538475 0.7211538461538461
0 0.3701923076923077 0.44711538461538464 0.34615384615384615 0.44711538461538464 0.34615384615384615 0.47115384615384615 0.3701923076923077 0.47115384615384615
0 0.4278846153846155 0.5408653846153846 0.40384615384615385 0.5408653846153846 0.4038461538461539 0.5600961538461539 0.42788461538461553 0.5600961538461539
0 0.42788461538461536 0.4951923076923077 0.39663461538461536 0.4951923076923077 0.39663461538461536 0.5192307692307693 0.42788461538461536 0.5192307692307693
0 0.42788461538461536 0.3269230769230769 0.4110576923076923 0.3269230769230769 0.4110576923076923 0.3485576923076923 0.42788461538461536 0.3485576923076923
0 0.4375 0.2836538461538462 0.3942307692307692 0.2836538461538462 0.3942307692307692 0.31971153846153844 0.4375 0.31971153846153844
0 0.4807692307692308 0.4014423076923077 0.4567307692307692 0.4014423076923077 0.4567307692307692 0.4254807692307692 0.4807692307692308 0.4254807692307692
0 0.5024038461538461 0.4326923076923077 0.47115384615384615 0.4326923076923077 0.47115384615384615 0.4567307692307692 0.5024038461538461 0.4567307692307692
0 0.5384615384615385 0.5649038461538461 0.5048076923076924 0.5649038461538461 0.5048076923076924 0.59375 0.5384615384615385 0.59375
0 0.5048076923076923 0.29326923076923084 0.4735576923076923 0.29326923076923084 0.4735576923076923 0.31971153846153844 0.5048076923076923 0.31971153846153844
0 0.5480769230769231 0.5144230769230769 0.5120192307692307 0.5144230769230769 0.5120192307692307 0.5408653846153846 0.5480769230769231 0.5408653846153846
0 0.5336538461538461 0.42788461538461536 0.49759615384615385 0.42788461538461536 0.49759615384615385 0.45913461538461536 0.5336538461538461 0.45913461538461536
0 0.5360576923076923 0.4110576923076923 0.5 0.4110576923076923 0.5 0.4326923076923077 0.5360576923076923 0.4326923076923077
0 0.5240384615384616 0.2596153846153847 0.4855769230769231 0.2596153846153847 0.4855769230769231 0.2908653846153847 0.5240384615384616 0.2908653846153847
0 0.5504807692307693 0.38461538461538464 0.5120192307692307 0.38461538461538464 0.5120192307692307 0.41586538461538464 0.5504807692307693 0.41586538461538464
0 0.6225961538461539 0.7427884615384616 0.591346153846154 0.7427884615384616 0.591346153846154 0.7668269230769231 0.6225961538461539 0.7668269230769231
0 0.5576923076923077 0.29807692307692313 0.5168269230769231 0.29807692307692313 0.5168269230769231 0.33653846153846156 0.5576923076923077 0.33653846153846156
0 0.5721153846153846 0.28125000000000006 0.5336538461538461 0.28125000000000006 0.5336538461538461 0.31250000000000006 0.5721153846153846 0.3125000000000001
0 0.6009615384615384 0.295673076923077 0.5625 0.295673076923077 0.5625 0.32692307692307704 0.6009615384615384 0.32692307692307704
0 0.6033653846153846 0.3389423076923078 0.5745192307692307 0.3389423076923078 0.5745192307692307 0.3677884615384617 0.6033653846153846 0.3677884615384617
0 0.6081730769230769 0.28125000000000006 0.5697115384615384 0.28125000000000006 0.5697115384615384 0.3076923076923078 0.6081730769230769 0.3076923076923078
0 0.6370192307692307 0.44230769230769246 0.6105769230769231 0.44230769230769246 0.6105769230769231 0.46634615384615397 0.6370192307692307 0.46634615384615397
0 0.6514423076923077 0.42788461538461553 0.6201923076923077 0.42788461538461553 0.6201923076923077 0.4567307692307694 0.6514423076923077 0.4567307692307694
0 0.6706730769230769 0.5360576923076924 0.6466346153846154 0.5360576923076924 0.6466346153846154 0.5576923076923078 0.6706730769230769 0.5576923076923078
0 0.6971153846153846 0.605769230769231 0.6610576923076923 0.605769230769231 0.6610576923076923 0.6346153846153846 0.6971153846153846 0.6346153846153846
0 0.6538461538461539 0.29807692307692313 0.625 0.29807692307692313 0.625 0.32211538461538475 0.6538461538461539 0.32211538461538475
0 0.6971153846153846 0.5625000000000001 0.6778846153846154 0.5625000000000001 0.6778846153846154 0.5793269230769232 0.6971153846153846 0.5793269230769232
0 0.6658653846153846 0.3125000000000001 0.6346153846153846 0.3125000000000001 0.6346153846153846 0.3365384615384617 0.6658653846153846 0.3365384615384617
0 0.7139423076923077 0.3677884615384617 0.6826923076923077 0.3677884615384617 0.6826923076923077 0.3870192307692309 0.7139423076923077 0.3870192307692309
0 0.7091346153846154 0.33413461538461553 0.6778846153846154 0.33413461538461553 0.6778846153846154 0.3557692307692309 0.7091346153846154 0.3557692307692309
0 0.7307692307692307 0.4014423076923078 0.6923076923076923 0.4014423076923078 0.6923076923076923 0.4302884615384617 0.7307692307692307 0.4302884615384617
0 0.7524038461538461 0.5456730769230771 0.7235576923076923 0.5456730769230771 0.7235576923076923 0.5673076923076924 0.7524038461538461 0.5673076923076924
0 0.7572115384615384 0.4302884615384617 0.7379807692307693 0.4302884615384617 0.7379807692307693 0.44711538461538475 0.7572115384615384 0.44711538461538475
0 0.7908653846153846 0.4567307692307694 0.7596153846153846 0.4567307692307694 0.7596153846153846 0.47836538461538475 0.7908653846153846 0.47836538461538475
0 0.7884615384615384 0.3750000000000001 0.7596153846153846 0.3750000000000001 0.7596153846153846 0.38942307692307704 0.7884615384615384 0.38942307692307704
0 0.8004807692307693 0.37259615384615397 0.7644230769230769 0.37259615384615397 0.7644230769230769 0.4014423076923078 0.8004807692307693 0.4014423076923078
0 0.875 0.5841346153846155 0.8461538461538461 0.5841346153846155 0.8461538461538461 0.6081730769230771 0.875 0.6081730769230771
0 0.8990384615384616 0.5192307692307694 0.8677884615384616 0.5192307692307694 0.8677884615384616 0.543269230769231 0.8990384615384616 0.543269230769231
0 0.9182692307692307 0.6201923076923077 0.8894230769230769 0.6201923076923077 0.8894230769230769 0.6418269230769231 0.9182692307692307 0.6418269230769231