0 0.4879807692307692 0.15865384615384623 0.46634615384615385 0.15865384615384623 0.46634615384615385 0.1850961538461539 0.4879807692307692 0.1850961538461539
0 0.5625 0.20432692307692316 0.5408653846153846 0.20432692307692316 0.5408653846153846 0.23557692307692316 0.5625 0.23557692307692316
0 0.5168269230769231 0.20432692307692316 0.49759615384615385 0.20432692307692316 0.49759615384615385 0.2475961538461539 0.5168269230769231 0.2475961538461539
0 0.39663461538461536 0.2283653846153847 0.38221153846153844 0.2283653846153847 0.38221153846153844 0.26682692307692313 0.39663461538461536 0.26682692307692313
0 0.5721153846153846 0.23557692307692316 0.5528846153846154 0.23557692307692316 0.5528846153846154 0.264423076923077 0.5721153846153846 0.264423076923077
0 0.44711538461538464 0.24278846153846162 0.41586538461538464 0.24278846153846162 0.41586538461538464 0.2716346153846155 0.44711538461538464 0.2716346153846155
0 0.49759615384615385 0.25721153846153855 0.47836538461538464 0.25721153846153855 0.47836538461538464 0.28125000000000006 0.49759615384615385 0.28125000000000006
0 0.625 0.2788461538461539 0.6105769230769231 0.2788461538461539 0.6105769230769231 0.31009615384615397 0.625 0.31009615384615397
0 0.46634615384615385 0.28125000000000006 0.4519230769230769 0.28125000000000006 0.4519230769230769 0.31971153846153844 0.46634615384615385 0.31971153846153844
0 0.39663461538461536 0.29326923076923084 0.37740384615384615 0.29326923076923084 0.37740384615384615 0.3245192307692308 0.39663461538461536 0.3245192307692308
0 0.4831730769230769 0.2908653846153847 0.47115384615384615 0.2908653846153847 0.47115384615384615 0.3293269230769231 0.4831730769230769 0.3293269230769231
0 0.6081730769230769 0.3004807692307693 0.5889423076923077 0.3004807692307693 0.5889423076923077 0.32932692307692324 0.6081730769230769 0.32932692307692324
0 0.3894230769230769 0.002403846153846198 0.3269230769230769 0.0024038461538461943 0.3269230769230769 0.06250000000000004 0.3894230769230769 0.06250000000000006
0 0.5336538461538461 0.3245192307692308 0.5168269230769231 0.3245192307692308 0.5168269230769231 0.35336538461538464 0.5336538461538461 0.35336538461538464
0 0.43990384615384615 0.3293269230769231 0.42788461538461536 0.3293269230769231 0.42788461538461536 0.3557692307692308 0.43990384615384615 0.3557692307692308
0 0.6418269230769231 0.3437500000000001 0.6153846153846154 0.3437500000000001 0.6153846153846154 0.3750000000000001 0.6418269230769231 0.3750000000000001
0 0.6009615384615384 0.34134615384615397 0.5889423076923077 0.34134615384615397 0.5889423076923077 0.37980769230769246 0.6009615384615384 0.37980769230769246
0 0.5913461538461539 0.3557692307692309 0.5745192307692307 0.3557692307692309 0.5745192307692307 0.3822115384615386 0.5913461538461539 0.3822115384615386
0 0.2836538461538462 0.3605769230769231 0.2692307692307693 0.3605769230769231 0.2692307692307693 0.3894230769230769 0.2836538461538462 0.3894230769230769
0 0.4326923076923077 0.36778846153846156 0.41586538461538464 0.36778846153846156 0.41586538461538464 0.3942307692307692 0.4326923076923077 0.3942307692307692
0 0.6274038461538461 0.3774038461538463 0.6129807692307693 0.3774038461538463 0.6129807692307693 0.4086538461538463 0.6274038461538461 0.4086538461538463
0 0.5961538461538461 0.3822115384615386 0.5817307692307693 0.3822115384615386 0.5817307692307693 0.41105769230769246 0.5961538461538461 0.41105769230769246
0 0.3389423076923077 0.3870192307692308 0.31971153846153844 0.3870192307692308 0.31971153846153844 0.41346153846153844 0.3389423076923077 0.41346153846153844
0 0.4254807692307692 0.3918269230769231 0.40865384615384615 0.3918269230769231 0.40865384615384615 0.4182692307692308 0.4254807692307692 0.4182692307692308
0 0.5504807692307693 0.4110576923076923 0.5384615384615384 0.4110576923076923 0.5384615384615384 0.43990384615384615 0.5504807692307693 0.43990384615384615
0 0.6514423076923077 0.4182692307692309 0.6394230769230769 0.4182692307692309 0.6394230769230769 0.4495192307692309 0.6514423076923077 0.4495192307692309
0 0.5769230769230769 0.42307692307692324 0.5649038461538461 0.42307692307692324 0.5649038461538461 0.4495192307692309 0.5769230769230769 0.4495192307692309
0 0.4951923076923077 0.4230769230769231 0.4807692307692308 0.4230769230769231 0.4807692307692308 0.4495192307692308 0.4951923076923077 0.4495192307692308
0 0.5456730769230769 0.43028846153846156 0.5288461538461539 0.43028846153846156 0.5288461538461539 0.4519230769230769 0.5456730769230769 0.4519230769230769
0 0.5048076923076923 0.4375 0.47836538461538464 0.4375 0.47836538461538464 0.46634615384615385 0.5048076923076923 0.46634615384615385
0 0.3581730769230769 0.43990384615384615 0.3317307692307692 0.43990384615384615 0.3317307692307692 0.4639423076923077 0.3581730769230769 0.4639423076923077
0 0.4423076923076923 0.4543269230769231 0.43028846153846156 0.4543269230769231 0.43028846153846156 0.4807692307692308 0.4423076923076923 0.4807692307692308
0 0.5504807692307693 0.47596153846153844 0.5360576923076923 0.47596153846153844 0.5360576923076923 0.5072115384615384 0.5504807692307693 0.5072115384615384
0 0.6009615384615384 0.5024038461538463 0.5865384615384616 0.5024038461538463 0.5865384615384616 0.528846153846154 0.6009615384615384 0.528846153846154
0 0.6225961538461539 0.5024038461538463 0.6081730769230769 0.5024038461538463 0.6081730769230769 0.528846153846154 0.6225961538461539 0.528846153846154
0 0.6971153846153846 0.5264423076923078 0.6850961538461539 0.5264423076923078 0.6850961538461539 0.5576923076923078 0.6971153846153846 0.5576923076923078
0 0.40865384615384615 0.5288461538461539 0.3870192307692308 0.5288461538461539 0.3870192307692308 0.5552884615384616 0.40865384615384615 0.5552884615384616
0 0.625 0.5480769230769232 0.6057692307692307 0.5480769230769232 0.6057692307692308 0.5793269230769232 0.625 0.5793269230769232
0 0.6682692307692307 0.5625000000000001 0.6514423076923077 0.5625000000000001 0.6514423076923077 0.591346153846154 0.6682692307692307 0.591346153846154
0 0.7740384615384616 0.605769230769231 0.75 0.605769230769231 0.75 0.6298076923076923 0.7740384615384616 0.6298076923076923
0 0.4951923076923078 0.6610576923076923 0.4759615384615386 0.6610576923076923 0.4759615384615386 0.6899038461538461 0.4951923076923078 0.6899038461538461