0 0.40384615384615397 0.6730769230769231 0.33413461538461553 0.6730769230769231 0.33413461538461553 0.7067307692307693 0.40384615384615397 0.7067307692307693
0 0.34615384615384615 0.27644230769230776 0.3004807692307692 0.27644230769230776 0.3004807692307693 0.3004807692307693 0.34615384615384615 0.3004807692307693
0 0.4062500000000001 0.7067307692307693 0.36057692307692324 0.7067307692307693 0.36057692307692324 0.7355769230769231 0.4062500000000001 0.7355769230769231
0 0.3557692307692308 0.2475961538461539 0.3125 0.2475961538461539 0.3125 0.2740384615384616 0.3557692307692308 0.2740384615384616
0 0.3918269230769231 0.39663461538461536 0.3317307692307692 0.39663461538461536 0.3317307692307692 0.43509615384615385 0.3918269230769231 0.43509615384615385
0 0.3918269230769231 0.23557692307692316 0.34615384615384615 0.23557692307692316 0.34615384615384615 0.26682692307692313 0.3918269230769231 0.26682692307692313
0 0.4254807692307692 0.43509615384615385 0.36538461538461536 0.43509615384615385 0.36538461538461536 0.4639423076923077 0.4254807692307692 0.4639423076923077
0 0.4423076923076923 0.2860576923076924 0.39663461538461536 0.2860576923076924 0.39663461538461536 0.31971153846153844 0.4423076923076923 0.31971153846153844
0 0.46153846153846156 0.39903846153846156 0.4014423076923077 0.39903846153846156 0.4014423076923077 0.4326923076923077 0.46153846153846156 0.4326923076923077
0 0.5000000000000001 0.7668269230769231 0.4567307692307694 0.7668269230769231 0.4567307692307694 0.8004807692307693 0.5000000000000001 0.8004807692307693
0 0.4375 0.14663461538461545 0.37740384615384615 0.14663461538461542 0.37740384615384615 0.18269230769230776 0.4375 0.18269230769230776
0 0.4855769230769231 0.46153846153846156 0.4206730769230769 0.46153846153846156 0.4206730769230769 0.49759615384615385 0.4855769230769231 0.49759615384615385
0 0.44711538461538464 0.10817307692307697 0.3798076923076923 0.10817307692307696 0.3798076923076923 0.14182692307692313 0.44711538461538464 0.14182692307692316
0 0.4951923076923078 0.5600961538461539 0.43509615384615397 0.5600961538461539 0.43509615384615397 0.5961538461538461 0.4951923076923078 0.5961538461538461
0 0.46875 0.29326923076923084 0.4230769230769231 0.29326923076923084 0.4230769230769231 0.3245192307692308 0.46875 0.3245192307692308
0 0.4951923076923077 0.49278846153846156 0.44471153846153844 0.49278846153846156 0.44471153846153844 0.5216346153846154 0.4951923076923077 0.5216346153846154
0 0.5288461538461539 0.5024038461538461 0.47115384615384615 0.5024038461538461 0.47115384615384615 0.5408653846153846 0.5288461538461539 0.5408653846153846
0 0.560096153846154 0.7259615384615384 0.5048076923076924 0.7259615384615384 0.5048076923076924 0.7596153846153846 0.560096153846154 0.7596153846153846
0 0.5264423076923077 0.3389423076923077 0.46634615384615385 0.3389423076923077 0.46634615384615385 0.3701923076923077 0.5264423076923077 0.3701923076923077
0 0.5360576923076923 0.15865384615384623 0.47836538461538464 0.15865384615384623 0.47836538461538464 0.18750000000000006 0.5360576923076923 0.18750000000000006
0 0.5480769230769231 0.24519230769230776 0.49759615384615385 0.24519230769230776 0.49759615384615385 0.28125000000000006 0.5480769230769231 0.28125000000000006
0 0.5985576923076923 0.4567307692307693 0.5120192307692307 0.4567307692307692 0.5120192307692307 0.4903846153846155 0.5985576923076923 0.49038461538461553
0 0.5552884615384616 0.13221153846153852 0.5048076923076923 0.13221153846153852 0.5048076923076923 0.16105769230769237 0.5552884615384616 0.16105769230769237
0 0.5360576923076923 0.014423076923076985 0.4855769230769231 0.014423076923076983 0.4855769230769231 0.05288461538461545 0.5360576923076923 0.052884615384615453
0 0.6129807692307694 0.7331730769230769 0.560096153846154 0.7331730769230769 0.560096153846154 0.7620192307692307 0.6129807692307694 0.7620192307692307
0 0.5673076923076923 0.17067307692307698 0.5168269230769231 0.17067307692307698 0.5168269230769231 0.19471153846153852 0.5673076923076923 0.19471153846153852
0 0.6298076923076923 0.5865384615384617 0.5697115384615385 0.5865384615384617 0.5697115384615385 0.6201923076923077 0.6298076923076923 0.6201923076923077
0 0.6466346153846154 0.5264423076923078 0.5721153846153846 0.5264423076923078 0.5721153846153847 0.5649038461538463 0.6466346153846154 0.5649038461538463
0 0.5961538461538461 0.15144230769230776 0.5504807692307693 0.15144230769230776 0.5504807692307693 0.18028846153846162 0.5961538461538461 0.18028846153846162
0 0.6514423076923077 0.1658653846153847 0.5889423076923077 0.1658653846153847 0.5889423076923077 0.20192307692307698 0.6514423076923077 0.20192307692307698
0 0.6298076923076923 0.026442307692307765 0.5889423076923077 0.02644230769230776 0.5889423076923077 0.05528846153846161 0.6298076923076923 0.05528846153846163
0 0.6850961538461539 0.47836538461538475 0.6201923076923077 0.47836538461538475 0.6201923076923077 0.5096153846153848 0.6850961538461539 0.5096153846153848
0 0.6971153846153846 0.35817307692307704 0.6322115384615384 0.35817307692307704 0.6322115384615384 0.3990384615384617 0.6971153846153846 0.3990384615384617
0 0.6850961538461539 0.1129807692307693 0.6298076923076923 0.1129807692307693 0.6298076923076923 0.14182692307692316 0.6850961538461539 0.14182692307692316
0 0.7355769230769231 0.024038461538461627 0.6826923076923077 0.024038461538461623 0.6826923076923077 0.05288461538461547 0.7355769230769231 0.05288461538461547
0 0.8197115384615384 0.28125000000000006 0.7548076923076923 0.28125000000000006 0.7548076923076923 0.31730769230769246 0.8197115384615384 0.31730769230769246
0 0.8004807692307693 0.0625000000000001 0.7403846153846154 0.06250000000000008 0.7403846153846154 0.09855769230769242 0.8004807692307693 0.09855769230769242
0 0.9038461538461539 0.2668269230769232 0.8245192307692307 0.26682692307692313 0.8245192307692307 0.3125000000000001 0.9038461538461539 0.3125000000000001