0 0.7596153846153846 0.4254807692307694 0.7235576923076923 0.4254807692307694 0.7235576923076923 0.4447115384615386 0.7596153846153846 0.4447115384615386
0 0.7115384615384616 0.5480769230769232 0.6730769230769231 0.5480769230769232 0.6730769230769231 0.5697115384615385 0.7115384615384616 0.5697115384615385
0 0.6370192307692307 0.4062500000000001 0.5913461538461539 0.4062500000000001 0.5913461538461539 0.4254807692307694 0.6370192307692307 0.4254807692307694
0 0.6370192307692307 0.4759615384615386 0.6081730769230769 0.4759615384615386 0.6081730769230769 0.5000000000000001 0.6370192307692307 0.5000000000000001
0 0.6153846153846154 0.3533653846153847 0.5552884615384616 0.35336538461538464 0.5552884615384616 0.38701923076923084 0.6153846153846154 0.3870192307692309
0 0.5985576923076923 0.44951923076923084 0.5480769230769231 0.4495192307692308 0.5480769230769231 0.4735576923076924 0.5985576923076923 0.47355769230769246
0 0.6081730769230771 0.5889423076923077 0.5480769230769232 0.5889423076923077 0.5480769230769232 0.6225961538461539 0.6081730769230771 0.6225961538461539
0 0.5841346153846155 0.560096153846154 0.5576923076923078 0.5600961538461539 0.5576923076923078 0.576923076923077 0.5841346153846155 0.5769230769230771
0 0.5168269230769231 0.4567307692307692 0.49278846153846156 0.4567307692307692 0.49278846153846156 0.46875 0.5168269230769231 0.46875
0 0.5120192307692307 0.3870192307692308 0.47596153846153844 0.3870192307692308 0.47596153846153844 0.41586538461538464 0.5120192307692307 0.41586538461538464
0 0.5528846153846155 0.5961538461538461 0.5024038461538463 0.5961538461538461 0.5024038461538463 0.6201923076923077 0.5528846153846155 0.6201923076923077
0 0.5288461538461539 0.47836538461538464 0.47836538461538464 0.47836538461538464 0.47836538461538464 0.5072115384615384 0.5288461538461539 0.5072115384615384
0 0.5264423076923077 0.5360576923076923 0.47115384615384615 0.5360576923076923 0.4711538461538462 0.5625 0.5264423076923078 0.5625
0 0.47836538461538464 0.3485576923076923 0.42788461538461536 0.3485576923076923 0.42788461538461536 0.37740384615384615 0.47836538461538464 0.37740384615384615
0 0.46634615384615385 0.3701923076923077 0.43990384615384615 0.3701923076923077 0.43990384615384615 0.38461538461538464 0.46634615384615385 0.38461538461538464
0 0.5096153846153848 0.6298076923076923 0.48317307692307704 0.6298076923076923 0.48317307692307704 0.6514423076923077 0.5096153846153848 0.6514423076923077
0 0.4831730769230769 0.5072115384615384 0.4495192307692308 0.5072115384615384 0.4495192307692308 0.53125 0.4831730769230769 0.53125
0 0.4567307692307692 0.37740384615384615 0.40384615384615385 0.37740384615384615 0.40384615384615385 0.4014423076923077 0.4567307692307692 0.4014423076923077
0 0.4375 0.3485576923076923 0.40625 0.3485576923076923 0.40625 0.36538461538461536 0.4375 0.36538461538461536
0 0.4495192307692308 0.43990384615384615 0.43028846153846156 0.43990384615384615 0.43028846153846156 0.4543269230769231 0.4495192307692308 0.4543269230769231
0 0.43028846153846156 0.3870192307692308 0.3894230769230769 0.3870192307692308 0.3894230769230769 0.40625 0.43028846153846156 0.40625
0 0.43028846153846156 0.49038461538461536 0.4014423076923077 0.49038461538461536 0.4014423076923077 0.5048076923076923 0.43028846153846156 0.5048076923076923
0 0.39663461538461536 0.39903846153846156 0.3557692307692308 0.39903846153846156 0.3557692307692308 0.4182692307692308 0.39663461538461536 0.4182692307692308
0 0.39903846153846156 0.4423076923076923 0.3701923076923077 0.4423076923076923 0.3701923076923077 0.4639423076923077 0.39903846153846156 0.4639423076923077
0 0.40384615384615385 0.4254807692307692 0.3485576923076923 0.4254807692307692 0.3485576923076923 0.4519230769230769 0.40384615384615385 0.4519230769230769
0 0.3870192307692308 0.4110576923076923 0.33653846153846156 0.4110576923076923 0.33653846153846156 0.43509615384615385 0.3870192307692308 0.43509615384615385
0 0.37740384615384615 0.5048076923076923 0.34615384615384615 0.5048076923076923 0.34615384615384615 0.5240384615384616 0.37740384615384615 0.5240384615384616
0 0.39663461538461553 0.6177884615384616 0.36057692307692324 0.6177884615384616 0.36057692307692324 0.6466346153846154 0.39663461538461553 0.6466346153846154
0 0.37259615384615385 0.46634615384615385 0.3173076923076923 0.46634615384615385 0.3173076923076923 0.5 0.37259615384615385 0.5
0 0.3293269230769231 0.4110576923076923 0.3004807692307693 0.4110576923076923 0.3004807692307693 0.42788461538461536 0.3293269230769231 0.42788461538461536
0 0.3317307692307692 0.44711538461538464 0.2716346153846155 0.44711538461538464 0.2716346153846155 0.47596153846153844 0.3317307692307692 0.47596153846153844
0 0.34855769230769246 0.6153846153846154 0.3028846153846155 0.6153846153846154 0.3028846153846155 0.6418269230769231 0.34855769230769246 0.6418269230769231
0 0.3245192307692308 0.5120192307692307 0.2692307692307693 0.5120192307692307 0.2692307692307693 0.5384615384615384 0.3245192307692308 0.5384615384615384
0 0.3149038461538463 0.5649038461538461 0.2860576923076924 0.5649038461538461 0.2860576923076924 0.5817307692307693 0.3149038461538463 0.5817307692307693
0 0.3173076923076924 0.5480769230769231 0.26201923076923084 0.5480769230769231 0.26201923076923084 0.5697115384615384 0.31730769230769246 0.5697115384615384
0 0.29326923076923084 0.4807692307692308 0.24278846153846162 0.4807692307692308 0.24278846153846162 0.5072115384615384 0.29326923076923084 0.5072115384615384
0 0.2596153846153847 0.46153846153846156 0.22115384615384623 0.46153846153846156 0.22115384615384623 0.4855769230769231 0.2596153846153847 0.4855769230769231
0 0.2524038461538462 0.5697115384615384 0.2283653846153847 0.5697115384615384 0.2283653846153847 0.5865384615384616 0.2524038461538462 0.5865384615384616
0 0.5600961538461539 0.02884615384615391 0.5096153846153846 0.028846153846153907 0.5096153846153846 0.07211538461538468 0.5600961538461539 0.07211538461538468