0 0.7644230769230769 0.5336538461538463 0.7283653846153846 0.5336538461538463 0.7283653846153846 0.5528846153846155 0.7644230769230769 0.5528846153846155
0 0.6658653846153846 0.625 0.6298076923076923 0.625 0.6298076923076923 0.6466346153846154 0.6658653846153846 0.6466346153846154
0 0.6634615384615384 0.45913461538461553 0.6153846153846154 0.45913461538461553 0.6153846153846154 0.4879807692307694 0.6634615384615384 0.4879807692307694
0 0.6298076923076923 0.528846153846154 0.5985576923076923 0.528846153846154 0.5985576923076923 0.5528846153846155 0.6298076923076923 0.5528846153846155
0 0.6610576923076923 0.40384615384615397 0.6033653846153846 0.40384615384615397 0.6033653846153846 0.4375000000000001 0.6610576923076923 0.4375000000000001
0 0.6105769230769231 0.483173076923077 0.5576923076923077 0.4831730769230769 0.5576923076923077 0.5096153846153847 0.6105769230769231 0.5096153846153848
0 0.5552884615384617 0.6129807692307693 0.4951923076923078 0.6129807692307693 0.4951923076923078 0.6442307692307693 0.5552884615384617 0.6442307692307693
0 0.5504807692307694 0.5841346153846154 0.5240384615384617 0.5841346153846154 0.5240384615384617 0.6033653846153846 0.5504807692307694 0.6033653846153846
0 0.5360576923076923 0.4567307692307692 0.5096153846153846 0.4567307692307692 0.5096153846153846 0.4735576923076923 0.5360576923076923 0.4735576923076923
0 0.5528846153846154 0.3894230769230769 0.5144230769230769 0.3894230769230769 0.5144230769230769 0.4206730769230769 0.5528846153846154 0.4206730769230769
0 0.5000000000000001 0.5985576923076923 0.45192307692307704 0.5985576923076923 0.45192307692307704 0.6225961538461539 0.5000000000000001 0.6225961538461539
0 0.53125 0.4807692307692308 0.4831730769230769 0.4807692307692308 0.4831730769230769 0.5096153846153846 0.53125 0.5096153846153846
0 0.5024038461538461 0.5288461538461539 0.4495192307692308 0.5288461538461539 0.4495192307692308 0.5576923076923077 0.5024038461538461 0.5576923076923077
0 0.5408653846153846 0.3389423076923077 0.49278846153846156 0.3389423076923077 0.49278846153846156 0.36778846153846156 0.5408653846153846 0.36778846153846156
0 0.5216346153846154 0.3605769230769231 0.4951923076923077 0.3605769230769231 0.4951923076923077 0.375 0.5216346153846154 0.375
0 0.4495192307692309 0.6153846153846154 0.42307692307692324 0.6153846153846154 0.42307692307692324 0.6346153846153846 0.4495192307692309 0.6346153846153846
0 0.4807692307692308 0.4879807692307692 0.44471153846153844 0.4879807692307692 0.44471153846153844 0.5168269230769231 0.4807692307692308 0.5168269230769231
0 0.5072115384615384 0.3581730769230769 0.4567307692307692 0.3581730769230769 0.4567307692307692 0.38221153846153844 0.5072115384615384 0.38221153846153844
0 0.5048076923076923 0.3293269230769231 0.4735576923076923 0.3293269230769231 0.4735576923076923 0.34615384615384615 0.5048076923076923 0.34615384615384615
0 0.47596153846153844 0.4206730769230769 0.4567307692307692 0.4206730769230769 0.4567307692307692 0.4326923076923077 0.47596153846153844 0.4326923076923077
0 0.4831730769230769 0.3557692307692308 0.43990384615384615 0.3557692307692308 0.43990384615384615 0.3798076923076923 0.4831730769230769 0.3798076923076923
0 0.4423076923076923 0.4543269230769231 0.4110576923076923 0.4543269230769231 0.4110576923076923 0.47115384615384615 0.4423076923076923 0.47115384615384615
0 0.4495192307692308 0.35336538461538464 0.40625 0.35336538461538464 0.40625 0.37740384615384615 0.4495192307692308 0.37740384615384615
0 0.43028846153846156 0.39903846153846156 0.4014423076923077 0.39903846153846156 0.4014423076923077 0.4206730769230769 0.43028846153846156 0.4206730769230769
0 0.43990384615384615 0.3798076923076923 0.3894230769230769 0.3798076923076923 0.3894230769230769 0.40625 0.43990384615384615 0.40625
0 0.4326923076923077 0.3581730769230769 0.38461538461538464 0.3581730769230769 0.38461538461538464 0.38461538461538464 0.4326923076923077 0.38461538461538464
0 0.3870192307692308 0.44471153846153844 0.35336538461538464 0.44471153846153844 0.35336538461538464 0.4639423076923077 0.3870192307692308 0.4639423076923077
0 0.3533653846153847 0.5552884615384616 0.31490384615384615 0.5552884615384616 0.3149038461538462 0.5865384615384616 0.35336538461538475 0.5865384615384616
0 0.3942307692307692 0.40625 0.34134615384615385 0.40625 0.34134615384615385 0.43509615384615385 0.3942307692307692 0.43509615384615385
0 0.37740384615384615 0.34134615384615385 0.35336538461538464 0.34134615384615385 0.35336538461538464 0.3581730769230769 0.37740384615384615 0.3581730769230769
0 0.3629807692307692 0.36778846153846156 0.3052884615384616 0.36778846153846156 0.3052884615384616 0.39663461538461536 0.3629807692307692 0.39663461538461536
0 0.31009615384615385 0.53125 0.264423076923077 0.53125 0.264423076923077 0.5552884615384616 0.31009615384615385 0.5552884615384616
0 0.3317307692307692 0.4254807692307692 0.28125000000000006 0.4254807692307692 0.28125000000000006 0.4519230769230769 0.3317307692307692 0.4519230769230769
0 0.3004807692307693 0.4735576923076923 0.2716346153846155 0.4735576923076923 0.2716346153846155 0.49278846153846156 0.3004807692307693 0.49278846153846156
0 0.31009615384615385 0.4519230769230769 0.2596153846153847 0.4519230769230769 0.2596153846153847 0.47596153846153844 0.31009615384615385 0.47596153846153844
0 0.31490384615384615 0.38221153846153844 0.2692307692307693 0.38221153846153844 0.2692307692307693 0.4110576923076923 0.31490384615384615 0.4110576923076923
0 0.29807692307692313 0.35096153846153844 0.2596153846153847 0.35096153846153844 0.2596153846153847 0.37740384615384615 0.29807692307692313 0.37740384615384615
0 0.24278846153846162 0.4519230769230769 0.21875000000000006 0.4519230769230769 0.21875000000000006 0.46875 0.24278846153846162 0.46875
0 0.75 0.08413461538461547 0.6971153846153846 0.08413461538461545 0.6971153846153846 0.12740384615384623 0.75 0.12740384615384626