0 0.3293269230769231 0.19230769230769237 0.29086538461538464 0.19230769230769237 0.29086538461538464 0.22596153846153852 0.3293269230769231 0.22596153846153852
0 0.3052884615384616 0.4182692307692308 0.264423076923077 0.4182692307692308 0.264423076923077 0.4543269230769231 0.3052884615384616 0.4543269230769231
0 0.31009615384615385 0.46634615384615385 0.26201923076923084 0.46634615384615385 0.26201923076923084 0.5024038461538461 0.31009615384615385 0.5024038461538461
0 0.4014423076923077 0.19230769230769237 0.35336538461538464 0.19230769230769237 0.35336538461538464 0.2283653846153847 0.4014423076923077 0.2283653846153847
0 0.43509615384615385 0.08894230769230774 0.39663461538461536 0.08894230769230772 0.39663461538461536 0.12500000000000006 0.43509615384615385 0.12500000000000006
0 0.3509615384615386 0.5793269230769231 0.3197115384615386 0.5793269230769231 0.3197115384615386 0.6081730769230769 0.3509615384615386 0.6081730769230769
0 0.4375 0.2548076923076924 0.3894230769230769 0.2548076923076924 0.3894230769230769 0.28846153846153855 0.4375 0.28846153846153855
0 0.3750000000000001 0.5793269230769231 0.34134615384615397 0.5793269230769231 0.34134615384615397 0.6033653846153846 0.3750000000000001 0.6033653846153846
0 0.4831730769230769 0.040865384615384664 0.4567307692307692 0.040865384615384664 0.4567307692307692 0.07451923076923082 0.4831730769230769 0.07451923076923082
0 0.43028846153846156 0.43990384615384615 0.37740384615384615 0.43990384615384615 0.37740384615384615 0.4807692307692308 0.43028846153846156 0.4807692307692308
0 0.5048076923076923 0.05048076923076929 0.47836538461538464 0.05048076923076928 0.47836538461538464 0.07932692307692314 0.5048076923076923 0.07932692307692314
0 0.4519230769230769 0.37740384615384615 0.41586538461538464 0.37740384615384615 0.41586538461538464 0.40865384615384615 0.4519230769230769 0.40865384615384615
0 0.5144230769230769 0.09134615384615391 0.47596153846153844 0.09134615384615391 0.47596153846153844 0.12500000000000006 0.5144230769230769 0.12500000000000006
0 0.43990384615384615 0.5216346153846154 0.39663461538461536 0.5216346153846154 0.39663461538461536 0.5528846153846154 0.43990384615384615 0.5528846153846154
0 0.44711538461538464 0.46153846153846156 0.4230769230769231 0.46153846153846156 0.4230769230769231 0.4831730769230769 0.44711538461538464 0.4831730769230769
0 0.5432692307692307 0.036057692307692374 0.5096153846153846 0.03605769230769237 0.5096153846153846 0.06250000000000007 0.5432692307692307 0.06250000000000007
0 0.4254807692307694 0.6418269230769231 0.3942307692307694 0.6418269230769231 0.3942307692307694 0.6682692307692307 0.4254807692307694 0.6682692307692307
0 0.46634615384615385 0.4495192307692308 0.43509615384615385 0.4495192307692308 0.43509615384615385 0.47836538461538464 0.46634615384615385 0.47836538461538464
0 0.5600961538461539 0.028846153846153914 0.5336538461538461 0.028846153846153914 0.5336538461538461 0.05769230769230776 0.5600961538461539 0.05769230769230776
0 0.4639423076923078 0.59375 0.4254807692307694 0.59375 0.4254807692307694 0.6201923076923077 0.4639423076923078 0.6201923076923077
0 0.49278846153846156 0.46153846153846156 0.4495192307692308 0.46153846153846156 0.4495192307692308 0.4951923076923077 0.49278846153846156 0.4951923076923077
0 0.53125 0.27644230769230776 0.49038461538461536 0.27644230769230776 0.49038461538461536 0.31490384615384615 0.53125 0.31490384615384615
0 0.4879807692307694 0.6081730769230769 0.4567307692307694 0.6081730769230769 0.4567307692307694 0.6274038461538461 0.4879807692307694 0.6274038461538461
0 0.5576923076923077 0.3293269230769231 0.5024038461538461 0.3293269230769231 0.5024038461538461 0.3701923076923077 0.5576923076923077 0.3701923076923077
0 0.5697115384615384 0.264423076923077 0.5192307692307693 0.264423076923077 0.5192307692307693 0.3052884615384616 0.5697115384615384 0.3052884615384616
0 0.5504807692307693 0.37740384615384615 0.5096153846153846 0.37740384615384615 0.5096153846153846 0.40865384615384615 0.5504807692307693 0.40865384615384615
0 0.5432692307692307 0.47596153846153844 0.5 0.47596153846153844 0.5 0.5096153846153846 0.5432692307692307 0.5096153846153846
0 0.6418269230769231 0.21153846153846162 0.5769230769230769 0.21153846153846162 0.5769230769230769 0.26201923076923084 0.6418269230769231 0.26201923076923084
0 0.5576923076923078 0.6057692307692307 0.5216346153846155 0.6057692307692307 0.5216346153846155 0.6322115384615384 0.5576923076923078 0.6322115384615384
0 0.5865384615384616 0.4302884615384616 0.5504807692307693 0.43028846153846156 0.5504807692307693 0.4615384615384616 0.5865384615384616 0.4615384615384617
0 0.6322115384615384 0.34134615384615397 0.5889423076923077 0.34134615384615397 0.5889423076923077 0.37259615384615397 0.6322115384615384 0.37259615384615397
0 0.6394230769230769 0.4014423076923078 0.6009615384615384 0.4014423076923078 0.6009615384615384 0.43509615384615397 0.6394230769230769 0.43509615384615397
0 0.6634615384615384 0.48317307692307704 0.6009615384615384 0.48317307692307704 0.6009615384615384 0.5240384615384617 0.6634615384615384 0.5240384615384617
0 0.7596153846153846 0.32211538461538475 0.7115384615384616 0.32211538461538475 0.7115384615384616 0.3557692307692309 0.7596153846153846 0.3557692307692309
0 0.7283653846153846 0.4759615384615386 0.6875 0.4759615384615386 0.6875 0.5048076923076924 0.7283653846153846 0.5048076923076924