0 0.4735576923076923 0.26201923076923084 0.4519230769230769 0.26201923076923084 0.4519230769230769 0.2908653846153847 0.4735576923076923 0.2908653846153847
0 0.5168269230769231 0.2524038461538462 0.4879807692307692 0.2524038461538462 0.4879807692307692 0.2908653846153847 0.5168269230769231 0.2908653846153847
0 0.4735576923076923 0.3269230769230769 0.4495192307692308 0.3269230769230769 0.4495192307692308 0.35336538461538464 0.4735576923076923 0.35336538461538464
0 0.39903846153846156 0.3557692307692308 0.37740384615384615 0.3557692307692308 0.37740384615384615 0.3870192307692308 0.39903846153846156 0.3870192307692308
0 0.6682692307692307 0.3125000000000001 0.6442307692307693 0.3125000000000001 0.6442307692307693 0.34134615384615397 0.6682692307692307 0.34134615384615397
0 0.4182692307692308 0.37259615384615385 0.3942307692307692 0.37259615384615385 0.3942307692307692 0.39663461538461536 0.4182692307692308 0.39663461538461536
0 0.5240384615384616 0.3918269230769231 0.5048076923076923 0.3918269230769231 0.5048076923076923 0.41346153846153844 0.5240384615384616 0.41346153846153844
0 0.4855769230769231 0.4014423076923077 0.46153846153846156 0.4014423076923077 0.46153846153846156 0.4326923076923077 0.4855769230769231 0.4326923076923077
0 0.3293269230769231 0.4807692307692308 0.3076923076923077 0.4807692307692308 0.3076923076923077 0.5 0.3293269230769231 0.5
0 0.3004807692307693 0.47596153846153844 0.2692307692307693 0.47596153846153844 0.2692307692307693 0.5192307692307693 0.3004807692307693 0.5192307692307693
0 0.4206730769230769 0.49278846153846156 0.39663461538461536 0.49278846153846156 0.39663461538461536 0.5168269230769231 0.4206730769230769 0.5168269230769231
0 0.4543269230769231 0.4951923076923077 0.42788461538461536 0.4951923076923077 0.42788461538461536 0.5288461538461539 0.4543269230769231 0.5288461538461539
0 0.5961538461538461 0.47355769230769246 0.5673076923076923 0.47355769230769246 0.5673076923076923 0.5072115384615385 0.5961538461538461 0.5072115384615385
0 0.32932692307692313 0.5504807692307693 0.3028846153846155 0.5504807692307693 0.3028846153846155 0.5817307692307693 0.32932692307692324 0.5817307692307693
0 0.5480769230769231 0.49759615384615385 0.5240384615384616 0.49759615384615385 0.5240384615384616 0.5360576923076923 0.5480769230769231 0.5360576923076923
0 0.46634615384615385 0.5168269230769231 0.43990384615384615 0.5168269230769231 0.43990384615384615 0.5552884615384616 0.46634615384615385 0.5552884615384616
0 0.4471153846153847 0.53125 0.4230769230769231 0.53125 0.42307692307692313 0.5673076923076923 0.44711538461538475 0.5673076923076923
0 0.3076923076923078 0.5745192307692307 0.2788461538461539 0.5745192307692307 0.2788461538461539 0.6129807692307693 0.3076923076923078 0.6129807692307693
0 0.4350961538461539 0.5528846153846154 0.40625 0.5528846153846154 0.40625000000000006 0.5889423076923077 0.43509615384615397 0.5889423076923077
0 0.7884615384615384 0.4807692307692309 0.7644230769230769 0.4807692307692309 0.7644230769230769 0.5144230769230771 0.7884615384615384 0.5144230769230771
0 0.36538461538461553 0.5865384615384616 0.32692307692307704 0.5865384615384616 0.32692307692307704 0.625 0.36538461538461553 0.625
0 0.3461538461538463 0.6081730769230769 0.32211538461538475 0.6081730769230769 0.32211538461538475 0.6466346153846154 0.3461538461538463 0.6466346153846154
0 0.3701923076923078 0.6274038461538461 0.3461538461538463 0.6274038461538461 0.3461538461538463 0.6658653846153846 0.3701923076923078 0.6658653846153846
0 0.4134615384615386 0.6225961538461539 0.38461538461538475 0.6225961538461539 0.38461538461538475 0.6514423076923077 0.4134615384615386 0.6514423076923077
0 0.35817307692307704 0.6442307692307693 0.33413461538461553 0.6442307692307693 0.33413461538461553 0.6826923076923077 0.35817307692307704 0.6826923076923077
0 0.5168269230769232 0.6177884615384616 0.4927884615384617 0.6177884615384616 0.4927884615384617 0.6442307692307693 0.5168269230769232 0.6442307692307693
0 0.512019230769231 0.6322115384615384 0.48557692307692324 0.6322115384615384 0.48557692307692324 0.6610576923076923 0.512019230769231 0.6610576923076923
0 0.6129807692307694 0.6153846153846154 0.5937500000000001 0.6153846153846154 0.5937500000000001 0.6394230769230769 0.6129807692307694 0.6394230769230769
0 0.6971153846153846 0.5961538461538463 0.6658653846153846 0.5961538461538463 0.6658653846153846 0.6370192307692307 0.6971153846153846 0.6370192307692307
0 0.39182692307692324 0.6875 0.3677884615384617 0.6875 0.3677884615384617 0.7163461538461539 0.39182692307692324 0.7163461538461539
0 0.6442307692307693 0.6346153846153846 0.6274038461538461 0.6346153846153846 0.6274038461538461 0.6538461538461539 0.6442307692307693 0.6538461538461539
0 0.41105769230769246 0.6899038461538461 0.3870192307692309 0.6899038461538461 0.3870192307692309 0.7235576923076923 0.41105769230769246 0.7235576923076923
0 0.47355769230769246 0.7163461538461539 0.45192307692307704 0.7163461538461539 0.45192307692307704 0.7475961538461539 0.47355769230769246 0.7475961538461539
0 0.4447115384615386 0.7235576923076923 0.4254807692307694 0.7235576923076923 0.4254807692307694 0.7548076923076923 0.4447115384615386 0.7548076923076923
0 0.5168269230769232 0.7067307692307693 0.49038461538461553 0.7067307692307693 0.49038461538461553 0.7451923076923077 0.5168269230769232 0.7451923076923077
0 0.65625 0.6850961538461539 0.6346153846153846 0.6850961538461539 0.6346153846153846 0.7139423076923077 0.65625 0.7139423076923077
0 0.5480769230769232 0.7427884615384616 0.528846153846154 0.7427884615384616 0.528846153846154 0.7620192307692307 0.5480769230769232 0.7620192307692307
0 0.5865384615384617 0.7548076923076923 0.5649038461538463 0.7548076923076923 0.5649038461538463 0.7836538461538461 0.5865384615384617 0.7836538461538461
0 0.5048076923076924 0.7860576923076923 0.49038461538461553 0.7860576923076923 0.49038461538461553 0.8125 0.5048076923076924 0.8125
0 0.5192307692307694 0.7884615384615384 0.4927884615384617 0.7884615384615384 0.4927884615384617 0.8245192307692307 0.5192307692307694 0.8245192307692307
0 0.7403846153846154 0.7836538461538461 0.7163461538461539 0.7836538461538461 0.7163461538461539 0.8125 0.7403846153846154 0.8125
0 0.6923076923076923 0.8269230769230769 0.6682692307692307 0.8269230769230769 0.6682692307692307 0.8581730769230769 0.6923076923076923 0.8581730769230769
0 0.7908653846153846 0.8052884615384616 0.7668269230769231 0.8052884615384616 0.7668269230769231 0.8341346153846154 0.7908653846153846 0.8341346153846154