0 0.5144230769230769 0.23317307692307698 0.5 0.23317307692307698 0.5 0.26682692307692313 0.5144230769230769 0.26682692307692313
0 0.40384615384615385 0.3125 0.3870192307692308 0.3125 0.3870192307692308 0.3485576923076923 0.40384615384615385 0.3485576923076923
0 0.5625 0.3461538461538462 0.5480769230769231 0.34615384615384615 0.5480769230769231 0.39182692307692313 0.5625 0.39182692307692324
0 0.49278846153846156 0.36778846153846156 0.4735576923076923 0.36778846153846156 0.4735576923076923 0.3942307692307692 0.49278846153846156 0.3942307692307692
0 0.6153846153846154 0.35817307692307704 0.59375 0.35817307692307704 0.59375 0.4134615384615386 0.6153846153846154 0.4134615384615386
0 0.5288461538461539 0.39663461538461536 0.5120192307692307 0.39663461538461536 0.5120192307692307 0.44471153846153844 0.5288461538461539 0.44471153846153844
0 0.3894230769230769 0.4206730769230769 0.36778846153846156 0.4206730769230769 0.36778846153846156 0.47836538461538464 0.3894230769230769 0.47836538461538464
0 0.4230769230769231 0.43509615384615385 0.4110576923076923 0.43509615384615385 0.4110576923076923 0.46153846153846156 0.4230769230769231 0.46153846153846156
0 0.5432692307692307 0.4735576923076923 0.5336538461538461 0.4735576923076923 0.5336538461538461 0.5 0.5432692307692307 0.5
0 0.6129807692307693 0.46634615384615397 0.5889423076923077 0.46634615384615397 0.5889423076923077 0.5000000000000001 0.6129807692307693 0.5000000000000001
0 0.3942307692307692 0.47836538461538464 0.3798076923076923 0.47836538461538464 0.3798076923076923 0.5240384615384616 0.3942307692307692 0.5240384615384616
0 0.5168269230769231 0.47115384615384615 0.5 0.47115384615384615 0.5 0.5168269230769231 0.5168269230769231 0.5168269230769231
0 0.46153846153846156 0.49038461538461536 0.44471153846153844 0.49038461538461536 0.44471153846153844 0.5408653846153846 0.46153846153846156 0.5408653846153846
0 0.65625 0.4879807692307694 0.6370192307692307 0.4879807692307694 0.6370192307692307 0.5336538461538463 0.65625 0.5336538461538463
0 0.6370192307692307 0.5048076923076924 0.6274038461538461 0.5048076923076924 0.6274038461538461 0.528846153846154 0.6370192307692307 0.528846153846154
0 0.37259615384615385 0.5264423076923077 0.3581730769230769 0.5264423076923077 0.3581730769230769 0.5504807692307693 0.37259615384615385 0.5504807692307693
0 0.5 0.5216346153846154 0.4807692307692308 0.5216346153846154 0.4807692307692308 0.5528846153846154 0.5 0.5528846153846154
0 0.6346153846153846 0.5192307692307694 0.6201923076923077 0.5192307692307694 0.6201923076923077 0.5673076923076924 0.6346153846153846 0.5673076923076924
0 0.6634615384615384 0.5264423076923078 0.6538461538461539 0.5264423076923078 0.6538461538461539 0.5576923076923078 0.6634615384615384 0.5576923076923078
0 0.5721153846153846 0.5384615384615385 0.5625 0.5384615384615385 0.5625 0.5576923076923078 0.5721153846153846 0.5576923076923078
0 0.6274038461538461 0.543269230769231 0.6153846153846154 0.543269230769231 0.6153846153846154 0.5841346153846155 0.6274038461538461 0.5841346153846155
0 0.528846153846154 0.5673076923076923 0.5192307692307694 0.5673076923076923 0.5192307692307694 0.5961538461538461 0.528846153846154 0.5961538461538461
0 0.6274038461538461 0.5769230769230771 0.6153846153846154 0.5769230769230771 0.6153846153846154 0.6177884615384616 0.6274038461538461 0.6177884615384616
0 0.5817307692307694 0.5889423076923078 0.5649038461538463 0.5889423076923078 0.5649038461538463 0.6129807692307694 0.5817307692307694 0.6129807692307694
0 0.5985576923076924 0.5793269230769232 0.5793269230769232 0.5793269230769232 0.5793269230769232 0.6298076923076923 0.5985576923076924 0.6298076923076923
0 0.6201923076923077 0.5937500000000001 0.6033653846153848 0.5937500000000001 0.6033653846153848 0.6394230769230769 0.6201923076923077 0.6394230769230769
0 0.5264423076923078 0.6225961538461539 0.512019230769231 0.6225961538461539 0.512019230769231 0.6538461538461539 0.5264423076923078 0.6538461538461539
0 0.4134615384615386 0.6346153846153846 0.38942307692307704 0.6346153846153846 0.38942307692307704 0.6658653846153846 0.4134615384615386 0.6658653846153846
0 0.5649038461538463 0.6225961538461539 0.543269230769231 0.6225961538461539 0.543269230769231 0.6730769230769231 0.5649038461538463 0.6730769230769231
0 0.6274038461538461 0.6490384615384616 0.6177884615384616 0.6490384615384616 0.6177884615384616 0.6730769230769231 0.6274038461538461 0.6730769230769231
0 0.5937500000000001 0.6610576923076923 0.5793269230769232 0.6610576923076923 0.5793269230769232 0.7139423076923077 0.5937500000000001 0.7139423076923077
0 0.42788461538461553 0.6802884615384616 0.4086538461538463 0.6802884615384616 0.4086538461538463 0.7235576923076923 0.42788461538461553 0.7235576923076923
0 0.5336538461538463 0.6778846153846154 0.5168269230769232 0.6778846153846154 0.5168269230769232 0.7283653846153846 0.5336538461538463 0.7283653846153846
0 0.48557692307692324 0.6995192307692307 0.47355769230769246 0.6995192307692307 0.47355769230769246 0.7259615384615384 0.48557692307692324 0.7259615384615384
0 0.5024038461538463 0.6947115384615384 0.4879807692307694 0.6947115384615384 0.4879807692307694 0.7475961538461539 0.5024038461538463 0.7475961538461539
0 0.574519230769231 0.7019230769230769 0.5528846153846155 0.7019230769230769 0.5528846153846155 0.7451923076923077 0.574519230769231 0.7451923076923077
0 0.6009615384615385 0.7259615384615384 0.5817307692307694 0.7259615384615384 0.5817307692307694 0.7620192307692307 0.6009615384615385 0.7620192307692307
0 0.4927884615384617 0.7620192307692307 0.4807692307692309 0.7620192307692307 0.4807692307692309 0.7860576923076923 0.4927884615384617 0.7860576923076923
0 0.9471153846153846 0.33413461538461553 0.9134615384615384 0.33413461538461553 0.9134615384615384 0.37980769230769246 0.9471153846153846 0.37980769230769246