0 0.33413461538461553 0.6586538461538461 0.29807692307692313 0.6586538461538461 0.29807692307692313 0.6826923076923077 0.33413461538461553 0.6826923076923077
0 0.3701923076923078 0.6730769230769231 0.3317307692307694 0.6730769230769231 0.3317307692307694 0.6971153846153846 0.3701923076923078 0.6971153846153846
0 0.3822115384615386 0.7091346153846154 0.3557692307692309 0.7091346153846154 0.3557692307692309 0.7307692307692307 0.3822115384615386 0.7307692307692307
0 0.4062500000000001 0.5673076923076923 0.37980769230769246 0.5673076923076923 0.37980769230769246 0.5841346153846154 0.4062500000000001 0.5841346153846154
0 0.43509615384615397 0.6514423076923077 0.4062500000000001 0.6514423076923077 0.4062500000000001 0.6706730769230769 0.43509615384615397 0.6706730769230769
0 0.47836538461538475 0.8629807692307693 0.44711538461538475 0.8629807692307693 0.44711538461538475 0.8870192307692307 0.47836538461538475 0.8870192307692307
0 0.4423076923076923 0.5384615384615384 0.41586538461538464 0.5384615384615384 0.41586538461538464 0.5576923076923077 0.4423076923076923 0.5576923076923077
0 0.49759615384615397 0.6177884615384616 0.4639423076923078 0.6177884615384616 0.4639423076923078 0.6418269230769231 0.49759615384615397 0.6418269230769231
0 0.528846153846154 0.7331730769230769 0.5024038461538463 0.7331730769230769 0.5024038461538463 0.7475961538461539 0.528846153846154 0.7475961538461539
0 0.528846153846154 0.7091346153846154 0.5072115384615385 0.7091346153846154 0.5072115384615385 0.7211538461538461 0.528846153846154 0.7211538461538461
0 0.560096153846154 0.7788461538461539 0.528846153846154 0.7788461538461539 0.528846153846154 0.8004807692307693 0.560096153846154 0.8004807692307693
0 0.5673076923076924 0.7379807692307693 0.528846153846154 0.7379807692307693 0.528846153846154 0.7596153846153846 0.5673076923076924 0.7596153846153846
0 0.5504807692307694 0.6658653846153846 0.5264423076923078 0.6658653846153846 0.5264423076923078 0.6826923076923077 0.5504807692307694 0.6826923076923077
0 0.591346153846154 0.71875 0.5576923076923078 0.71875 0.5576923076923078 0.7379807692307693 0.591346153846154 0.7379807692307693
0 0.5937500000000001 0.6826923076923077 0.5649038461538463 0.6826923076923077 0.5649038461538463 0.6995192307692307 0.5937500000000001 0.6995192307692307
0 0.5985576923076924 0.65625 0.5697115384615385 0.65625 0.5697115384615385 0.6730769230769231 0.5985576923076924 0.6730769230769231
0 0.6370192307692307 0.7620192307692307 0.6033653846153848 0.7620192307692307 0.6033653846153848 0.7860576923076923 0.6370192307692307 0.7860576923076923
0 0.5913461538461539 0.5024038461538463 0.5600961538461539 0.5024038461538463 0.5600961538461539 0.5264423076923078 0.5913461538461539 0.5264423076923078
0 0.6346153846153846 0.6923076923076923 0.6033653846153848 0.6923076923076923 0.6033653846153848 0.7091346153846154 0.6346153846153846 0.7091346153846154
0 0.6538461538461539 0.7379807692307693 0.625 0.7379807692307693 0.625 0.7548076923076923 0.6538461538461539 0.7548076923076923
0 0.6514423076923077 0.6971153846153846 0.625 0.6971153846153846 0.625 0.7115384615384616 0.6514423076923077 0.7115384615384616
0 0.6778846153846154 0.6802884615384616 0.6442307692307693 0.6802884615384616 0.6442307692307693 0.7043269230769231 0.6778846153846154 0.7043269230769231
0 0.6490384615384616 0.5384615384615385 0.6225961538461539 0.5384615384615385 0.6225961538461539 0.5552884615384617 0.6490384615384616 0.5552884615384617
0 0.6682692307692307 0.6081730769230771 0.6418269230769231 0.6081730769230771 0.6418269230769231 0.625 0.6682692307692307 0.625
0 0.6658653846153846 0.560096153846154 0.6322115384615384 0.560096153846154 0.6322115384615384 0.5769230769230771 0.6658653846153846 0.5769230769230771
0 0.6778846153846154 0.6177884615384616 0.6514423076923077 0.6177884615384616 0.6514423076923077 0.6346153846153846 0.6778846153846154 0.6346153846153846
0 0.6754807692307693 0.5697115384615385 0.6466346153846154 0.5697115384615385 0.6466346153846154 0.5841346153846155 0.6754807692307693 0.5841346153846155
0 0.6971153846153846 0.6394230769230769 0.6682692307692307 0.6394230769230769 0.6682692307692307 0.6586538461538461 0.6971153846153846 0.6586538461538461
0 0.6899038461538461 0.5961538461538463 0.6682692307692307 0.5961538461538463 0.6682692307692307 0.6153846153846154 0.6899038461538461 0.6153846153846154
0 0.6899038461538461 0.5793269230769232 0.6682692307692307 0.5793269230769232 0.6682692307692307 0.5985576923076924 0.6899038461538461 0.5985576923076924
0 0.7115384615384616 0.6586538461538461 0.6875 0.6586538461538461 0.6875 0.6754807692307693 0.7115384615384616 0.6754807692307693
0 0.7331730769230769 0.71875 0.6971153846153846 0.71875 0.6971153846153846 0.7379807692307693 0.7331730769230769 0.7379807692307693
0 0.7259615384615384 0.6802884615384616 0.6995192307692307 0.6802884615384616 0.6995192307692307 0.6971153846153846 0.7259615384615384 0.6971153846153846
0 0.7019230769230769 0.5312500000000001 0.6706730769230769 0.5312500000000001 0.6706730769230769 0.5528846153846155 0.7019230769230769 0.5528846153846155
0 0.7163461538461539 0.560096153846154 0.6875 0.560096153846154 0.6875 0.5817307692307694 0.7163461538461539 0.5817307692307694
0 0.7355769230769231 0.65625 0.7067307692307693 0.65625 0.7067307692307693 0.6754807692307693 0.7355769230769231 0.6754807692307693
0 0.7379807692307693 0.6105769230769232 0.7043269230769231 0.6105769230769232 0.7043269230769231 0.6298076923076923 0.7379807692307693 0.6298076923076923
0 0.7596153846153846 0.591346153846154 0.7211538461538461 0.591346153846154 0.7211538461538461 0.6081730769230771 0.7596153846153846 0.6081730769230771
0 0.7860576923076923 0.591346153846154 0.7692307692307693 0.591346153846154 0.7692307692307693 0.6033653846153848 0.7860576923076923 0.6033653846153848
0 0.3076923076923077 0.1947115384615385 0.2692307692307692 0.19471153846153846 0.2692307692307692 0.21394230769230774 0.3076923076923077 0.21394230769230776