0 0.5096153846153846 0.03846153846153852 0.44471153846153844 0.03846153846153851 0.44471153846153844 0.07932692307692314 0.5096153846153846 0.07932692307692314
0 0.11057692307692316 0.6706730769230769 0.06490384615384624 0.6706730769230769 0.06490384615384624 0.6995192307692307 0.11057692307692318 0.6995192307692307
0 0.26201923076923084 0.6153846153846154 0.2163461538461539 0.6153846153846154 0.2163461538461539 0.6466346153846154 0.26201923076923084 0.6466346153846154
0 0.32692307692307704 0.6129807692307693 0.28125000000000006 0.6129807692307693 0.28125000000000006 0.6490384615384616 0.32692307692307704 0.6490384615384616
0 0.25000000000000006 0.7596153846153846 0.20192307692307698 0.7596153846153846 0.20192307692307698 0.7836538461538461 0.25000000000000006 0.7836538461538461
0 0.2716346153846155 0.7572115384615384 0.22115384615384623 0.7572115384615384 0.22115384615384623 0.7884615384615384 0.2716346153846155 0.7884615384615384
0 0.3197115384615386 0.9182692307692307 0.27884615384615397 0.9182692307692307 0.27884615384615397 0.9447115384615384 0.3197115384615386 0.9447115384615384
0 0.543269230769231 0.8701923076923077 0.4927884615384617 0.8701923076923077 0.4927884615384617 0.8990384615384616 0.543269230769231 0.8990384615384616
0 0.43509615384615397 0.8581730769230769 0.39663461538461553 0.8581730769230769 0.39663461538461553 0.8846153846153846 0.43509615384615397 0.8846153846153846
0 0.39182692307692324 0.8052884615384616 0.35336538461538475 0.8052884615384616 0.35336538461538475 0.8317307692307693 0.39182692307692324 0.8317307692307693
0 0.40384615384615397 0.7572115384615384 0.35817307692307704 0.7572115384615384 0.35817307692307704 0.7860576923076923 0.40384615384615397 0.7860576923076923
0 0.37980769230769246 0.7163461538461539 0.3437500000000001 0.7163461538461539 0.3437500000000001 0.7475961538461539 0.37980769230769246 0.7475961538461539
0 0.41105769230769246 0.7211538461538461 0.3701923076923078 0.7211538461538461 0.3701923076923078 0.7475961538461539 0.41105769230769246 0.7475961538461539
0 0.5216346153846155 0.6634615384615384 0.48557692307692324 0.6634615384615384 0.48557692307692324 0.6971153846153846 0.5216346153846155 0.6971153846153846
0 0.5216346153846155 0.6875 0.4711538461538463 0.6875 0.4711538461538463 0.7211538461538461 0.5216346153846155 0.7211538461538461
0 0.5264423076923078 0.7307692307692307 0.4879807692307694 0.7307692307692307 0.4879807692307694 0.7596153846153846 0.5264423076923078 0.7596153846153846
0 0.5528846153846155 0.6009615384615384 0.5072115384615385 0.6009615384615384 0.5072115384615385 0.6298076923076923 0.5528846153846155 0.6298076923076923
0 0.7091346153846154 0.6322115384615384 0.6634615384615384 0.6322115384615384 0.6634615384615384 0.6538461538461539 0.7091346153846154 0.6538461538461539
0 0.7355769230769231 0.6923076923076923 0.6899038461538461 0.6923076923076923 0.6899038461538461 0.7211538461538461 0.7355769230769231 0.7211538461538461
0 0.7908653846153846 0.7307692307692307 0.7451923076923077 0.7307692307692307 0.7451923076923077 0.7596153846153846 0.7908653846153846 0.7596153846153846
0 0.7331730769230769 0.7572115384615384 0.6995192307692307 0.7572115384615384 0.6995192307692307 0.7860576923076923 0.7331730769230769 0.7860576923076923
0 0.6129807692307694 0.6850961538461539 0.5721153846153848 0.6850961538461539 0.5721153846153848 0.7115384615384616 0.6129807692307694 0.7115384615384616
0 0.591346153846154 0.7067307692307693 0.5552884615384617 0.7067307692307693 0.5552884615384617 0.7355769230769231 0.591346153846154 0.7355769230769231
0 0.47836538461538475 0.7716346153846154 0.4375000000000001 0.7716346153846154 0.4375000000000001 0.8052884615384616 0.47836538461538475 0.8052884615384616
0 0.49038461538461553 0.7788461538461539 0.4495192307692309 0.7788461538461539 0.4495192307692309 0.8076923076923077 0.49038461538461553 0.8076923076923077
0 0.49038461538461553 0.8173076923076923 0.45913461538461553 0.8173076923076923 0.45913461538461553 0.8413461538461539 0.49038461538461553 0.8413461538461539
0 0.6225961538461539 0.8341346153846154 0.5528846153846155 0.8341346153846154 0.5528846153846155 0.875 0.6225961538461539 0.875
0 0.5528846153846155 0.7908653846153846 0.5240384615384617 0.7908653846153846 0.5240384615384617 0.8173076923076923 0.5528846153846155 0.8173076923076923
0 0.6538461538461539 0.7307692307692307 0.6129807692307694 0.7307692307692307 0.6129807692307694 0.7596153846153846 0.6538461538461539 0.7596153846153846
0 0.6442307692307693 0.6947115384615384 0.6129807692307694 0.6947115384615384 0.6129807692307694 0.71875 0.6442307692307693 0.71875
0 0.6923076923076923 0.7331730769230769 0.6538461538461539 0.7331730769230769 0.6538461538461539 0.7620192307692307 0.6923076923076923 0.7620192307692307
0 0.5985576923076924 0.78125 0.5528846153846155 0.78125 0.5528846153846155 0.8149038461538461 0.5985576923076924 0.8149038461538461
0 0.5793269230769232 0.8052884615384616 0.5336538461538463 0.8052884615384616 0.5336538461538463 0.8293269230769231 0.5793269230769232 0.8293269230769231
0 0.5673076923076924 0.8149038461538461 0.5264423076923078 0.8149038461538461 0.5264423076923078 0.8413461538461539 0.5673076923076924 0.8413461538461539
0 0.6298076923076923 0.7884615384615384 0.5889423076923078 0.7884615384615384 0.5889423076923078 0.8149038461538461 0.6298076923076923 0.8149038461538461
0 0.6706730769230769 0.7019230769230769 0.625 0.7019230769230769 0.625 0.7307692307692307 0.6706730769230769 0.7307692307692307
0 0.6899038461538461 0.7788461538461539 0.6394230769230769 0.7788461538461539 0.6394230769230769 0.8125 0.6899038461538461 0.8125
0 0.6370192307692307 0.8052884615384616 0.5961538461538463 0.8052884615384616 0.5961538461538463 0.8317307692307693 0.6370192307692307 0.8317307692307693
0 0.6538461538461539 0.7980769230769231 0.6201923076923077 0.7980769230769231 0.6201923076923077 0.8197115384615384 0.6538461538461539 0.8197115384615384