0 0.4423076923076923 0.4254807692307692 0.4230769230769231 0.4254807692307692 0.4230769230769231 0.4495192307692308 0.4423076923076923 0.4495192307692308
0 0.38461538461538464 0.49038461538461536 0.3629807692307692 0.49038461538461536 0.3629807692307692 0.5168269230769231 0.38461538461538464 0.5168269230769231
0 0.5096153846153846 0.5336538461538461 0.49759615384615385 0.5336538461538461 0.49759615384615385 0.5456730769230769 0.5096153846153846 0.5456730769230769
0 0.38461538461538464 0.5144230769230769 0.36538461538461536 0.5144230769230769 0.36538461538461536 0.5480769230769231 0.38461538461538464 0.5480769230769231
0 0.3581730769230769 0.5360576923076923 0.34134615384615385 0.5360576923076923 0.34134615384615385 0.5480769230769231 0.3581730769230769 0.5480769230769231
0 0.40625000000000006 0.5504807692307693 0.3942307692307692 0.5504807692307693 0.3942307692307693 0.5673076923076923 0.4062500000000001 0.5673076923076923
0 0.31971153846153844 0.5336538461538461 0.3028846153846155 0.5336538461538461 0.3028846153846155 0.5456730769230769 0.31971153846153844 0.5456730769230769
0 0.3485576923076924 0.5528846153846154 0.33653846153846156 0.5528846153846154 0.3365384615384616 0.5697115384615384 0.34855769230769246 0.5697115384615384
0 0.44711538461538475 0.5697115384615384 0.4254807692307694 0.5697115384615384 0.4254807692307694 0.5985576923076923 0.44711538461538475 0.5985576923076923
0 0.4014423076923078 0.5673076923076923 0.37980769230769246 0.5673076923076923 0.37980769230769246 0.5985576923076923 0.4014423076923078 0.5985576923076923
0 0.48317307692307704 0.6033653846153846 0.4639423076923078 0.6033653846153846 0.4639423076923078 0.6274038461538461 0.48317307692307704 0.6274038461538461
0 0.35336538461538475 0.5745192307692307 0.3389423076923078 0.5745192307692307 0.3389423076923078 0.6033653846153846 0.35336538461538475 0.6033653846153846
0 0.29807692307692313 0.5697115384615384 0.2836538461538462 0.5697115384615384 0.2836538461538462 0.5865384615384616 0.29807692307692313 0.5865384615384616
0 0.49038461538461553 0.6177884615384616 0.4759615384615386 0.6177884615384616 0.4759615384615386 0.6394230769230769 0.49038461538461553 0.6394230769230769
0 0.3197115384615386 0.5865384615384616 0.295673076923077 0.5865384615384616 0.295673076923077 0.6129807692307693 0.3197115384615386 0.6129807692307693
0 0.3822115384615386 0.6057692307692307 0.3629807692307694 0.6057692307692307 0.3629807692307694 0.6274038461538461 0.3822115384615386 0.6274038461538461
0 0.3750000000000001 0.6153846153846154 0.3629807692307694 0.6153846153846154 0.3629807692307694 0.6322115384615384 0.3750000000000001 0.6322115384615384
0 0.32692307692307704 0.6225961538461539 0.3076923076923078 0.6225961538461539 0.3076923076923078 0.6466346153846154 0.32692307692307704 0.6466346153846154
0 0.4086538461538463 0.6442307692307693 0.39182692307692324 0.6442307692307693 0.39182692307692324 0.6706730769230769 0.4086538461538463 0.6706730769230769
0 0.38942307692307704 0.6514423076923077 0.3750000000000001 0.6514423076923077 0.3750000000000001 0.6730769230769231 0.38942307692307704 0.6730769230769231
0 0.35336538461538475 0.6418269230769231 0.33413461538461553 0.6418269230769231 0.33413461538461553 0.6706730769230769 0.35336538461538475 0.6706730769230769
0 0.32211538461538475 0.6418269230769231 0.31009615384615397 0.6418269230769231 0.31009615384615397 0.6586538461538461 0.32211538461538475 0.6586538461538461
0 0.4375000000000001 0.6682692307692307 0.42307692307692324 0.6682692307692307 0.42307692307692324 0.6923076923076923 0.4375000000000001 0.6923076923076923
0 0.3701923076923078 0.6538461538461539 0.3509615384615386 0.6538461538461539 0.3509615384615386 0.6826923076923077 0.3701923076923078 0.6826923076923077
0 0.45432692307692324 0.6802884615384616 0.43509615384615397 0.6802884615384616 0.43509615384615397 0.7019230769230769 0.45432692307692324 0.7019230769230769
0 0.40384615384615397 0.6706730769230769 0.38461538461538475 0.6706730769230769 0.38461538461538475 0.6923076923076923 0.40384615384615397 0.6923076923076923
0 0.46634615384615397 0.6947115384615384 0.45432692307692324 0.6947115384615384 0.45432692307692324 0.7115384615384616 0.46634615384615397 0.7115384615384616
0 0.3437500000000001 0.6634615384615384 0.32692307692307704 0.6634615384615384 0.32692307692307704 0.6899038461538461 0.3437500000000001 0.6899038461538461
0 0.35336538461538475 0.6658653846153846 0.3389423076923078 0.6658653846153846 0.3389423076923078 0.6923076923076923 0.35336538461538475 0.6923076923076923
0 0.31730769230769246 0.6730769230769231 0.3004807692307693 0.6730769230769231 0.3004807692307693 0.6971153846153846 0.31730769230769246 0.6971153846153846
0 0.37980769230769246 0.6995192307692307 0.3629807692307694 0.6995192307692307 0.3629807692307694 0.7163461538461539 0.37980769230769246 0.7163461538461539
0 0.4254807692307694 0.7115384615384616 0.4086538461538463 0.7115384615384616 0.4086538461538463 0.7331730769230769 0.4254807692307694 0.7331730769230769
0 0.35336538461538475 0.7091346153846154 0.34134615384615397 0.7091346153846154 0.34134615384615397 0.7259615384615384 0.35336538461538475 0.7259615384615384
0 0.37259615384615397 0.7139423076923077 0.35817307692307704 0.7139423076923077 0.35817307692307704 0.7283653846153846 0.37259615384615397 0.7283653846153846
0 0.3701923076923078 0.7355769230769231 0.3509615384615386 0.7355769230769231 0.3509615384615386 0.7572115384615384 0.3701923076923078 0.7572115384615384
0 0.8653846153846154 0.560096153846154 0.8269230769230769 0.560096153846154 0.8269230769230769 0.6081730769230771 0.8653846153846154 0.6081730769230771