0 0.6153846153846154 0.19951923076923084 0.59375 0.19951923076923084 0.59375 0.23076923076923084 0.6153846153846154 0.23076923076923084
0 0.5745192307692307 0.25000000000000006 0.5504807692307693 0.25000000000000006 0.5504807692307693 0.2740384615384616 0.5745192307692307 0.2740384615384616
0 0.5120192307692307 0.29807692307692313 0.49038461538461536 0.29807692307692313 0.49038461538461536 0.3293269230769231 0.5120192307692307 0.3293269230769231
0 0.17067307692307698 0.3798076923076923 0.1538461538461539 0.3798076923076923 0.1538461538461539 0.40384615384615385 0.17067307692307698 0.40384615384615385
0 0.4543269230769231 0.34375 0.4326923076923077 0.34375 0.4326923076923077 0.37740384615384615 0.4543269230769231 0.37740384615384615
0 0.2596153846153847 0.3918269230769231 0.2379807692307693 0.3918269230769231 0.2379807692307693 0.4182692307692308 0.2596153846153847 0.4182692307692308
0 0.4639423076923077 0.36778846153846156 0.44711538461538464 0.36778846153846156 0.44711538461538464 0.3870192307692308 0.4639423076923077 0.3870192307692308
0 0.59375 0.3389423076923078 0.5673076923076923 0.3389423076923078 0.5673076923076923 0.3701923076923078 0.59375 0.3701923076923078
0 0.3028846153846155 0.41346153846153844 0.2836538461538462 0.41346153846153844 0.2836538461538462 0.43990384615384615 0.3028846153846155 0.43990384615384615
0 0.5817307692307693 0.35817307692307704 0.5600961538461539 0.35817307692307704 0.5600961538461539 0.3774038461538463 0.5817307692307693 0.3774038461538463
0 0.4495192307692308 0.3918269230769231 0.42788461538461536 0.3918269230769231 0.42788461538461536 0.4182692307692308 0.4495192307692308 0.4182692307692308
0 0.33653846153846156 0.4206730769230769 0.31009615384615385 0.4206730769230769 0.31009615384615385 0.4543269230769231 0.33653846153846156 0.4543269230769231
0 0.5625 0.3725961538461539 0.5408653846153846 0.37259615384615385 0.5408653846153846 0.3966346153846155 0.5625 0.39663461538461553
0 0.5408653846153846 0.37740384615384615 0.5192307692307693 0.37740384615384615 0.5192307692307693 0.40384615384615385 0.5408653846153846 0.40384615384615385
0 0.47596153846153844 0.41346153846153844 0.4519230769230769 0.41346153846153844 0.4519230769230769 0.4423076923076923 0.47596153846153844 0.4423076923076923
0 0.6105769230769231 0.39182692307692324 0.5889423076923077 0.39182692307692324 0.5889423076923077 0.4182692307692309 0.6105769230769231 0.4182692307692309
0 0.5841346153846154 0.3990384615384617 0.5649038461538461 0.3990384615384617 0.5649038461538461 0.4254807692307694 0.5841346153846154 0.4254807692307694
0 0.5649038461538461 0.4038461538461539 0.5408653846153846 0.40384615384615385 0.5408653846153846 0.4302884615384616 0.5649038461538461 0.4302884615384617
0 0.5673076923076923 0.4350961538461539 0.5456730769230769 0.43509615384615385 0.5456730769230769 0.4663461538461539 0.5673076923076923 0.46634615384615397
0 0.18269230769230776 0.53125 0.16105769230769237 0.53125 0.16105769230769237 0.5528846153846154 0.18269230769230776 0.5528846153846154
0 0.5985576923076923 0.4375000000000001 0.5745192307692307 0.4375000000000001 0.5745192307692307 0.4639423076923078 0.5985576923076923 0.4639423076923078
0 0.5480769230769231 0.4519230769230769 0.5264423076923077 0.4519230769230769 0.5264423076923077 0.4735576923076923 0.5480769230769231 0.4735576923076923
0 0.3870192307692308 0.4855769230769231 0.36538461538461536 0.4855769230769231 0.36538461538461536 0.5144230769230769 0.3870192307692308 0.5144230769230769
0 0.5336538461538461 0.45913461538461536 0.5144230769230769 0.45913461538461536 0.5144230769230769 0.47836538461538464 0.5336538461538461 0.47836538461538464
0 0.375 0.4951923076923077 0.3581730769230769 0.4951923076923077 0.3581730769230769 0.5192307692307693 0.375 0.5192307692307693
0 0.47836538461538464 0.4879807692307692 0.4567307692307692 0.4879807692307692 0.4567307692307692 0.5192307692307693 0.47836538461538464 0.5192307692307693
0 0.3076923076923078 0.5745192307692307 0.28846153846153855 0.5745192307692307 0.28846153846153855 0.5961538461538461 0.3076923076923078 0.5961538461538461
0 0.5552884615384616 0.53125 0.5360576923076923 0.53125 0.5360576923076923 0.5504807692307693 0.5552884615384616 0.5504807692307693
0 0.5528846153846154 0.5456730769230769 0.53125 0.5456730769230769 0.5312500000000001 0.5697115384615384 0.5528846153846155 0.5697115384615384
0 0.5264423076923077 0.5504807692307693 0.4951923076923077 0.5504807692307693 0.49519230769230776 0.5769230769230769 0.5264423076923078 0.5769230769230769
0 0.4711538461538463 0.5721153846153846 0.44230769230769246 0.5721153846153846 0.44230769230769246 0.5985576923076923 0.4711538461538463 0.5985576923076923
0 0.3028846153846155 0.6225961538461539 0.2836538461538462 0.6225961538461539 0.2836538461538462 0.6442307692307693 0.3028846153846155 0.6442307692307693
0 0.5144230769230771 0.5721153846153846 0.49038461538461553 0.5721153846153846 0.49038461538461553 0.6009615384615384 0.5144230769230771 0.6009615384615384
0 0.23076923076923084 0.6586538461538461 0.2067307692307693 0.6586538461538461 0.2067307692307693 0.6850961538461539 0.23076923076923084 0.6850961538461539
0 0.45432692307692324 0.6177884615384616 0.4326923076923078 0.6177884615384616 0.4326923076923078 0.6418269230769231 0.45432692307692324 0.6418269230769231
0 0.36057692307692324 0.6418269230769231 0.34134615384615397 0.6418269230769231 0.34134615384615397 0.6658653846153846 0.36057692307692324 0.6658653846153846
0 0.32211538461538475 0.6538461538461539 0.3004807692307693 0.6538461538461539 0.3004807692307693 0.6899038461538461 0.32211538461538475 0.6899038461538461
0 0.5024038461538463 0.6153846153846154 0.4759615384615386 0.6153846153846154 0.4759615384615386 0.6538461538461539 0.5024038461538463 0.6538461538461539
0 0.3677884615384617 0.7115384615384616 0.34855769230769246 0.7115384615384616 0.34855769230769246 0.7307692307692307 0.3677884615384617 0.7307692307692307
0 0.45913461538461553 0.6875 0.4375000000000001 0.6875 0.4375000000000001 0.7259615384615384 0.45913461538461553 0.7259615384615384