0 0.29807692307692313 0.3076923076923077 0.24519230769230776 0.3076923076923077 0.24519230769230776 0.38221153846153844 0.29807692307692313 0.38221153846153844
0 0.33653846153846156 0.3317307692307692 0.28846153846153855 0.3317307692307692 0.28846153846153855 0.40865384615384615 0.33653846153846156 0.40865384615384615
0 0.20432692307692316 0.40625 0.16346153846153852 0.40625 0.16346153846153852 0.4519230769230769 0.20432692307692316 0.4519230769230769
0 0.2524038461538462 0.38221153846153844 0.2067307692307693 0.38221153846153844 0.2067307692307693 0.4543269230769231 0.2524038461538462 0.4543269230769231
0 0.75 0.23317307692307698 0.6923076923076923 0.23317307692307698 0.6923076923076923 0.3125000000000001 0.75 0.3125000000000001
0 0.2908653846153847 0.3942307692307692 0.23317307692307698 0.3942307692307692 0.23317307692307698 0.47836538461538464 0.2908653846153847 0.47836538461538464
0 0.16826923076923084 0.46634615384615385 0.12259615384615391 0.46634615384615385 0.12259615384615391 0.5336538461538461 0.16826923076923084 0.5336538461538461
0 0.19951923076923084 0.4831730769230769 0.15144230769230776 0.4831730769230769 0.15144230769230776 0.5552884615384616 0.19951923076923084 0.5552884615384616
0 0.6081730769230769 0.35576923076923084 0.5480769230769231 0.3557692307692308 0.5480769230769231 0.4302884615384616 0.6081730769230769 0.4302884615384617
0 0.2692307692307693 0.49759615384615385 0.21875000000000006 0.49759615384615385 0.21875000000000006 0.5721153846153846 0.2692307692307693 0.5721153846153846
0 0.5360576923076923 0.4254807692307692 0.4855769230769231 0.4254807692307692 0.4855769230769231 0.49759615384615385 0.5360576923076923 0.49759615384615385
0 0.44711538461538464 0.4639423076923077 0.39903846153846156 0.4639423076923077 0.39903846153846156 0.5288461538461539 0.44711538461538464 0.5288461538461539
0 0.3798076923076924 0.5024038461538461 0.3317307692307692 0.5024038461538461 0.3317307692307693 0.5721153846153846 0.37980769230769246 0.5721153846153846
0 0.3461538461538462 0.5336538461538461 0.29807692307692313 0.5336538461538461 0.29807692307692313 0.6033653846153846 0.3461538461538463 0.6033653846153846
0 0.4110576923076924 0.5240384615384616 0.3629807692307692 0.5240384615384616 0.3629807692307693 0.5961538461538461 0.41105769230769246 0.5961538461538461
0 0.5961538461538461 0.46875000000000006 0.5552884615384616 0.46875 0.5552884615384616 0.5408653846153847 0.5961538461538461 0.5408653846153848
0 0.29326923076923084 0.5721153846153846 0.2379807692307693 0.5721153846153846 0.2379807692307693 0.6538461538461539 0.29326923076923084 0.6538461538461539
0 0.5625000000000001 0.4879807692307693 0.5144230769230769 0.4879807692307692 0.514423076923077 0.5625000000000001 0.5625000000000001 0.5625000000000001
0 0.5889423076923077 0.5096153846153847 0.5432692307692307 0.5096153846153846 0.5432692307692308 0.5649038461538463 0.5889423076923078 0.5649038461538463
0 0.4086538461538463 0.5673076923076923 0.3557692307692309 0.5673076923076923 0.3557692307692309 0.6346153846153846 0.4086538461538463 0.6346153846153846
0 0.6274038461538461 0.5408653846153848 0.5769230769230769 0.5408653846153848 0.576923076923077 0.6033653846153848 0.6274038461538461 0.6033653846153848
0 0.2908653846153847 0.6586538461538461 0.23557692307692316 0.6586538461538461 0.23557692307692316 0.7379807692307693 0.2908653846153847 0.7379807692307693
0 0.5192307692307694 0.6033653846153846 0.4639423076923078 0.6033653846153846 0.4639423076923078 0.6875 0.5192307692307694 0.6875
0 0.5793269230769232 0.5937500000000001 0.528846153846154 0.59375 0.528846153846154 0.6586538461538461 0.5793269230769232 0.6586538461538461
0 0.36538461538461553 0.6899038461538461 0.3197115384615386 0.6899038461538461 0.3197115384615386 0.7379807692307693 0.36538461538461553 0.7379807692307693
0 0.7644230769230769 0.5360576923076924 0.7163461538461539 0.5360576923076924 0.7163461538461539 0.6009615384615385 0.7644230769230769 0.6009615384615385
0 0.4951923076923078 0.6418269230769231 0.4399038461538463 0.6418269230769231 0.4399038461538463 0.71875 0.4951923076923078 0.71875
0 0.44230769230769246 0.6706730769230769 0.38942307692307704 0.6706730769230769 0.38942307692307704 0.7451923076923077 0.44230769230769246 0.7451923076923077
0 0.41105769230769246 0.6802884615384616 0.35336538461538475 0.6802884615384616 0.35336538461538475 0.7668269230769231 0.41105769230769246 0.7668269230769231
0 0.39182692307692324 0.71875 0.3509615384615386 0.71875 0.3509615384615386 0.7764423076923077 0.39182692307692324 0.7764423076923077
0 0.4927884615384617 0.6947115384615384 0.4399038461538463 0.6947115384615384 0.4399038461538463 0.7692307692307693 0.4927884615384617 0.7692307692307693
0 0.42307692307692324 0.7283653846153846 0.3870192307692309 0.7283653846153846 0.3870192307692309 0.7860576923076923 0.42307692307692324 0.7860576923076923
0 0.49038461538461553 0.7091346153846154 0.4326923076923078 0.7091346153846154 0.4326923076923078 0.7836538461538461 0.49038461538461553 0.7836538461538461
0 0.39663461538461553 0.7908653846153846 0.3557692307692309 0.7908653846153846 0.3557692307692309 0.84375 0.39663461538461553 0.84375
0 0.6298076923076923 0.7235576923076923 0.5793269230769232 0.7235576923076923 0.5793269230769232 0.78125 0.6298076923076923 0.78125
0 0.4326923076923078 0.8221153846153846 0.38461538461538475 0.8221153846153846 0.38461538461538475 0.8918269230769231 0.4326923076923078 0.8918269230769231
0 0.4927884615384617 0.8076923076923077 0.44711538461538475 0.8076923076923077 0.44711538461538475 0.8677884615384616 0.4927884615384617 0.8677884615384616
0 0.528846153846154 0.8461538461538461 0.4807692307692309 0.8461538461538461 0.4807692307692309 0.9158653846153846 0.528846153846154 0.9158653846153846
0 0.6105769230769232 0.8221153846153846 0.5552884615384617 0.8221153846153846 0.5552884615384617 0.8990384615384616 0.6105769230769232 0.8990384615384616
0 0.7884615384615384 0.7908653846153846 0.7548076923076923 0.7908653846153846 0.7548076923076923 0.8245192307692307 0.7884615384615384 0.8245192307692307
0 0.7932692307692307 0.8028846153846154 0.7596153846153846 0.8028846153846154 0.7596153846153846 0.8389423076923077 0.7932692307692307 0.8389423076923077