0 0.78125 0.036057692307692395 0.7139423076923077 0.036057692307692395 0.7139423076923077 0.10576923076923087 0.78125 0.10576923076923087
0 0.05288461538461541 0.17548076923076922 0.019230769230769256 0.17548076923076922 0.019230769230769256 0.21394230769230768 0.05288461538461542 0.21394230769230768
0 0.18509615384615385 0.1514423076923077 0.13942307692307696 0.15144230769230768 0.13942307692307696 0.22115384615384615 0.18509615384615385 0.22115384615384615
0 0.06490384615384617 0.20432692307692307 0.028846153846153872 0.20432692307692307 0.028846153846153876 0.24519230769230768 0.06490384615384619 0.24519230769230768
0 0.27884615384615385 0.1875 0.24278846153846154 0.1875 0.24278846153846154 0.23557692307692307 0.27884615384615385 0.23557692307692307
0 0.12500000000000003 0.21875 0.09134615384615388 0.21875 0.09134615384615388 0.2668269230769231 0.12500000000000003 0.2668269230769231
0 0.31971153846153844 0.014423076923076959 0.28365384615384615 0.014423076923076957 0.28365384615384615 0.06009615384615388 0.31971153846153844 0.06009615384615388
0 0.4230769230769231 0.22355769230769237 0.3918269230769231 0.22355769230769237 0.3918269230769231 0.25721153846153855 0.4230769230769231 0.25721153846153855
0 0.6009615384615384 0.28846153846153855 0.5432692307692307 0.28846153846153855 0.5432692307692307 0.36057692307692313 0.6009615384615384 0.36057692307692324
0 0.5240384615384616 0.31971153846153844 0.4879807692307692 0.31971153846153844 0.4879807692307692 0.3629807692307692 0.5240384615384616 0.3629807692307692
0 0.29807692307692313 0.36538461538461536 0.24278846153846162 0.36538461538461536 0.24278846153846162 0.42788461538461536 0.29807692307692313 0.42788461538461536
0 0.15625000000000006 0.3918269230769231 0.08653846153846158 0.3918269230769231 0.08653846153846159 0.45913461538461536 0.15625000000000006 0.45913461538461536
0 0.375 0.40865384615384615 0.31971153846153844 0.40865384615384615 0.31971153846153844 0.4735576923076923 0.375 0.4735576923076923
0 0.20432692307692316 0.45913461538461536 0.15865384615384623 0.45913461538461536 0.15865384615384623 0.5240384615384616 0.20432692307692316 0.5240384615384616
0 0.20432692307692316 0.49038461538461536 0.16105769230769237 0.49038461538461536 0.16105769230769237 0.5336538461538461 0.20432692307692316 0.5336538461538461
0 0.41586538461538464 0.4831730769230769 0.37740384615384615 0.4831730769230769 0.37740384615384615 0.5408653846153846 0.41586538461538464 0.5408653846153846
0 0.4326923076923077 0.4879807692307692 0.3918269230769231 0.4879807692307692 0.3918269230769231 0.5432692307692307 0.4326923076923077 0.5432692307692307
0 0.7067307692307693 0.4639423076923078 0.6442307692307693 0.4639423076923078 0.6442307692307693 0.5312500000000001 0.7067307692307693 0.5312500000000001
0 0.27644230769230776 0.5336538461538461 0.24278846153846162 0.5336538461538461 0.24278846153846162 0.5745192307692307 0.27644230769230776 0.5745192307692307
0 0.3100961538461539 0.5264423076923077 0.2716346153846155 0.5264423076923077 0.2716346153846155 0.5793269230769231 0.31009615384615397 0.5793269230769231
0 0.4110576923076924 0.5336538461538461 0.37740384615384615 0.5336538461538461 0.3774038461538462 0.5889423076923077 0.41105769230769246 0.5889423076923077
0 0.44951923076923084 0.5432692307692307 0.4182692307692308 0.5432692307692307 0.41826923076923084 0.5865384615384616 0.4495192307692309 0.5865384615384616
0 0.3245192307692309 0.5721153846153846 0.28846153846153855 0.5721153846153846 0.28846153846153855 0.6225961538461539 0.3245192307692309 0.6225961538461539
0 0.5937500000000001 0.5841346153846155 0.5625000000000001 0.5841346153846155 0.5625000000000001 0.6322115384615384 0.5937500000000001 0.6322115384615384
0 0.40384615384615397 0.6105769230769231 0.3677884615384617 0.6105769230769231 0.3677884615384617 0.6634615384615384 0.40384615384615397 0.6634615384615384
0 0.4134615384615386 0.6177884615384616 0.3701923076923078 0.6177884615384616 0.3701923076923078 0.6875 0.4134615384615386 0.6875
0 0.65625 0.6177884615384616 0.6177884615384616 0.6177884615384616 0.6177884615384616 0.6658653846153846 0.65625 0.6658653846153846
0 0.5312500000000001 0.6706730769230769 0.4711538461538463 0.6706730769230769 0.4711538461538463 0.7307692307692307 0.5312500000000001 0.7307692307692307
0 0.8317307692307693 0.6442307692307693 0.7836538461538461 0.6442307692307693 0.7836538461538461 0.7139423076923077 0.8317307692307693 0.7139423076923077
0 0.43509615384615397 0.6923076923076923 0.39182692307692324 0.6923076923076923 0.39182692307692324 0.7524038461538461 0.43509615384615397 0.7524038461538461
0 0.6875 0.7115384615384616 0.6538461538461539 0.7115384615384616 0.6538461538461539 0.7692307692307693 0.6875 0.7692307692307693
0 0.5264423076923078 0.7307692307692307 0.4759615384615386 0.7307692307692307 0.4759615384615386 0.8004807692307693 0.5264423076923078 0.8004807692307693
0 0.5793269230769232 0.7307692307692307 0.5240384615384617 0.7307692307692307 0.5240384615384617 0.7980769230769231 0.5793269230769232 0.7980769230769231
0 0.7596153846153846 0.7788461538461539 0.7043269230769231 0.7788461538461539 0.7043269230769231 0.84375 0.7596153846153846 0.84375
0 0.9879807692307693 0.7764423076923077 0.9615384615384616 0.7764423076923077 0.9615384615384616 0.8149038461538461 0.9879807692307693 0.8149038461538461
0 0.6322115384615384 0.8004807692307693 0.6009615384615385 0.8004807692307693 0.6009615384615385 0.8581730769230769 0.6322115384615384 0.8581730769230769
0 0.7115384615384616 0.7932692307692307 0.6586538461538461 0.7932692307692307 0.6586538461538461 0.8581730769230769 0.7115384615384616 0.8581730769230769
0 0.5216346153846155 0.8509615384615384 0.4807692307692309 0.8509615384615384 0.4807692307692309 0.9110576923076923 0.5216346153846155 0.9110576923076923
0 0.8028846153846154 0.8533653846153846 0.7668269230769231 0.8533653846153846 0.7668269230769231 0.90625 0.8028846153846154 0.90625