0 0.8052884615384616 0.11778846153846165 0.7091346153846154 0.11778846153846165 0.7091346153846154 0.24519230769230776 0.8052884615384616 0.24519230769230776
0 0.5793269230769231 0.108173076923077 0.4543269230769231 0.108173076923077 0.4543269230769231 0.2788461538461539 0.5793269230769231 0.2788461538461539
0 1 0.3677884615384617 0.9375 0.3677884615384617 0.9375 0.5168269230769232 1 0.5168269230769232
0 0.2355769230769231 0.16346153846153846 0.12259615384615388 0.16346153846153846 0.12259615384615388 0.31971153846153844 0.23557692307692316 0.31971153846153844
0 0.6177884615384616 0.35576923076923084 0.49759615384615385 0.3557692307692308 0.49759615384615385 0.5048076923076924 0.6177884615384616 0.5048076923076924
0 0.4230769230769231 0.2908653846153847 0.31009615384615385 0.2908653846153847 0.31009615384615385 0.4326923076923077 0.4230769230769231 0.4326923076923077
0 0.7427884615384616 0.4615384615384617 0.6322115384615384 0.4615384615384617 0.6322115384615384 0.5961538461538463 0.7427884615384616 0.5961538461538463
0 0.9302884615384616 0.5504807692307694 0.8197115384615384 0.5504807692307694 0.8197115384615384 0.6778846153846154 0.9302884615384616 0.6778846153846154
0 0.65625 0.49519230769230776 0.5576923076923077 0.4951923076923077 0.5576923076923077 0.6105769230769231 0.65625 0.6105769230769232
0 0.5697115384615385 0.4783653846153847 0.4567307692307692 0.47836538461538464 0.4567307692307693 0.6225961538461539 0.5697115384615385 0.6225961538461539
0 0.3605769230769231 0.38461538461538464 0.24278846153846162 0.38461538461538464 0.24278846153846162 0.5408653846153846 0.3605769230769231 0.5408653846153846
0 0.7091346153846154 0.5216346153846155 0.5769230769230769 0.5216346153846155 0.576923076923077 0.6923076923076923 0.7091346153846154 0.6923076923076923
0 0.4278846153846155 0.3870192307692308 0.2788461538461539 0.3870192307692308 0.2788461538461539 0.5985576923076923 0.42788461538461553 0.5985576923076923
0 1 0.1466346153846155 0.9326923076923077 0.14663461538461547 0.9326923076923077 0.2884615384615386 1 0.2884615384615386
0 0.9375 0.75 0.84375 0.75 0.84375 0.8798076923076923 0.9375 0.8798076923076923
0 0.9086538461538461 0.08413461538461549 0.7644230769230769 0.08413461538461549 0.7644230769230769 0.2596153846153847 0.9086538461538461 0.25961538461538475
0 0.4567307692307692 5.0192855590053775e-17 0.3629807692307692 4.445232371905056e-17 0.3629807692307692 0.03846153846153851 0.4567307692307692 0.03846153846153851
0 0.4879807692307692 5.2400752463516556e-17 0.36778846153846156 4.5041096218640635e-17 0.36778846153846156 0.0961538461538462 0.4879807692307692 0.09615384615384623
0 0.8389423076923077 0.9158653846153846 0.7475961538461539 0.9158653846153846 0.7475961538461539 1 0.8389423076923077 1
0 0.07451923076923085 0.6610576923076923 8.095621869363514e-17 0.6610576923076923 8.684394368953586e-17 0.7572115384615384 0.07451923076923085 0.7572115384615384
0 0.4230769230769231 4.7984958716591e-17 0.3605769230769231 4.415793746925552e-17 0.3605769230769231 0.012019230769230817 0.4230769230769231 0.01201923076923082