0 0.9543269230769231 0.5024038461538463 0.9110576923076923 0.5024038461538463 0.9110576923076923 0.5360576923076924 0.9543269230769231 0.5360576923076924
0 0.24519230769230776 0.6754807692307693 0.21394230769230776 0.6754807692307693 0.21394230769230776 0.7043269230769231 0.24519230769230776 0.7043269230769231
0 0.28846153846153855 0.6850961538461539 0.24278846153846162 0.6850961538461539 0.24278846153846162 0.7211538461538461 0.28846153846153855 0.7211538461538461
0 0.3028846153846155 0.6057692307692307 0.2596153846153847 0.6057692307692307 0.2596153846153847 0.6346153846153846 0.3028846153846155 0.6346153846153846
0 0.35336538461538475 0.8076923076923077 0.3125000000000001 0.8076923076923077 0.3125000000000001 0.8365384615384616 0.35336538461538475 0.8365384615384616
0 0.35817307692307704 0.6177884615384616 0.32211538461538475 0.6177884615384616 0.32211538461538475 0.6466346153846154 0.35817307692307704 0.6466346153846154
0 0.3750000000000001 0.5697115384615384 0.32932692307692324 0.5697115384615384 0.32932692307692324 0.6057692307692307 0.3750000000000001 0.6057692307692307
0 0.3629807692307692 0.4567307692307692 0.3173076923076923 0.4567307692307692 0.3173076923076923 0.49759615384615385 0.3629807692307692 0.49759615384615385
0 0.4062500000000001 0.6754807692307693 0.3557692307692309 0.6754807692307693 0.3557692307692309 0.7067307692307693 0.4062500000000001 0.7067307692307693
0 0.4062500000000001 0.6081730769230769 0.36057692307692324 0.6081730769230769 0.36057692307692324 0.6370192307692307 0.4062500000000001 0.6370192307692307
0 0.42788461538461553 0.7043269230769231 0.3870192307692309 0.7043269230769231 0.3870192307692309 0.7355769230769231 0.42788461538461553 0.7355769230769231
0 0.4206730769230769 0.5144230769230769 0.3798076923076923 0.5144230769230769 0.3798076923076923 0.5432692307692307 0.4206730769230769 0.5432692307692307
0 0.4399038461538463 0.5721153846153846 0.3942307692307694 0.5721153846153846 0.3942307692307694 0.6081730769230769 0.4399038461538463 0.6081730769230769
0 0.4375 0.43509615384615385 0.3870192307692308 0.43509615384615385 0.3870192307692308 0.46875 0.4375 0.46875
0 0.47115384615384615 0.46153846153846156 0.43028846153846156 0.46153846153846156 0.43028846153846156 0.49278846153846156 0.47115384615384615 0.49278846153846156
0 0.4639423076923077 0.3942307692307692 0.4230769230769231 0.3942307692307692 0.4230769230769231 0.4254807692307692 0.4639423076923077 0.4254807692307692
0 0.4831730769230769 0.4230769230769231 0.4375 0.4230769230769231 0.4375 0.45913461538461536 0.4831730769230769 0.45913461538461536
0 0.4951923076923077 0.49759615384615385 0.4543269230769231 0.49759615384615385 0.4543269230769231 0.5240384615384616 0.4951923076923077 0.5240384615384616
0 0.5336538461538463 0.6418269230769231 0.48317307692307704 0.6418269230769231 0.48317307692307704 0.6706730769230769 0.5336538461538463 0.6706730769230769
0 0.5408653846153848 0.6538461538461539 0.5000000000000001 0.6538461538461539 0.5000000000000001 0.6923076923076923 0.5408653846153848 0.6923076923076923
0 0.5096153846153846 0.3918269230769231 0.4831730769230769 0.3918269230769231 0.4831730769230769 0.41586538461538464 0.5096153846153846 0.41586538461538464
0 0.5336538461538461 0.47836538461538464 0.49759615384615385 0.47836538461538464 0.49759615384615385 0.5096153846153846 0.5336538461538461 0.5096153846153846
0 0.5673076923076924 0.6850961538461539 0.5216346153846155 0.6850961538461539 0.5216346153846155 0.71875 0.5673076923076924 0.71875
0 0.5360576923076923 0.40625 0.49038461538461536 0.40625 0.49038461538461536 0.4375 0.5360576923076923 0.4375
0 0.5793269230769231 0.5168269230769231 0.5288461538461539 0.5168269230769231 0.5288461538461539 0.5528846153846154 0.5793269230769231 0.5528846153846155
0 0.6322115384615384 0.6153846153846154 0.6033653846153848 0.6153846153846154 0.6033653846153848 0.6394230769230769 0.6322115384615384 0.6394230769230769
0 0.6105769230769231 0.39182692307692324 0.5769230769230769 0.39182692307692324 0.5769230769230769 0.42067307692307704 0.6105769230769231 0.42067307692307704
0 0.6322115384615384 0.4062500000000001 0.5817307692307693 0.4062500000000001 0.5817307692307693 0.44711538461538475 0.6322115384615384 0.44711538461538475
0 0.6610576923076923 0.6129807692307694 0.625 0.6129807692307694 0.625 0.6370192307692307 0.6610576923076923 0.6370192307692307
0 0.6658653846153846 0.5216346153846155 0.6105769230769231 0.5216346153846155 0.6105769230769231 0.560096153846154 0.6658653846153846 0.560096153846154
0 0.6778846153846154 0.5456730769230771 0.6370192307692307 0.5456730769230771 0.6370192307692307 0.574519230769231 0.6778846153846154 0.574519230769231
0 0.6682692307692307 0.4014423076923078 0.625 0.4014423076923078 0.625 0.43509615384615397 0.6682692307692307 0.43509615384615397
0 0.7283653846153846 0.7836538461538461 0.6850961538461539 0.7836538461538461 0.6850961538461539 0.8149038461538461 0.7283653846153846 0.8149038461538461
0 0.7379807692307693 0.7620192307692307 0.6947115384615384 0.7620192307692307 0.6947115384615384 0.7932692307692307 0.7379807692307693 0.7932692307692307
0 0.7211538461538461 0.5312500000000001 0.6802884615384616 0.5312500000000001 0.6802884615384616 0.5625000000000001 0.7211538461538461 0.5625000000000001
0 0.7019230769230769 0.39182692307692324 0.6754807692307693 0.39182692307692324 0.6754807692307693 0.4134615384615386 0.7019230769230769 0.4134615384615386
0 0.7283653846153846 0.47355769230769246 0.6923076923076923 0.47355769230769246 0.6923076923076923 0.49759615384615397 0.7283653846153846 0.49759615384615397
0 0.7355769230769231 0.4399038461538463 0.6826923076923077 0.4399038461538463 0.6826923076923077 0.47836538461538475 0.7355769230769231 0.47836538461538475
0 0.7644230769230769 0.4182692307692309 0.7235576923076923 0.4182692307692309 0.7235576923076923 0.4495192307692309 0.7644230769230769 0.4495192307692309
0 0.8028846153846154 0.46634615384615397 0.7644230769230769 0.46634615384615397 0.7644230769230769 0.4951923076923078 0.8028846153846154 0.4951923076923078
0 0.8269230769230769 0.4615384615384617 0.7860576923076923 0.4615384615384617 0.7860576923076923 0.4879807692307694 0.8269230769230769 0.4879807692307694
0 0.8774038461538461 0.7427884615384616 0.8413461538461539 0.7427884615384616 0.8413461538461539 0.7740384615384616 0.8774038461538461 0.7740384615384616
0 0.9110576923076923 0.7403846153846154 0.8725961538461539 0.7403846153846154 0.8725961538461539 0.7716346153846154 0.9110576923076923 0.7716346153846154
0 0.8966346153846154 0.4759615384615386 0.8557692307692307 0.4759615384615386 0.8557692307692307 0.5024038461538463 0.8966346153846154 0.5024038461538463