0 0.28846153846153855 0.3581730769230769 0.2163461538461539 0.3581730769230769 0.2163461538461539 0.40384615384615385 0.28846153846153855 0.40384615384615385
0 0.3317307692307692 0.37740384615384615 0.2524038461538462 0.37740384615384615 0.2524038461538462 0.42788461538461536 0.3317307692307692 0.42788461538461536
0 0.30288461538461536 0.24278846153846156 0.25961538461538464 0.24278846153846154 0.25961538461538464 0.27884615384615385 0.30288461538461536 0.2788461538461539
0 0.3293269230769231 0.2836538461538462 0.25721153846153855 0.28365384615384615 0.25721153846153855 0.3293269230769231 0.3293269230769231 0.3293269230769231
0 0.4567307692307694 0.7740384615384616 0.37259615384615397 0.7740384615384616 0.37259615384615397 0.8341346153846154 0.4567307692307694 0.8341346153846154
0 0.36778846153846156 0.3004807692307693 0.2836538461538462 0.3004807692307693 0.2836538461538462 0.3557692307692308 0.36778846153846156 0.3557692307692308
0 0.3557692307692308 0.17067307692307698 0.28846153846153844 0.17067307692307698 0.28846153846153844 0.2163461538461539 0.3557692307692308 0.2163461538461539
0 0.3918269230769231 0.18269230769230776 0.3173076923076923 0.18269230769230776 0.3173076923076923 0.2379807692307693 0.3918269230769231 0.2379807692307693
0 0.48317307692307704 0.5913461538461539 0.4086538461538463 0.5913461538461539 0.4086538461538463 0.6514423076923077 0.48317307692307704 0.6514423076923077
0 0.43990384615384615 0.2379807692307693 0.36538461538461536 0.2379807692307693 0.36538461538461536 0.28846153846153855 0.43990384615384615 0.28846153846153855
0 0.5072115384615384 0.5024038461538461 0.43509615384615385 0.5024038461538461 0.43509615384615385 0.5528846153846154 0.5072115384615384 0.5528846153846154
0 0.49038461538461536 0.41346153846153844 0.4254807692307692 0.41346153846153844 0.4254807692307692 0.46153846153846156 0.49038461538461536 0.46153846153846156
0 0.4951923076923077 0.3317307692307692 0.4254807692307692 0.3317307692307692 0.4254807692307692 0.3798076923076923 0.4951923076923077 0.3798076923076923
0 0.5048076923076923 0.2908653846153847 0.4375 0.2908653846153847 0.4375 0.33413461538461536 0.5048076923076923 0.33413461538461536
0 0.5336538461538461 0.34615384615384615 0.4567307692307692 0.34615384615384615 0.4567307692307692 0.4014423076923077 0.5336538461538461 0.4014423076923077
0 0.5793269230769231 0.5432692307692308 0.5072115384615384 0.5432692307692307 0.5072115384615385 0.5841346153846154 0.5793269230769232 0.5841346153846155
0 0.5216346153846154 0.21153846153846162 0.43990384615384615 0.21153846153846162 0.43990384615384615 0.26682692307692313 0.5216346153846154 0.26682692307692313
0 0.5793269230769231 0.4975961538461539 0.5048076923076923 0.49759615384615385 0.5048076923076923 0.545673076923077 0.5793269230769231 0.5456730769230771
0 0.5937500000000001 0.5120192307692308 0.5360576923076923 0.5120192307692307 0.5360576923076924 0.5625000000000001 0.5937500000000001 0.5625000000000001
0 0.5625 0.3221153846153847 0.4951923076923077 0.32211538461538464 0.4951923076923077 0.3725961538461539 0.5625 0.37259615384615397
0 0.6442307692307693 0.528846153846154 0.5841346153846154 0.528846153846154 0.5841346153846154 0.5769230769230771 0.6442307692307693 0.5769230769230771
0 0.5913461538461539 0.16826923076923084 0.5120192307692307 0.16826923076923084 0.5120192307692307 0.22355769230769237 0.5913461538461539 0.22355769230769237
0 0.6634615384615384 0.39663461538461553 0.5817307692307693 0.39663461538461553 0.5817307692307693 0.4447115384615386 0.6634615384615384 0.4447115384615386
0 0.6682692307692307 0.4567307692307694 0.6033653846153846 0.4567307692307694 0.6033653846153846 0.5072115384615385 0.6682692307692307 0.5072115384615385
0 0.6322115384615384 0.23317307692307698 0.5793269230769231 0.23317307692307698 0.5793269230769231 0.28125000000000006 0.6322115384615384 0.28125000000000006
0 0.7115384615384616 0.6514423076923077 0.6466346153846154 0.6514423076923077 0.6466346153846154 0.6971153846153846 0.7115384615384616 0.6971153846153846
0 0.6778846153846154 0.3557692307692309 0.6009615384615384 0.3557692307692309 0.6009615384615384 0.4062500000000001 0.6778846153846154 0.4062500000000001
0 0.6754807692307693 0.29807692307692313 0.6009615384615384 0.29807692307692313 0.6009615384615384 0.3509615384615386 0.6754807692307693 0.3509615384615386
0 0.6778846153846154 0.25721153846153855 0.5913461538461539 0.25721153846153855 0.5913461538461539 0.3149038461538463 0.6778846153846154 0.3149038461538463
0 0.6778846153846154 0.24519230769230776 0.6201923076923077 0.24519230769230776 0.6201923076923077 0.2860576923076924 0.6778846153846154 0.2860576923076924
0 0.7211538461538461 0.32932692307692324 0.6442307692307693 0.32932692307692324 0.6442307692307693 0.38461538461538475 0.7211538461538461 0.38461538461538475
0 0.7019230769230769 0.2740384615384616 0.6466346153846154 0.2740384615384616 0.6466346153846154 0.3076923076923078 0.7019230769230769 0.3076923076923078
0 0.7307692307692307 0.31730769230769246 0.6586538461538461 0.31730769230769246 0.6586538461538461 0.37259615384615397 0.7307692307692307 0.37259615384615397
0 0.7403846153846154 0.21394230769230776 0.6826923076923077 0.21394230769230776 0.6826923076923077 0.25721153846153855 0.7403846153846154 0.25721153846153855
0 0.7980769230769231 0.44230769230769246 0.7427884615384616 0.44230769230769246 0.7427884615384616 0.49038461538461553 0.7980769230769231 0.49038461538461553
0 0.8004807692307693 0.21394230769230776 0.7259615384615384 0.21394230769230776 0.7259615384615384 0.2692307692307693 0.8004807692307693 0.2692307692307693
0 0.8076923076923077 0.28125000000000006 0.7451923076923077 0.28125000000000006 0.7451923076923077 0.32932692307692324 0.8076923076923077 0.32932692307692324
0 0.8653846153846154 0.2908653846153847 0.7980769230769231 0.2908653846153847 0.7980769230769231 0.3365384615384617 0.8653846153846154 0.3365384615384617
0 0.8894230769230769 0.36538461538461553 0.8149038461538461 0.36538461538461553 0.8149038461538461 0.41586538461538475 0.8894230769230769 0.41586538461538475
0 0.9206730769230769 0.5625000000000001 0.8822115384615384 0.5625000000000001 0.8822115384615384 0.5985576923076924 0.9206730769230769 0.5985576923076924
0 0.9350961538461539 0.5625000000000001 0.8990384615384616 0.5625000000000001 0.8990384615384616 0.5961538461538463 0.9350961538461539 0.5961538461538463