0 0.07692307692307696 0.22355769230769232 0.016826923076923104 0.22355769230769232 0.016826923076923107 0.28846153846153844 0.07692307692307696 0.28846153846153844
0 0.05288461538461543 0.3894230769230769 0.004807692307692355 0.3894230769230769 0.004807692307692358 0.4375 0.05288461538461543 0.4375
0 0.8894230769230769 0.4615384615384617 0.7956730769230769 0.4615384615384617 0.7956730769230769 0.528846153846154 0.8894230769230769 0.528846153846154
0 0.8870192307692307 0.15384615384615394 0.7307692307692307 0.1538461538461539 0.7307692307692307 0.24278846153846165 0.8870192307692307 0.24278846153846168
0 0.8822115384615384 0.3870192307692309 0.7548076923076923 0.3870192307692309 0.7548076923076923 0.4759615384615386 0.8822115384615384 0.4759615384615386
0 0.8870192307692307 0.7620192307692307 0.7956730769230769 0.7620192307692307 0.7956730769230769 0.8245192307692307 0.8870192307692307 0.8245192307692307
0 0.8509615384615384 0.5360576923076924 0.7548076923076923 0.5360576923076924 0.7548076923076923 0.5961538461538463 0.8509615384615384 0.5961538461538463
0 0.8100961538461539 0.574519230769231 0.7043269230769231 0.574519230769231 0.7043269230769231 0.6538461538461539 0.8100961538461539 0.6538461538461539
0 0.7716346153846154 0.41105769230769246 0.6658653846153846 0.41105769230769246 0.6658653846153846 0.4879807692307694 0.7716346153846154 0.4879807692307694
0 0.7620192307692307 0.5480769230769232 0.6754807692307693 0.5480769230769232 0.6754807692307693 0.6081730769230771 0.7620192307692307 0.6081730769230771
0 0.6682692307692307 0.40384615384615397 0.5769230769230769 0.40384615384615397 0.5769230769230769 0.4639423076923078 0.6682692307692307 0.4639423076923078
0 0.6730769230769231 0.16105769230769237 0.5168269230769231 0.16105769230769237 0.5168269230769231 0.2524038461538462 0.6730769230769231 0.2524038461538462
0 0.6370192307692307 0.4086538461538462 0.5456730769230769 0.40865384615384615 0.5456730769230769 0.4711538461538462 0.6370192307692307 0.4711538461538463
0 0.9855769230769231 0.6778846153846154 0.9206730769230769 0.6778846153846154 0.9206730769230769 0.75 0.9855769230769231 0.75
0 0.5889423076923077 0.5096153846153847 0.4230769230769231 0.5096153846153846 0.42307692307692313 0.5961538461538463 0.5889423076923078 0.5961538461538463
0 0.5817307692307694 0.6754807692307693 0.45913461538461553 0.6754807692307693 0.45913461538461553 0.7644230769230769 0.5817307692307694 0.7644230769230769
0 0.4975961538461539 0.5408653846153846 0.3629807692307692 0.5408653846153846 0.3629807692307693 0.6201923076923077 0.49759615384615397 0.6201923076923077
0 0.4567307692307692 0.40625 0.3173076923076923 0.40625 0.3173076923076923 0.49038461538461536 0.4567307692307692 0.49038461538461536
0 0.39903846153846156 0.3605769230769231 0.29326923076923084 0.3605769230769231 0.29326923076923084 0.42788461538461536 0.39903846153846156 0.42788461538461536
0 0.3461538461538463 0.6177884615384616 0.2548076923076924 0.6177884615384616 0.2548076923076924 0.6778846153846154 0.3461538461538463 0.6778846153846154
0 0.32692307692307704 0.5673076923076923 0.22596153846153852 0.5673076923076923 0.22596153846153852 0.6418269230769231 0.32692307692307704 0.6418269230769231
0 0.295673076923077 0.38221153846153844 0.21153846153846162 0.38221153846153844 0.21153846153846162 0.44471153846153844 0.295673076923077 0.44471153846153844
0 0.3028846153846155 0.5264423076923077 0.1538461538461539 0.5264423076923077 0.1538461538461539 0.6057692307692307 0.3028846153846155 0.6057692307692307
0 0.9903846153846154 0.5384615384615385 0.8653846153846154 0.5384615384615385 0.8653846153846154 0.6177884615384616 0.9903846153846154 0.6177884615384616
0 0.21875000000000006 0.4735576923076923 0.08894230769230776 0.4735576923076923 0.08894230769230776 0.5456730769230769 0.21875000000000006 0.5456730769230769
0 0.15865384615384615 0.09615384615384617 0.05528846153846156 0.09615384615384616 0.05528846153846156 0.17548076923076922 0.15865384615384615 0.17548076923076922
0 0.07692307692307696 0.22355769230769232 0.016826923076923104 0.22355769230769232 0.016826923076923107 0.29086538461538464 0.07692307692307696 0.29086538461538464