0 0.4326923076923078 0.9110576923076923 0.3677884615384617 0.9110576923076923 0.3677884615384617 0.9543269230769231 0.4326923076923078 0.9543269230769231
0 0.96875 0.4254807692307694 0.9230769230769231 0.4254807692307694 0.9230769230769231 0.4495192307692309 0.96875 0.4495192307692309
0 0.8100961538461539 0.43509615384615397 0.7668269230769231 0.43509615384615397 0.7668269230769231 0.46634615384615397 0.8100961538461539 0.46634615384615397
0 0.7475961538461539 0.4134615384615386 0.7019230769230769 0.4134615384615386 0.7019230769230769 0.44711538461538475 0.7475961538461539 0.44711538461538475
0 0.8653846153846154 0.30048076923076933 0.8173076923076923 0.3004807692307693 0.8173076923076923 0.3317307692307694 0.8653846153846154 0.3317307692307694
0 0.84375 0.2908653846153847 0.7932692307692307 0.2908653846153847 0.7932692307692307 0.3245192307692309 0.84375 0.3245192307692309
0 0.8341346153846154 0.1298076923076924 0.7932692307692307 0.1298076923076924 0.7932692307692307 0.1538461538461539 0.8341346153846154 0.1538461538461539
0 0.6129807692307693 0.11057692307692314 0.5625 0.11057692307692314 0.5625 0.1442307692307693 0.6129807692307693 0.1442307692307693
0 0.7043269230769231 0.1538461538461539 0.6634615384615384 0.1538461538461539 0.6634615384615384 0.18269230769230776 0.7043269230769231 0.18269230769230776
0 0.7307692307692307 0.2163461538461539 0.6923076923076923 0.2163461538461539 0.6923076923076923 0.24278846153846162 0.7307692307692307 0.24278846153846162
0 0.7139423076923077 0.25721153846153855 0.6682692307692307 0.25721153846153855 0.6682692307692307 0.2908653846153847 0.7139423076923077 0.2908653846153847
0 0.7163461538461539 0.29807692307692313 0.6754807692307693 0.29807692307692313 0.6754807692307693 0.33413461538461553 0.7163461538461539 0.33413461538461553
0 0.6923076923076923 0.29326923076923084 0.6514423076923077 0.29326923076923084 0.6514423076923077 0.32211538461538475 0.6923076923076923 0.32211538461538475
0 0.5649038461538461 0.31250000000000006 0.5264423076923077 0.3125 0.5264423076923077 0.3461538461538462 0.5649038461538461 0.3461538461538463
0 0.5865384615384616 0.2908653846153847 0.5360576923076923 0.2908653846153847 0.5360576923076923 0.326923076923077 0.5865384615384616 0.32692307692307704
0 0.5817307692307693 0.2524038461538462 0.5432692307692307 0.2524038461538462 0.5432692307692307 0.28125000000000006 0.5817307692307693 0.28125000000000006
0 0.5264423076923077 0.36538461538461536 0.4807692307692308 0.36538461538461536 0.4807692307692308 0.39903846153846156 0.5264423076923077 0.39903846153846156
0 0.38461538461538464 0.3004807692307693 0.34134615384615385 0.3004807692307693 0.34134615384615385 0.3245192307692308 0.38461538461538464 0.3245192307692308
0 0.375 0.23076923076923084 0.3317307692307692 0.23076923076923084 0.3317307692307692 0.25721153846153855 0.375 0.25721153846153855
0 0.33413461538461536 0.1754807692307693 0.28846153846153844 0.1754807692307693 0.28846153846153844 0.20432692307692316 0.33413461538461536 0.20432692307692316
0 0.38221153846153844 0.16346153846153852 0.3485576923076923 0.16346153846153852 0.3485576923076923 0.19471153846153852 0.38221153846153844 0.19471153846153852
0 0.4879807692307692 0.2692307692307693 0.44711538461538464 0.2692307692307693 0.44711538461538464 0.29807692307692313 0.4879807692307692 0.29807692307692313
0 0.5072115384615384 0.2548076923076924 0.47115384615384615 0.2548076923076924 0.47115384615384615 0.28125000000000006 0.5072115384615384 0.28125000000000006
0 0.6418269230769231 0.22115384615384623 0.6009615384615384 0.22115384615384623 0.6009615384615384 0.25000000000000006 0.6418269230769231 0.25000000000000006
0 0.6298076923076923 0.20913461538461545 0.5889423076923077 0.20913461538461545 0.5889423076923077 0.24038461538461545 0.6298076923076923 0.24038461538461545
0 0.6322115384615384 0.17788461538461545 0.5985576923076923 0.17788461538461545 0.5985576923076923 0.2067307692307693 0.6322115384615384 0.2067307692307693
0 0.5480769230769231 0.11538461538461545 0.47836538461538464 0.11538461538461545 0.47836538461538464 0.15625000000000006 0.5480769230769231 0.15625000000000006
0 0.5649038461538461 0.18269230769230776 0.5336538461538461 0.18269230769230776 0.5336538461538461 0.21153846153846162 0.5649038461538461 0.21153846153846162
0 0.4639423076923077 0.21394230769230776 0.4206730769230769 0.21394230769230776 0.4206730769230769 0.2475961538461539 0.4639423076923077 0.2475961538461539
0 0.4495192307692308 0.2548076923076924 0.4206730769230769 0.2548076923076924 0.4206730769230769 0.28125000000000006 0.4495192307692308 0.28125000000000006
0 0.4230769230769231 0.19951923076923084 0.38221153846153844 0.19951923076923084 0.38221153846153844 0.23317307692307698 0.4230769230769231 0.23317307692307698
0 0.5336538461538461 0.18028846153846162 0.4879807692307692 0.18028846153846162 0.4879807692307692 0.20913461538461545 0.5336538461538461 0.20913461538461545
0 0.5576923076923077 0.1658653846153847 0.5120192307692307 0.1658653846153847 0.5120192307692307 0.19230769230769237 0.5576923076923077 0.19230769230769237
0 0.5673076923076923 0.16105769230769237 0.5288461538461539 0.16105769230769237 0.5288461538461539 0.1850961538461539 0.5673076923076923 0.1850961538461539
0 0.5 0.16826923076923084 0.4567307692307692 0.16826923076923084 0.4567307692307692 0.19471153846153852 0.5 0.19471153846153852
0 0.4423076923076923 0.24038461538461545 0.39663461538461536 0.24038461538461545 0.39663461538461536 0.2692307692307693 0.4423076923076923 0.2692307692307693
0 0.4495192307692308 0.1538461538461539 0.39903846153846156 0.1538461538461539 0.39903846153846156 0.18990384615384623 0.4495192307692308 0.18990384615384623
0 0.49759615384615385 0.14903846153846162 0.4567307692307692 0.14903846153846162 0.4567307692307692 0.1754807692307693 0.49759615384615385 0.1754807692307693
0 0.47115384615384615 0.15625000000000006 0.4375 0.15625000000000006 0.4375 0.17788461538461545 0.47115384615384615 0.17788461538461545