0 0.1850961538461539 0.4831730769230769 0.1177884615384616 0.4831730769230769 0.1177884615384616 0.5216346153846154 0.1850961538461539 0.5216346153846154
0 0.23076923076923084 0.5384615384615384 0.18750000000000006 0.5384615384615384 0.18750000000000006 0.5721153846153846 0.23076923076923084 0.5721153846153846
0 0.22355769230769237 0.4182692307692308 0.1754807692307693 0.4182692307692308 0.1754807692307693 0.4495192307692308 0.22355769230769237 0.4495192307692308
0 0.2788461538461539 0.5985576923076923 0.22115384615384623 0.5985576923076923 0.22115384615384623 0.6346153846153846 0.2788461538461539 0.6346153846153846
0 0.28846153846153855 0.6442307692307693 0.24038461538461545 0.6442307692307693 0.24038461538461545 0.6778846153846154 0.28846153846153855 0.6778846153846154
0 0.2692307692307693 0.47596153846153844 0.20913461538461545 0.47596153846153844 0.20913461538461545 0.5192307692307693 0.2692307692307693 0.5192307692307693
0 0.3052884615384616 0.5841346153846154 0.26682692307692313 0.5841346153846154 0.26682692307692313 0.6105769230769231 0.3052884615384616 0.6105769230769231
0 0.3173076923076924 0.5576923076923077 0.27644230769230776 0.5576923076923077 0.27644230769230776 0.5889423076923077 0.31730769230769246 0.5889423076923077
0 0.32692307692307704 0.6009615384615384 0.28846153846153855 0.6009615384615384 0.28846153846153855 0.6298076923076923 0.32692307692307704 0.6298076923076923
0 0.3076923076923077 0.375 0.24519230769230776 0.375 0.24519230769230776 0.41346153846153844 0.3076923076923077 0.41346153846153844
0 0.3629807692307694 0.6995192307692307 0.3197115384615386 0.6995192307692307 0.3197115384615386 0.7331730769230769 0.3629807692307694 0.7331730769230769
0 0.3437500000000001 0.6153846153846154 0.3052884615384616 0.6153846153846154 0.3052884615384616 0.6418269230769231 0.3437500000000001 0.6418269230769231
0 0.3125 0.43028846153846156 0.2692307692307693 0.43028846153846156 0.2692307692307693 0.4639423076923077 0.3125 0.4639423076923077
0 0.37259615384615397 0.6706730769230769 0.32932692307692324 0.6706730769230769 0.32932692307692324 0.7019230769230769 0.37259615384615397 0.7019230769230769
0 0.3629807692307694 0.5600961538461539 0.3245192307692309 0.5600961538461539 0.3245192307692309 0.5913461538461539 0.3629807692307694 0.5913461538461539
0 0.3942307692307694 0.6274038461538461 0.3365384615384617 0.6274038461538461 0.3365384615384617 0.6610576923076923 0.3942307692307694 0.6610576923076923
0 0.34615384615384615 0.32211538461538464 0.295673076923077 0.32211538461538464 0.295673076923077 0.3557692307692308 0.34615384615384615 0.3557692307692308
0 0.4447115384615386 0.6682692307692307 0.3822115384615386 0.6682692307692307 0.3822115384615386 0.7067307692307693 0.4447115384615386 0.7067307692307693
0 0.4495192307692309 0.65625 0.40384615384615397 0.65625 0.40384615384615397 0.6826923076923077 0.4495192307692309 0.6826923076923077
0 0.45432692307692324 0.5649038461538461 0.4014423076923078 0.5649038461538461 0.4014423076923078 0.6033653846153846 0.45432692307692324 0.6033653846153846
0 0.4879807692307694 0.6586538461538461 0.4302884615384617 0.6586538461538461 0.4302884615384617 0.6947115384615384 0.4879807692307694 0.6947115384615384
0 0.5024038461538463 0.59375 0.44711538461538475 0.59375 0.44711538461538475 0.6298076923076923 0.5024038461538463 0.6298076923076923
0 0.5216346153846155 0.5649038461538461 0.4807692307692309 0.5649038461538461 0.4807692307692309 0.5961538461538461 0.5216346153846155 0.5961538461538461
0 0.49038461538461536 0.3605769230769231 0.43509615384615385 0.3605769230769231 0.43509615384615385 0.4014423076923077 0.49038461538461536 0.4014423076923077
0 0.574519230769231 0.6610576923076923 0.5096153846153848 0.6610576923076923 0.5096153846153848 0.7043269230769231 0.574519230769231 0.7043269230769231
0 0.5264423076923077 0.4326923076923077 0.46634615384615385 0.4326923076923077 0.46634615384615385 0.46875 0.5264423076923077 0.46875
0 0.5408653846153846 0.47836538461538464 0.47836538461538464 0.47836538461538464 0.47836538461538464 0.5192307692307693 0.5408653846153846 0.5192307692307693
0 0.5576923076923078 0.6033653846153846 0.5168269230769232 0.6033653846153846 0.5168269230769232 0.6346153846153846 0.5576923076923078 0.6346153846153846
0 0.5889423076923078 0.591346153846154 0.5456730769230771 0.5913461538461539 0.5456730769230771 0.625 0.5889423076923078 0.625
0 0.6009615384615385 0.6177884615384616 0.5504807692307694 0.6177884615384616 0.5504807692307694 0.6514423076923077 0.6009615384615385 0.6514423076923077
0 0.5721153846153846 0.4591346153846155 0.53125 0.45913461538461536 0.53125 0.4927884615384616 0.5721153846153846 0.4927884615384617
0 0.5865384615384616 0.40144230769230776 0.5336538461538461 0.4014423076923077 0.5336538461538461 0.4399038461538462 0.5865384615384616 0.4399038461538463
0 0.65625 0.6442307692307693 0.6129807692307694 0.6442307692307693 0.6129807692307694 0.6754807692307693 0.65625 0.6754807692307693
0 0.6778846153846154 0.5552884615384617 0.6201923076923077 0.5552884615384617 0.6201923076923077 0.5937500000000001 0.6778846153846154 0.5937500000000001
0 0.6706730769230769 0.528846153846154 0.6298076923076923 0.528846153846154 0.6298076923076923 0.5576923076923078 0.6706730769230769 0.5576923076923078
0 0.6899038461538461 0.5721153846153848 0.6490384615384616 0.5721153846153848 0.6490384615384616 0.6009615384615385 0.6899038461538461 0.6009615384615385
0 0.7716346153846154 0.4495192307692309 0.7355769230769231 0.4495192307692309 0.7355769230769231 0.4807692307692309 0.7716346153846154 0.4807692307692309
0 0.8004807692307693 0.4182692307692309 0.7524038461538461 0.4182692307692309 0.7524038461538461 0.45192307692307704 0.8004807692307693 0.45192307692307704
0 0.8677884615384616 0.5793269230769232 0.8317307692307693 0.5793269230769232 0.8317307692307693 0.605769230769231 0.8677884615384616 0.605769230769231