0 0.46634615384615385 0.2596153846153847 0.4423076923076923 0.2596153846153847 0.4423076923076923 0.2908653846153847 0.46634615384615385 0.2908653846153847
0 0.5096153846153846 0.2524038461538462 0.47836538461538464 0.2524038461538462 0.47836538461538464 0.2908653846153847 0.5096153846153846 0.2908653846153847
0 0.46634615384615385 0.3245192307692308 0.4423076923076923 0.3245192307692308 0.4423076923076923 0.3557692307692308 0.46634615384615385 0.3557692307692308
0 0.3942307692307692 0.3581730769230769 0.3701923076923077 0.3581730769230769 0.3701923076923077 0.3918269230769231 0.3942307692307692 0.3918269230769231
0 0.6610576923076923 0.3052884615384616 0.6370192307692307 0.3052884615384616 0.6370192307692307 0.3365384615384617 0.6610576923076923 0.3365384615384617
0 0.41346153846153844 0.37740384615384615 0.3918269230769231 0.37740384615384615 0.3918269230769231 0.4014423076923077 0.41346153846153844 0.4014423076923077
0 0.5192307692307693 0.3918269230769231 0.5 0.3918269230769231 0.5 0.41586538461538464 0.5192307692307693 0.41586538461538464
0 0.4807692307692308 0.40384615384615385 0.4567307692307692 0.40384615384615385 0.4567307692307692 0.4326923076923077 0.4807692307692308 0.4326923076923077
0 0.3293269230769231 0.4855769230769231 0.3076923076923077 0.4855769230769231 0.3076923076923077 0.5048076923076923 0.3293269230769231 0.5048076923076923
0 0.3004807692307693 0.4831730769230769 0.2692307692307693 0.4831730769230769 0.2692307692307693 0.5264423076923077 0.3004807692307693 0.5264423076923077
0 0.4206730769230769 0.4951923076923077 0.39663461538461536 0.4951923076923077 0.39663461538461536 0.5192307692307693 0.4206730769230769 0.5192307692307693
0 0.4543269230769231 0.49759615384615385 0.43028846153846156 0.49759615384615385 0.43028846153846156 0.5288461538461539 0.4543269230769231 0.5288461538461539
0 0.59375 0.4711538461538463 0.5673076923076923 0.4711538461538463 0.5673076923076923 0.5024038461538463 0.59375 0.5024038461538463
0 0.3317307692307693 0.5552884615384616 0.3052884615384616 0.5552884615384616 0.3052884615384616 0.5865384615384616 0.3317307692307694 0.5865384615384616
0 0.5480769230769231 0.4951923076923077 0.5240384615384616 0.4951923076923077 0.5240384615384616 0.5336538461538461 0.5480769230769231 0.5336538461538461
0 0.47115384615384615 0.5192307692307693 0.43990384615384615 0.5192307692307693 0.43990384615384615 0.5552884615384616 0.47115384615384615 0.5552884615384616
0 0.4471153846153847 0.5336538461538461 0.4254807692307692 0.5336538461538461 0.4254807692307693 0.5673076923076923 0.44711538461538475 0.5673076923076923
0 0.31009615384615397 0.5817307692307693 0.2836538461538462 0.5817307692307693 0.2836538461538462 0.6177884615384616 0.31009615384615397 0.6177884615384616
0 0.4350961538461539 0.5528846153846154 0.40625 0.5528846153846154 0.40625000000000006 0.5913461538461539 0.43509615384615397 0.5913461538461539
0 0.7884615384615384 0.4711538461538463 0.7644230769230769 0.4711538461538463 0.7644230769230769 0.5024038461538463 0.7884615384615384 0.5024038461538463
0 0.36538461538461553 0.59375 0.32932692307692324 0.59375 0.32932692307692324 0.6298076923076923 0.36538461538461553 0.6298076923076923
0 0.3509615384615386 0.6129807692307693 0.3245192307692309 0.6129807692307693 0.3245192307692309 0.6514423076923077 0.3509615384615386 0.6514423076923077
0 0.3774038461538463 0.6322115384615384 0.3509615384615386 0.6322115384615384 0.3509615384615386 0.6706730769230769 0.3774038461538463 0.6706730769230769
0 0.4182692307692309 0.6274038461538461 0.39182692307692324 0.6274038461538461 0.39182692307692324 0.65625 0.4182692307692309 0.65625
0 0.36538461538461553 0.6490384615384616 0.34134615384615397 0.6490384615384616 0.34134615384615397 0.6875 0.36538461538461553 0.6875
0 0.5216346153846155 0.6177884615384616 0.49759615384615397 0.6177884615384616 0.49759615384615397 0.6442307692307693 0.5216346153846155 0.6442307692307693
0 0.5168269230769232 0.6322115384615384 0.49038461538461553 0.6322115384615384 0.49038461538461553 0.6610576923076923 0.5168269230769232 0.6610576923076923
0 0.6201923076923077 0.6105769230769232 0.5985576923076924 0.6105769230769232 0.5985576923076924 0.6370192307692307 0.6201923076923077 0.6370192307692307
0 0.6971153846153846 0.591346153846154 0.6682692307692307 0.591346153846154 0.6682692307692307 0.6298076923076923 0.6971153846153846 0.6298076923076923
0 0.3990384615384617 0.6923076923076923 0.3750000000000001 0.6923076923076923 0.3750000000000001 0.7211538461538461 0.3990384615384617 0.7211538461538461
0 0.6514423076923077 0.6298076923076923 0.6322115384615384 0.6298076923076923 0.6322115384615384 0.6490384615384616 0.6514423076923077 0.6490384615384616
0 0.4182692307692309 0.6947115384615384 0.3942307692307694 0.6947115384615384 0.3942307692307694 0.7259615384615384 0.4182692307692309 0.7259615384615384
0 0.4807692307692309 0.71875 0.4615384615384617 0.71875 0.4615384615384617 0.75 0.4807692307692309 0.75
0 0.45192307692307704 0.7259615384615384 0.4302884615384617 0.7259615384615384 0.4302884615384617 0.7572115384615384 0.45192307692307704 0.7572115384615384
0 0.5240384615384617 0.7067307692307693 0.49759615384615397 0.7067307692307693 0.49759615384615397 0.7451923076923077 0.5240384615384617 0.7451923076923077
0 0.6634615384615384 0.6802884615384616 0.6442307692307693 0.6802884615384616 0.6442307692307693 0.7067307692307693 0.6634615384615384 0.7067307692307693
0 0.5576923076923078 0.7403846153846154 0.5384615384615385 0.7403846153846154 0.5384615384615385 0.7620192307692307 0.5576923076923078 0.7620192307692307
0 0.5961538461538463 0.75 0.574519230769231 0.75 0.574519230769231 0.78125 0.5961538461538463 0.78125
0 0.5144230769230771 0.7860576923076923 0.49759615384615397 0.7860576923076923 0.49759615384615397 0.8125 0.5144230769230771 0.8125
0 0.528846153846154 0.7860576923076923 0.5048076923076924 0.7860576923076923 0.5048076923076924 0.8221153846153846 0.528846153846154 0.8221153846153846
0 0.75 0.7740384615384616 0.7283653846153846 0.7740384615384616 0.7283653846153846 0.8004807692307693 0.75 0.8004807692307693
0 0.7019230769230769 0.8221153846153846 0.6778846153846154 0.8221153846153846 0.6778846153846154 0.8509615384615384 0.7019230769230769 0.8509615384615384
0 0.8004807692307693 0.7980769230769231 0.7764423076923077 0.7980769230769231 0.7764423076923077 0.8245192307692307 0.8004807692307693 0.8245192307692307