0 0.7475961538461539 0.39182692307692324 0.7115384615384616 0.39182692307692324 0.7115384615384616 0.41586538461538475 0.7475961538461539 0.41586538461538475
0 0.7163461538461539 0.5216346153846155 0.6802884615384616 0.5216346153846155 0.6802884615384616 0.5456730769230771 0.7163461538461539 0.5456730769230771
0 0.625 0.3870192307692309 0.5769230769230769 0.3870192307692309 0.5769230769230769 0.41586538461538475 0.625 0.41586538461538475
0 0.6346153846153846 0.4567307692307694 0.6009615384615384 0.4567307692307694 0.6009615384615384 0.48557692307692324 0.6346153846153846 0.48557692307692324
0 0.5985576923076923 0.33894230769230776 0.5360576923076923 0.3389423076923077 0.5360576923076923 0.38221153846153855 0.5985576923076923 0.3822115384615386
0 0.59375 0.4350961538461539 0.5408653846153846 0.43509615384615385 0.5408653846153846 0.4663461538461539 0.59375 0.46634615384615397
0 0.6225961538461539 0.5769230769230771 0.560096153846154 0.5769230769230771 0.560096153846154 0.6129807692307694 0.6225961538461539 0.6129807692307694
0 0.5961538461538463 0.5456730769230771 0.5649038461538461 0.5456730769230771 0.5649038461538463 0.5697115384615385 0.5961538461538463 0.5697115384615385
0 0.5120192307692307 0.4519230769230769 0.4855769230769231 0.4519230769230769 0.4855769230769231 0.46875 0.5120192307692307 0.46875
0 0.49759615384615385 0.3870192307692308 0.46153846153846156 0.3870192307692308 0.46153846153846156 0.4206730769230769 0.49759615384615385 0.4206730769230769
0 0.5673076923076924 0.5889423076923077 0.5168269230769232 0.5889423076923077 0.5168269230769232 0.6177884615384616 0.5673076923076924 0.6177884615384616
0 0.53125 0.47596153846153844 0.47836538461538464 0.47596153846153844 0.47836538461538464 0.5096153846153846 0.53125 0.5096153846153846
0 0.5336538461538463 0.53125 0.47596153846153844 0.53125 0.47596153846153855 0.5673076923076923 0.5336538461538463 0.5673076923076923
0 0.46153846153846156 0.35336538461538464 0.40865384615384615 0.35336538461538464 0.40865384615384615 0.3870192307692308 0.46153846153846156 0.3870192307692308
0 0.4495192307692308 0.37740384615384615 0.4206730769230769 0.37740384615384615 0.4206730769230769 0.3918269230769231 0.4495192307692308 0.3918269230769231
0 0.528846153846154 0.6274038461538461 0.5000000000000001 0.6274038461538461 0.5000000000000001 0.6514423076923077 0.528846153846154 0.6514423076923077
0 0.49038461538461536 0.5072115384615384 0.4519230769230769 0.5072115384615384 0.4519230769230769 0.5384615384615384 0.49038461538461536 0.5384615384615384
0 0.43990384615384615 0.38461538461538464 0.3870192307692308 0.38461538461538464 0.3870192307692308 0.41586538461538464 0.43990384615384615 0.41586538461538464
0 0.4182692307692308 0.3605769230769231 0.38461538461538464 0.3605769230769231 0.38461538461538464 0.3798076923076923 0.4182692307692308 0.3798076923076923
0 0.4423076923076923 0.44711538461538464 0.4206730769230769 0.44711538461538464 0.4206730769230769 0.4639423076923077 0.4423076923076923 0.4639423076923077
0 0.41586538461538464 0.39903846153846156 0.375 0.39903846153846156 0.375 0.4230769230769231 0.41586538461538464 0.4230769230769231
0 0.4326923076923077 0.49759615384615385 0.4014423076923077 0.49759615384615385 0.4014423076923077 0.5192307692307693 0.4326923076923077 0.5192307692307693
0 0.38461538461538464 0.41346153846153844 0.34375 0.41346153846153844 0.34375 0.4375 0.38461538461538464 0.4375
0 0.3942307692307692 0.45913461538461536 0.36778846153846156 0.45913461538461536 0.36778846153846156 0.4807692307692308 0.3942307692307692 0.4807692307692308
0 0.39663461538461536 0.4423076923076923 0.34134615384615385 0.4423076923076923 0.34134615384615385 0.4735576923076923 0.39663461538461536 0.4735576923076923
0 0.37740384615384615 0.4254807692307692 0.3245192307692308 0.4254807692307692 0.3245192307692308 0.45913461538461536 0.37740384615384615 0.45913461538461536
0 0.38221153846153844 0.5192307692307693 0.3485576923076923 0.5192307692307693 0.3485576923076923 0.5456730769230769 0.38221153846153844 0.5456730769230769
0 0.4182692307692309 0.6322115384615384 0.37980769230769246 0.6322115384615384 0.37980769230769246 0.6658653846153846 0.4182692307692309 0.6658653846153846
0 0.37259615384615385 0.4879807692307692 0.3173076923076923 0.4879807692307692 0.3173076923076923 0.5216346153846154 0.37259615384615385 0.5216346153846154
0 0.32211538461538464 0.43509615384615385 0.2908653846153847 0.43509615384615385 0.2908653846153847 0.4567307692307692 0.32211538461538464 0.4567307692307692
0 0.3269230769230769 0.4735576923076923 0.2692307692307693 0.4735576923076923 0.2692307692307693 0.5048076923076923 0.3269230769230769 0.5048076923076923
0 0.3677884615384617 0.6370192307692307 0.3197115384615386 0.6370192307692307 0.3197115384615386 0.6682692307692307 0.3677884615384617 0.6682692307692307
0 0.3317307692307693 0.5360576923076923 0.2740384615384616 0.5360576923076923 0.2740384615384616 0.5721153846153846 0.3317307692307694 0.5721153846153846
0 0.32692307692307704 0.5913461538461539 0.295673076923077 0.5913461538461539 0.295673076923077 0.6129807692307693 0.32692307692307704 0.6129807692307693
0 0.32692307692307704 0.5721153846153846 0.2716346153846155 0.5721153846153846 0.2716346153846155 0.6057692307692307 0.32692307692307704 0.6057692307692307
0 0.295673076923077 0.5096153846153846 0.24278846153846162 0.5096153846153846 0.24278846153846162 0.5432692307692307 0.295673076923077 0.5432692307692307
0 0.2596153846153847 0.4951923076923077 0.21875000000000006 0.4951923076923077 0.21875000000000006 0.5240384615384616 0.2596153846153847 0.5240384615384616
0 0.26682692307692313 0.6057692307692307 0.24038461538461545 0.6057692307692307 0.24038461538461545 0.625 0.26682692307692313 0.625
0 0.5 0.026442307692307748 0.44471153846153844 0.026442307692307744 0.44471153846153844 0.07451923076923082 0.5 0.07451923076923084