0 0.5144230769230769 6.034918120798255e-17 0.47115384615384615 5.769970495982722e-17 0.47115384615384615 0.03605769230769237 0.5144230769230769 0.03605769230769237
0 0.3894230769230769 0.3245192307692308 0.3557692307692308 0.3245192307692308 0.3557692307692308 0.3557692307692308 0.3894230769230769 0.3557692307692308
0 0.41586538461538464 0.3485576923076923 0.38221153846153844 0.3485576923076923 0.38221153846153844 0.3798076923076923 0.41586538461538464 0.3798076923076923
0 0.4423076923076923 0.41586538461538464 0.38461538461538464 0.41586538461538464 0.38461538461538464 0.47596153846153844 0.4423076923076923 0.47596153846153844
0 0.5721153846153848 0.5865384615384616 0.5312500000000001 0.5865384615384616 0.5312500000000001 0.625 0.5721153846153848 0.625
0 0.5817307692307694 0.5841346153846154 0.5504807692307694 0.5841346153846154 0.5504807692307694 0.6105769230769231 0.5817307692307694 0.6105769230769232
0 0.6875 0.6442307692307693 0.6490384615384616 0.6442307692307693 0.6490384615384616 0.6778846153846154 0.6875 0.6778846153846154
0 0.7139423076923077 0.625 0.6778846153846154 0.625 0.6778846153846154 0.6538461538461539 0.7139423076923077 0.6538461538461539
0 0.7067307692307693 0.5841346153846155 0.6682692307692307 0.5841346153846155 0.6682692307692307 0.6177884615384616 0.7067307692307693 0.6177884615384616
0 0.6610576923076923 0.5817307692307694 0.625 0.5817307692307694 0.625 0.6129807692307694 0.6610576923076923 0.6129807692307694
0 0.7475961538461539 0.5456730769230771 0.7043269230769231 0.5456730769230771 0.7043269230769231 0.5841346153846155 0.7475961538461539 0.5841346153846155
0 0.6947115384615384 0.5264423076923078 0.6634615384615384 0.5264423076923078 0.6634615384615384 0.5504807692307694 0.6947115384615384 0.5504807692307694
0 0.6129807692307693 0.49038461538461553 0.5649038461538461 0.49038461538461553 0.5649038461538461 0.5336538461538463 0.6129807692307693 0.5336538461538463
0 0.5504807692307693 0.47115384615384615 0.5120192307692307 0.47115384615384615 0.5120192307692307 0.5048076923076923 0.5504807692307693 0.5048076923076923
0 0.5456730769230769 0.4879807692307692 0.5024038461538461 0.4879807692307692 0.5024038461538461 0.5240384615384616 0.5456730769230769 0.5240384615384616
0 0.5480769230769231 0.41346153846153844 0.5096153846153846 0.41346153846153844 0.5096153846153846 0.4495192307692308 0.5480769230769231 0.4495192307692308
0 0.5793269230769231 0.3966346153846155 0.5456730769230769 0.39663461538461536 0.5456730769230769 0.42307692307692313 0.5793269230769231 0.42307692307692324
0 0.5096153846153846 0.3629807692307692 0.4735576923076923 0.3629807692307692 0.4735576923076923 0.3894230769230769 0.5096153846153846 0.3894230769230769
0 0.4879807692307692 0.3052884615384616 0.44711538461538464 0.3052884615384616 0.44711538461538464 0.3389423076923077 0.4879807692307692 0.3389423076923077
0 0.6057692307692307 0.264423076923077 0.5673076923076923 0.264423076923077 0.5673076923076923 0.3004807692307693 0.6057692307692307 0.3004807692307693
0 0.5625 0.2548076923076924 0.5240384615384616 0.2548076923076924 0.5240384615384616 0.2860576923076924 0.5625 0.2860576923076924
0 0.5769230769230769 0.2908653846153847 0.53125 0.2908653846153847 0.53125 0.3317307692307693 0.5769230769230769 0.3317307692307694
0 0.5504807692307693 0.3052884615384616 0.5072115384615384 0.3052884615384616 0.5072115384615384 0.34375 0.5504807692307693 0.34375
0 0.5528846153846154 0.34615384615384615 0.5120192307692307 0.34615384615384615 0.5120192307692307 0.3798076923076923 0.5528846153846154 0.3798076923076923
0 0.5576923076923077 0.36778846153846156 0.5288461538461539 0.36778846153846156 0.5288461538461539 0.39663461538461536 0.5576923076923077 0.39663461538461536
0 0.6610576923076923 0.3317307692307694 0.6274038461538461 0.3317307692307694 0.6274038461538461 0.3629807692307694 0.6610576923076923 0.3629807692307694
0 0.6225961538461539 0.3028846153846155 0.5721153846153846 0.3028846153846155 0.5721153846153846 0.3461538461538463 0.6225961538461539 0.3461538461538463
0 0.6177884615384616 0.3245192307692309 0.5721153846153846 0.3245192307692309 0.5721153846153846 0.3629807692307694 0.6177884615384616 0.3629807692307694
0 0.7091346153846154 0.3557692307692309 0.6634615384615384 0.3557692307692309 0.6634615384615384 0.3942307692307694 0.7091346153846154 0.3942307692307694
0 0.6899038461538461 0.41105769230769246 0.6490384615384616 0.41105769230769246 0.6490384615384616 0.44230769230769246 0.6899038461538461 0.44230769230769246
0 0.8052884615384616 0.4014423076923078 0.7620192307692307 0.4014423076923078 0.7620192307692307 0.43509615384615397 0.8052884615384616 0.43509615384615397
0 0.7596153846153846 0.4014423076923078 0.7163461538461539 0.4014423076923078 0.7163461538461539 0.43509615384615397 0.7596153846153846 0.43509615384615397
0 0.8028846153846154 0.4086538461538463 0.7524038461538461 0.4086538461538463 0.7524038461538461 0.45192307692307704 0.8028846153846154 0.45192307692307704
0 0.7932692307692307 0.4495192307692309 0.7596153846153846 0.4495192307692309 0.7596153846153846 0.4807692307692309 0.7932692307692307 0.4807692307692309
0 0.78125 0.4807692307692309 0.7451923076923077 0.4807692307692309 0.7451923076923077 0.5144230769230771 0.78125 0.5144230769230771
0 0.7932692307692307 0.49759615384615397 0.7596153846153846 0.49759615384615397 0.7596153846153846 0.5264423076923078 0.7932692307692307 0.5264423076923078
0 0.7668269230769231 0.5096153846153848 0.7235576923076923 0.5096153846153848 0.7235576923076923 0.5456730769230771 0.7668269230769231 0.5456730769230771
0 0.7355769230769231 0.46634615384615397 0.6899038461538461 0.46634615384615397 0.6899038461538461 0.5072115384615385 0.7355769230769231 0.5072115384615385
0 0.7524038461538461 0.43509615384615397 0.7091346153846154 0.43509615384615397 0.7091346153846154 0.4711538461538463 0.7524038461538461 0.4711538461538463
0 0.7524038461538461 0.4639423076923078 0.7019230769230769 0.4639423076923078 0.7019230769230769 0.5048076923076924 0.7524038461538461 0.5048076923076924
0 0.7572115384615384 0.39663461538461553 0.71875 0.39663461538461553 0.71875 0.42788461538461553 0.7572115384615384 0.42788461538461553
0 0.7067307692307693 0.5168269230769232 0.6634615384615384 0.5168269230769232 0.6634615384615384 0.5504807692307694 0.7067307692307693 0.5504807692307694