0 0.41346153846153844 0.3125 0.3918269230769231 0.3125 0.3918269230769231 0.34134615384615385 0.41346153846153844 0.34134615384615385
0 0.3293269230769231 0.4182692307692308 0.31009615384615385 0.4182692307692308 0.31009615384615385 0.4495192307692308 0.3293269230769231 0.4495192307692308
0 0.5144230769230769 0.3942307692307692 0.49278846153846156 0.3942307692307692 0.49278846153846156 0.43990384615384615 0.5144230769230769 0.43990384615384615
0 0.4375 0.43028846153846156 0.4182692307692308 0.43028846153846156 0.4182692307692308 0.46634615384615385 0.4375 0.46634615384615385
0 0.3798076923076923 0.4495192307692308 0.36538461538461536 0.4495192307692308 0.36538461538461536 0.47596153846153844 0.3798076923076923 0.47596153846153844
0 0.4110576923076923 0.4543269230769231 0.3870192307692308 0.4543269230769231 0.3870192307692308 0.4855769230769231 0.4110576923076923 0.4855769230769231
0 0.35096153846153844 0.4807692307692308 0.3269230769230769 0.4807692307692308 0.3269230769230769 0.5216346153846154 0.35096153846153844 0.5216346153846154
0 0.326923076923077 0.53125 0.3004807692307693 0.53125 0.3004807692307693 0.5673076923076923 0.32692307692307704 0.5673076923076923
0 0.4519230769230769 0.5096153846153846 0.43509615384615385 0.5096153846153846 0.43509615384615385 0.5408653846153846 0.4519230769230769 0.5408653846153846
0 0.5048076923076924 0.5192307692307693 0.4831730769230769 0.5192307692307693 0.483173076923077 0.5625 0.5048076923076924 0.5625
0 0.3653846153846155 0.5576923076923077 0.34375 0.5576923076923077 0.34375000000000006 0.5913461538461539 0.36538461538461553 0.5913461538461539
0 0.545673076923077 0.5216346153846154 0.5240384615384616 0.5216346153846154 0.5240384615384616 0.5600961538461539 0.5456730769230771 0.5600961538461539
0 0.5120192307692308 0.5360576923076923 0.4951923076923077 0.5360576923076923 0.49519230769230776 0.5649038461538461 0.512019230769231 0.5649038461538461
0 0.3990384615384617 0.5697115384615384 0.3774038461538463 0.5697115384615384 0.3774038461538463 0.6081730769230769 0.3990384615384617 0.6081730769230769
0 0.4086538461538463 0.5745192307692307 0.39182692307692324 0.5745192307692307 0.39182692307692324 0.6129807692307693 0.4086538461538463 0.6129807692307693
0 0.3245192307692309 0.5985576923076923 0.3028846153846155 0.5985576923076923 0.3028846153846155 0.6370192307692307 0.3245192307692309 0.6370192307692307
0 0.5360576923076924 0.5697115384615384 0.512019230769231 0.5697115384615384 0.512019230769231 0.6105769230769231 0.5360576923076924 0.6105769230769231
0 0.5144230769230771 0.5769230769230769 0.49759615384615397 0.5769230769230769 0.49759615384615397 0.6081730769230769 0.5144230769230771 0.6081730769230769
0 0.4711538461538463 0.5865384615384616 0.4567307692307694 0.5865384615384616 0.4567307692307694 0.6177884615384616 0.4711538461538463 0.6177884615384616
0 0.5817307692307694 0.5745192307692308 0.5552884615384617 0.5745192307692307 0.5552884615384617 0.608173076923077 0.5817307692307694 0.6081730769230771
0 0.44711538461538475 0.6033653846153846 0.4326923076923078 0.6033653846153846 0.4326923076923078 0.6322115384615384 0.44711538461538475 0.6322115384615384
0 0.4807692307692309 0.6201923076923077 0.45913461538461553 0.6201923076923077 0.45913461538461553 0.6442307692307693 0.4807692307692309 0.6442307692307693
0 0.5312500000000001 0.6081730769230769 0.5000000000000001 0.6081730769230769 0.5000000000000001 0.6538461538461539 0.5312500000000001 0.6538461538461539
0 0.35817307692307704 0.6490384615384616 0.3389423076923078 0.6490384615384616 0.3389423076923078 0.6802884615384616 0.35817307692307704 0.6802884615384616
0 0.4375000000000001 0.65625 0.42067307692307704 0.65625 0.42067307692307704 0.6875 0.4375000000000001 0.6875
0 0.48557692307692324 0.6442307692307693 0.46634615384615397 0.6442307692307693 0.46634615384615397 0.6802884615384616 0.48557692307692324 0.6802884615384616
0 0.37259615384615397 0.6754807692307693 0.3557692307692309 0.6754807692307693 0.3557692307692309 0.7043269230769231 0.37259615384615397 0.7043269230769231
0 0.5240384615384617 0.6538461538461539 0.5024038461538463 0.6538461538461539 0.5024038461538463 0.6875 0.5240384615384617 0.6875
0 0.3942307692307694 0.6850961538461539 0.37980769230769246 0.6850961538461539 0.37980769230769246 0.7091346153846154 0.3942307692307694 0.7091346153846154
0 0.5408653846153848 0.6586538461538461 0.5216346153846155 0.6586538461538461 0.5216346153846155 0.6850961538461539 0.5408653846153848 0.6850961538461539
0 0.5072115384615385 0.6586538461538461 0.48317307692307704 0.6586538461538461 0.48317307692307704 0.7043269230769231 0.5072115384615385 0.7043269230769231
0 0.42067307692307704 0.7091346153846154 0.4062500000000001 0.7091346153846154 0.4062500000000001 0.7403846153846154 0.42067307692307704 0.7403846153846154
0 0.47355769230769246 0.6971153846153846 0.45192307692307704 0.6971153846153846 0.45192307692307704 0.7331730769230769 0.47355769230769246 0.7331730769230769
0 0.45913461538461553 0.7019230769230769 0.4447115384615386 0.7019230769230769 0.4447115384615386 0.7355769230769231 0.45913461538461553 0.7355769230769231
0 0.4447115384615386 0.7091346153846154 0.42307692307692324 0.7091346153846154 0.42307692307692324 0.7572115384615384 0.4447115384615386 0.7572115384615384
0 0.49759615384615397 0.7067307692307693 0.47836538461538475 0.7067307692307693 0.47836538461538475 0.7451923076923077 0.49759615384615397 0.7451923076923077
0 0.543269230769231 0.7115384615384616 0.5216346153846155 0.7115384615384616 0.5216346153846155 0.7475961538461539 0.543269230769231 0.7475961538461539
0 0.45432692307692324 0.7403846153846154 0.4399038461538463 0.7403846153846154 0.4399038461538463 0.7620192307692307 0.45432692307692324 0.7620192307692307
0 0.9471153846153846 0.3245192307692309 0.90625 0.3245192307692309 0.90625 0.39182692307692324 0.9471153846153846 0.39182692307692324