0 0.7091346153846154 0.6490384615384616 0.6706730769230769 0.6490384615384616 0.6706730769230769 0.6778846153846154 0.7091346153846154 0.6778846153846154
0 0.6754807692307693 0.6682692307692307 0.6370192307692307 0.6682692307692307 0.6370192307692307 0.6923076923076923 0.6754807692307693 0.6923076923076923
0 0.6538461538461539 0.7067307692307693 0.625 0.7067307692307693 0.625 0.7307692307692307 0.6538461538461539 0.7307692307692307
0 0.625 0.5625000000000001 0.6009615384615385 0.5625000000000001 0.6009615384615385 0.5817307692307694 0.625 0.5817307692307694
0 0.5985576923076924 0.6514423076923077 0.5721153846153848 0.6514423076923077 0.5721153846153848 0.6682692307692307 0.5985576923076924 0.6682692307692307
0 0.5673076923076924 0.8629807692307693 0.5360576923076924 0.8629807692307693 0.5360576923076924 0.8846153846153846 0.5673076923076924 0.8846153846153846
0 0.5865384615384616 0.5360576923076924 0.5600961538461539 0.5360576923076924 0.5600961538461539 0.5552884615384617 0.5865384615384616 0.5552884615384617
0 0.5456730769230771 0.6177884615384616 0.512019230769231 0.6177884615384616 0.512019230769231 0.6394230769230769 0.5456730769230771 0.6394230769230769
0 0.5048076923076924 0.7331730769230769 0.4807692307692309 0.7331730769230769 0.4807692307692309 0.7451923076923077 0.5048076923076924 0.7451923076923077
0 0.5000000000000001 0.7091346153846154 0.4807692307692309 0.7091346153846154 0.4807692307692309 0.7235576923076923 0.5000000000000001 0.7235576923076923
0 0.4807692307692309 0.7836538461538461 0.45192307692307704 0.7836538461538461 0.45192307692307704 0.8028846153846154 0.4807692307692309 0.8028846153846154
0 0.4807692307692309 0.7403846153846154 0.44230769230769246 0.7403846153846154 0.44230769230769246 0.7620192307692307 0.4807692307692309 0.7620192307692307
0 0.48317307692307704 0.6658653846153846 0.45913461538461553 0.6658653846153846 0.45913461538461553 0.6850961538461539 0.48317307692307704 0.6850961538461539
0 0.45192307692307704 0.7211538461538461 0.4182692307692309 0.7211538461538461 0.4182692307692309 0.7427884615384616 0.45192307692307704 0.7427884615384616
0 0.4447115384615386 0.6875 0.41586538461538475 0.6875 0.41586538461538475 0.7019230769230769 0.4447115384615386 0.7019230769230769
0 0.43509615384615397 0.6586538461538461 0.4062500000000001 0.6586538461538461 0.4062500000000001 0.6754807692307693 0.43509615384615397 0.6754807692307693
0 0.4062500000000001 0.7668269230769231 0.3750000000000001 0.7668269230769231 0.3750000000000001 0.7908653846153846 0.4062500000000001 0.7908653846153846
0 0.44471153846153844 0.5072115384615384 0.40865384615384615 0.5072115384615384 0.40865384615384615 0.5288461538461539 0.44471153846153844 0.5288461538461539
0 0.40384615384615397 0.6971153846153846 0.3750000000000001 0.6971153846153846 0.3750000000000001 0.7115384615384616 0.40384615384615397 0.7115384615384616
0 0.38461538461538475 0.7427884615384616 0.3557692307692309 0.7427884615384616 0.3557692307692309 0.7620192307692307 0.38461538461538475 0.7620192307692307
0 0.38461538461538475 0.7019230769230769 0.36057692307692324 0.7019230769230769 0.36057692307692324 0.7139423076923077 0.38461538461538475 0.7139423076923077
0 0.36538461538461553 0.6850961538461539 0.32932692307692324 0.6850961538461539 0.32932692307692324 0.7115384615384616 0.36538461538461553 0.7115384615384616
0 0.3798076923076924 0.5408653846153846 0.35336538461538464 0.5408653846153846 0.3533653846153847 0.5600961538461539 0.37980769230769246 0.5600961538461539
0 0.3629807692307694 0.6129807692307693 0.3365384615384617 0.6129807692307693 0.3365384615384617 0.6274038461538461 0.3629807692307694 0.6274038461538461
0 0.37259615384615397 0.5673076923076923 0.3389423076923078 0.5673076923076923 0.3389423076923078 0.5817307692307693 0.37259615384615397 0.5817307692307693
0 0.35336538461538475 0.6225961538461539 0.32932692307692324 0.6225961538461539 0.32932692307692324 0.6394230769230769 0.35336538461538475 0.6394230769230769
0 0.35817307692307704 0.5745192307692307 0.32692307692307704 0.5745192307692307 0.32692307692307704 0.5889423076923077 0.35817307692307704 0.5889423076923077
0 0.3365384615384617 0.6442307692307693 0.3076923076923078 0.6442307692307693 0.3076923076923078 0.6658653846153846 0.3365384615384617 0.6658653846153846
0 0.3365384615384617 0.6033653846153846 0.31730769230769246 0.6033653846153846 0.31730769230769246 0.6225961538461539 0.3365384615384617 0.6225961538461539
0 0.3365384615384617 0.5865384615384616 0.31730769230769246 0.5865384615384616 0.31730769230769246 0.6057692307692307 0.3365384615384617 0.6057692307692307
0 0.32211538461538475 0.6682692307692307 0.29807692307692313 0.6682692307692307 0.29807692307692313 0.6850961538461539 0.32211538461538475 0.6850961538461539
0 0.3125000000000001 0.7259615384615384 0.2788461538461539 0.7259615384615384 0.2788461538461539 0.7451923076923077 0.3125000000000001 0.7451923076923077
0 0.3076923076923078 0.6875 0.2836538461538462 0.6875 0.2836538461538462 0.7043269230769231 0.3076923076923078 0.7043269230769231
0 0.3317307692307693 0.5408653846153846 0.3004807692307693 0.5408653846153846 0.3004807692307693 0.5600961538461539 0.3317307692307694 0.5600961538461539
0 0.3149038461538463 0.5697115384615384 0.2908653846153847 0.5697115384615384 0.2908653846153847 0.5865384615384616 0.3149038461538463 0.5865384615384616
0 0.3004807692307693 0.6634615384615384 0.2716346153846155 0.6634615384615384 0.2716346153846155 0.6802884615384616 0.3004807692307693 0.6802884615384616
0 0.3004807692307693 0.6153846153846154 0.2692307692307693 0.6153846153846154 0.2692307692307693 0.6346153846153846 0.3004807692307693 0.6346153846153846
0 0.28125000000000006 0.5961538461538461 0.24519230769230776 0.5961538461538461 0.24519230769230776 0.6153846153846154 0.28125000000000006 0.6153846153846154
0 0.23317307692307698 0.6009615384615384 0.21875000000000006 0.6009615384615384 0.21875000000000006 0.6105769230769231 0.23317307692307698 0.6105769230769231
0 0.7211538461538461 0.18990384615384623 0.6826923076923077 0.18990384615384623 0.6826923076923077 0.20913461538461545 0.7211538461538461 0.20913461538461545