0 0.5504807692307693 0.3317307692307692 0.5336538461538461 0.3317307692307692 0.5336538461538461 0.3629807692307692 0.5504807692307693 0.3629807692307692
0 0.38461538461538464 0.3245192307692308 0.36778846153846156 0.3245192307692308 0.36778846153846156 0.34615384615384615 0.38461538461538464 0.34615384615384615
0 0.49038461538461536 0.34375 0.47115384615384615 0.34375 0.47115384615384615 0.36778846153846156 0.49038461538461536 0.36778846153846156
0 0.44711538461538464 0.3605769230769231 0.4230769230769231 0.3605769230769231 0.4230769230769231 0.3894230769230769 0.44711538461538464 0.3894230769230769
0 0.5961538461538461 0.3990384615384617 0.5793269230769231 0.3990384615384617 0.5793269230769231 0.41586538461538475 0.5961538461538461 0.41586538461538475
0 0.6201923076923077 0.4182692307692309 0.6009615384615384 0.4182692307692309 0.6009615384615384 0.4447115384615386 0.6201923076923077 0.4447115384615386
0 0.4375 0.4014423076923077 0.4206730769230769 0.4014423076923077 0.4206730769230769 0.4182692307692308 0.4375 0.4182692307692308
0 0.5576923076923077 0.4230769230769231 0.5456730769230769 0.4230769230769231 0.5456730769230769 0.4423076923076923 0.5576923076923077 0.4423076923076923
0 0.4014423076923077 0.4110576923076923 0.38221153846153844 0.4110576923076923 0.38221153846153844 0.4326923076923077 0.4014423076923077 0.4326923076923077
0 0.46634615384615385 0.4254807692307692 0.44711538461538464 0.4254807692307692 0.44711538461538464 0.4423076923076923 0.46634615384615385 0.4423076923076923
0 0.5144230769230769 0.4567307692307692 0.49759615384615385 0.4567307692307692 0.49759615384615385 0.4831730769230769 0.5144230769230769 0.4831730769230769
0 0.4831730769230769 0.4519230769230769 0.46153846153846156 0.4519230769230769 0.46153846153846156 0.4855769230769231 0.4831730769230769 0.4855769230769231
0 0.38461538461538464 0.4519230769230769 0.36538461538461536 0.4519230769230769 0.36538461538461536 0.4735576923076923 0.38461538461538464 0.4735576923076923
0 0.5817307692307693 0.47836538461538475 0.5625 0.47836538461538475 0.5625 0.5000000000000001 0.5817307692307693 0.5000000000000001
0 0.6177884615384616 0.47836538461538475 0.59375 0.47836538461538475 0.59375 0.5144230769230771 0.6177884615384616 0.5144230769230771
0 0.7067307692307693 0.5168269230769232 0.6875 0.5168269230769232 0.6875 0.543269230769231 0.7067307692307693 0.543269230769231
0 0.6322115384615384 0.5072115384615385 0.6153846153846154 0.5072115384615385 0.6153846153846154 0.5360576923076924 0.6322115384615384 0.5360576923076924
0 0.5288461538461539 0.5 0.5120192307692307 0.5 0.5120192307692307 0.5216346153846154 0.5288461538461539 0.5216346153846154
0 0.40625 0.4807692307692308 0.38221153846153844 0.4807692307692308 0.38221153846153844 0.5072115384615384 0.40625 0.5072115384615384
0 0.5480769230769231 0.5 0.5240384615384616 0.5 0.5240384615384616 0.5360576923076923 0.5480769230769231 0.5360576923076923
0 0.5264423076923077 0.5192307692307693 0.5096153846153846 0.5192307692307693 0.5096153846153846 0.5456730769230769 0.5264423076923077 0.5456730769230769
0 0.39903846153846156 0.5048076923076923 0.3798076923076923 0.5048076923076923 0.3798076923076923 0.5360576923076923 0.39903846153846156 0.5360576923076923
0 0.49759615384615385 0.5240384615384616 0.4831730769230769 0.5240384615384616 0.4831730769230769 0.5456730769230769 0.49759615384615385 0.5456730769230769
0 0.45913461538461536 0.5192307692307693 0.4375 0.5192307692307693 0.4375 0.5456730769230769 0.45913461538461536 0.5456730769230769
0 0.41586538461538464 0.5192307692307693 0.3942307692307692 0.5192307692307693 0.3942307692307692 0.5480769230769231 0.41586538461538464 0.5480769230769231
0 0.3942307692307692 0.53125 0.37259615384615385 0.53125 0.37259615384615385 0.5552884615384616 0.3942307692307692 0.5552884615384616
0 0.5408653846153847 0.5456730769230769 0.5192307692307693 0.5456730769230769 0.5192307692307693 0.5745192307692307 0.5408653846153848 0.5745192307692307
0 0.49519230769230776 0.5408653846153846 0.4735576923076923 0.5408653846153846 0.4735576923076924 0.5697115384615384 0.4951923076923078 0.5697115384615384
0 0.4158653846153847 0.5552884615384616 0.4014423076923077 0.5552884615384616 0.40144230769230776 0.5769230769230769 0.41586538461538475 0.5769230769230769
0 0.4399038461538462 0.5576923076923077 0.4206730769230769 0.5576923076923077 0.420673076923077 0.5889423076923077 0.4399038461538463 0.5889423076923077
0 0.45192307692307704 0.5697115384615384 0.4326923076923078 0.5697115384615384 0.4326923076923078 0.5961538461538461 0.45192307692307704 0.5961538461538461
0 0.5240384615384617 0.5817307692307693 0.5048076923076924 0.5817307692307693 0.5048076923076924 0.6033653846153846 0.5240384615384617 0.6033653846153846
0 0.4687500000000001 0.5865384615384616 0.45432692307692324 0.5865384615384616 0.45432692307692324 0.6081730769230769 0.4687500000000001 0.6081730769230769
0 0.4014423076923078 0.5793269230769231 0.3870192307692309 0.5793269230769231 0.3870192307692309 0.6009615384615384 0.4014423076923078 0.6009615384615384
0 0.4567307692307694 0.5889423076923077 0.4375000000000001 0.5889423076923077 0.4375000000000001 0.6057692307692307 0.4567307692307694 0.6057692307692307
0 0.5216346153846155 0.5961538461538461 0.4927884615384617 0.5961538461538461 0.4927884615384617 0.6346153846153846 0.5216346153846155 0.6346153846153846
0 0.47836538461538475 0.625 0.4615384615384617 0.625 0.4615384615384617 0.6514423076923077 0.47836538461538475 0.6514423076923077
0 0.42067307692307704 0.625 0.4014423076923078 0.625 0.4014423076923078 0.6466346153846154 0.42067307692307704 0.6466346153846154
0 0.6298076923076923 0.6634615384615384 0.6129807692307694 0.6634615384615384 0.6129807692307694 0.6923076923076923 0.6298076923076923 0.6923076923076923
0 0.5336538461538463 0.6730769230769231 0.5144230769230771 0.6730769230769231 0.5144230769230771 0.7043269230769231 0.5336538461538463 0.7043269230769231
0 0.43509615384615397 0.6802884615384616 0.4182692307692309 0.6802884615384616 0.4182692307692309 0.7019230769230769 0.43509615384615397 0.7019230769230769
0 0.4615384615384617 0.6971153846153846 0.4447115384615386 0.6971153846153846 0.4447115384615386 0.71875 0.4615384615384617 0.71875