0 0.11057692307692314 0.43990384615384615 5.387268371249174e-17 0.43990384615384615 5.843567058431482e-17 0.5144230769230769 0.11057692307692314 0.5144230769230769
0 0.9663461538461539 0.2596153846153847 0.8004807692307693 0.2596153846153847 0.8004807692307693 0.35817307692307704 0.9663461538461539 0.35817307692307704
0 0.9086538461538461 0.4014423076923078 0.7548076923076923 0.4014423076923078 0.7548076923076923 0.48557692307692324 0.9086538461538461 0.48557692307692324
0 0.8389423076923077 0.5889423076923078 0.7283653846153846 0.5889423076923078 0.7283653846153846 0.6658653846153846 0.8389423076923077 0.6658653846153846
0 0.8846153846153846 0.45913461538461553 0.7259615384615384 0.45913461538461553 0.7259615384615384 0.5408653846153848 0.8846153846153846 0.5408653846153848
0 0.9230769230769231 0.2548076923076924 0.7668269230769231 0.2548076923076924 0.7668269230769231 0.3365384615384617 0.9230769230769231 0.3365384615384617
0 0.9615384615384616 0.7259615384615384 0.8942307692307693 0.7259615384615384 0.8942307692307693 0.7836538461538461 0.9615384615384616 0.7836538461538461
0 0.8197115384615384 0.34134615384615397 0.6634615384615384 0.34134615384615397 0.6634615384615384 0.42788461538461553 0.8197115384615384 0.42788461538461553
0 0.7283653846153846 0.37980769230769246 0.625 0.37980769230769246 0.625 0.4615384615384617 0.7283653846153846 0.4615384615384617
0 0.9278846153846154 0.8894230769230769 0.8413461538461539 0.8894230769230769 0.8413461538461539 0.9615384615384616 0.9278846153846154 0.9615384615384616
0 0.625 0.4975961538461539 0.5264423076923077 0.49759615384615385 0.5264423076923077 0.5745192307692308 0.625 0.574519230769231
0 0.6274038461538461 0.25721153846153855 0.47115384615384615 0.25721153846153855 0.47115384615384615 0.33894230769230776 0.6274038461538461 0.3389423076923078
0 0.5697115384615384 0.3052884615384616 0.4639423076923077 0.3052884615384616 0.4639423076923077 0.37500000000000006 0.5697115384615384 0.3750000000000001
0 0.4639423076923077 0.20913461538461545 0.3581730769230769 0.20913461538461545 0.3581730769230769 0.2836538461538462 0.4639423076923077 0.2836538461538462
0 0.9711538461538461 0.5000000000000001 0.8725961538461539 0.5000000000000001 0.8725961538461539 0.5769230769230771 0.9711538461538461 0.5769230769230771
0 0.9134615384615384 0.6899038461538461 0.8076923076923077 0.6899038461538461 0.8076923076923077 0.7620192307692307 0.9134615384615384 0.7620192307692307
0 0.1370192307692308 0.3918269230769231 0.028846153846153896 0.3918269230769231 0.028846153846153903 0.46875 0.13701923076923084 0.46875
0 0.5192307692307693 0.21875000000000006 0.3629807692307692 0.21875000000000006 0.3629807692307692 0.3052884615384616 0.5192307692307693 0.3052884615384616