0 0.9086538461538461 0.8341346153846154 0.8485576923076923 0.8341346153846154 0.8485576923076923 0.9326923076923077 0.9086538461538461 0.9326923076923077
0 0.7475961538461539 0.9038461538461539 0.7043269230769231 0.9038461538461539 0.7043269230769231 0.9663461538461539 0.7475961538461539 0.9663461538461539
0 0.43509615384615385 0.1274038461538462 0.37740384615384615 0.1274038461538462 0.37740384615384615 0.2163461538461539 0.43509615384615385 0.2163461538461539
0 0.7355769230769231 0.04567307692307701 0.6658653846153846 0.04567307692307701 0.6658653846153846 0.19230769230769237 0.7355769230769231 0.19230769230769237
0 0.5096153846153846 0.11538461538461545 0.43990384615384615 0.11538461538461545 0.43990384615384615 0.23317307692307698 0.5096153846153846 0.23317307692307698
0 0.14663461538461542 0.21875 0.09615384615384619 0.21875 0.09615384615384619 0.30288461538461536 0.14663461538461542 0.30288461538461536
0 0.375 0.1850961538461539 0.3245192307692308 0.1850961538461539 0.3245192307692308 0.27644230769230776 0.375 0.27644230769230776
0 0.35096153846153844 0.24038461538461545 0.2860576923076923 0.24038461538461545 0.28605769230769235 0.3389423076923077 0.35096153846153844 0.3389423076923077
0 0.5168269230769231 0.22596153846153852 0.4543269230769231 0.22596153846153852 0.4543269230769231 0.3245192307692308 0.5168269230769231 0.3245192307692308
0 0.38461538461538464 0.2740384615384616 0.33653846153846156 0.2740384615384616 0.33653846153846156 0.35336538461538464 0.38461538461538464 0.35336538461538464
0 0.5552884615384616 0.31971153846153844 0.5 0.31971153846153844 0.5 0.40625 0.5552884615384616 0.40625
0 0.7884615384615384 0.2524038461538462 0.7211538461538461 0.2524038461538462 0.7211538461538461 0.39663461538461553 0.7884615384615384 0.39663461538461553
0 0.5576923076923077 0.3557692307692308 0.5096153846153846 0.3557692307692308 0.5096153846153846 0.4375 0.5576923076923077 0.4375
0 0.19230769230769232 0.06009615384615386 0.125 0.06009615384615386 0.12500000000000003 0.16346153846153846 0.19230769230769232 0.16346153846153846
0 0.48557692307692313 0.43028846153846156 0.41586538461538464 0.43028846153846156 0.4158653846153847 0.5889423076923077 0.48557692307692324 0.5889423076923077
0 0.31971153846153855 0.49038461538461536 0.25000000000000006 0.49038461538461536 0.25000000000000006 0.5985576923076923 0.3197115384615386 0.5985576923076923
0 0.4783653846153847 0.5240384615384616 0.40865384615384615 0.5240384615384616 0.4086538461538462 0.65625 0.47836538461538475 0.65625
0 0.6177884615384616 0.5264423076923077 0.5504807692307693 0.5264423076923077 0.5504807692307693 0.6586538461538461 0.6177884615384616 0.6586538461538461
0 0.6754807692307693 0.5649038461538463 0.6225961538461539 0.5649038461538463 0.6225961538461539 0.6658653846153846 0.6754807692307693 0.6658653846153846
0 0.4447115384615386 0.6923076923076923 0.39182692307692324 0.6923076923076923 0.39182692307692324 0.7764423076923077 0.4447115384615386 0.7764423076923077
0 0.49759615384615397 0.6995192307692307 0.43509615384615397 0.6995192307692307 0.43509615384615397 0.7932692307692307 0.49759615384615397 0.7932692307692307
0 0.6826923076923077 0.6730769230769231 0.6298076923076923 0.6730769230769231 0.6298076923076923 0.7524038461538461 0.6826923076923077 0.7524038461538461
0 0.5480769230769232 0.7091346153846154 0.48557692307692324 0.7091346153846154 0.48557692307692324 0.8509615384615384 0.5480769230769232 0.8509615384615384
0 0.33653846153846156 0.05528846153846157 0.2692307692307692 0.05528846153846157 0.2692307692307692 0.17548076923076927 0.33653846153846156 0.1754807692307693
0 0.625 0.7716346153846154 0.560096153846154 0.7716346153846154 0.560096153846154 0.8990384615384616 0.625 0.8990384615384616
0 0.9975961538461539 0.7235576923076923 0.9326923076923077 0.7235576923076923 0.9326923076923077 0.8173076923076923 0.9975961538461539 0.8173076923076923
0 0.9038461538461539 0.8365384615384616 0.8413461538461539 0.8365384615384616 0.8413461538461539 0.9206730769230769 0.9038461538461539 0.9206730769230769