0 0.5384615384615384 0.22115384615384623 0.5024038461538461 0.22115384615384623 0.5024038461538461 0.264423076923077 0.5384615384615384 0.264423076923077
0 0.6201923076923077 0.25000000000000006 0.5913461538461539 0.25000000000000006 0.5913461538461539 0.29326923076923084 0.6201923076923077 0.29326923076923084
0 0.5024038461538461 0.25721153846153855 0.4735576923076923 0.25721153846153855 0.4735576923076923 0.295673076923077 0.5024038461538461 0.295673076923077
0 0.4230769230769231 0.2548076923076924 0.4014423076923077 0.2548076923076924 0.4014423076923077 0.2860576923076924 0.4230769230769231 0.2860576923076924
0 0.5817307692307693 0.295673076923077 0.5552884615384616 0.295673076923077 0.5552884615384616 0.3317307692307693 0.5817307692307693 0.3317307692307694
0 0.6538461538461539 0.35336538461538475 0.6274038461538461 0.35336538461538475 0.6274038461538461 0.3870192307692309 0.6538461538461539 0.3870192307692309
0 0.5216346153846154 0.3173076923076923 0.49038461538461536 0.3173076923076923 0.49038461538461536 0.3581730769230769 0.5216346153846154 0.3581730769230769
0 0.5600961538461539 0.3413461538461539 0.5264423076923077 0.34134615384615385 0.5264423076923077 0.3846153846153847 0.5600961538461539 0.38461538461538475
0 0.6081730769230769 0.3677884615384617 0.5817307692307693 0.3677884615384617 0.5817307692307693 0.40384615384615397 0.6081730769230769 0.40384615384615397
0 0.5889423076923077 0.3677884615384617 0.5649038461538461 0.3677884615384617 0.5649038461538461 0.3990384615384617 0.5889423076923077 0.3990384615384617
0 0.32211538461538464 0.29326923076923084 0.28846153846153855 0.29326923076923084 0.28846153846153855 0.3389423076923077 0.32211538461538464 0.3389423076923077
0 0.2596153846153847 0.3004807692307692 0.23317307692307698 0.3004807692307692 0.23317307692307698 0.3317307692307692 0.2596153846153847 0.3317307692307692
0 0.4206730769230769 0.3485576923076923 0.3942307692307692 0.3485576923076923 0.3942307692307692 0.3942307692307692 0.4206730769230769 0.3942307692307692
0 0.5096153846153846 0.38461538461538464 0.47836538461538464 0.38461538461538464 0.47836538461538464 0.4206730769230769 0.5096153846153846 0.4206730769230769
0 0.7788461538461539 0.4807692307692309 0.7548076923076923 0.4807692307692309 0.7548076923076923 0.512019230769231 0.7788461538461539 0.512019230769231
0 0.3581730769230769 0.37740384615384615 0.3317307692307692 0.37740384615384615 0.3317307692307692 0.40384615384615385 0.3581730769230769 0.40384615384615385
0 0.5264423076923077 0.43028846153846156 0.4879807692307692 0.43028846153846156 0.4879807692307692 0.46634615384615385 0.5264423076923077 0.46634615384615385
0 0.6129807692307693 0.45913461538461553 0.59375 0.45913461538461553 0.59375 0.4879807692307694 0.6129807692307693 0.4879807692307694
0 0.3052884615384616 0.37259615384615385 0.26682692307692313 0.37259615384615385 0.26682692307692313 0.4206730769230769 0.3052884615384616 0.4206730769230769
0 0.2860576923076924 0.37740384615384615 0.25721153846153855 0.37740384615384615 0.25721153846153855 0.41346153846153844 0.2860576923076924 0.41346153846153844
0 0.4879807692307692 0.44711538461538464 0.46153846153846156 0.44711538461538464 0.46153846153846156 0.47836538461538464 0.4879807692307692 0.47836538461538464
0 0.40865384615384615 0.43509615384615385 0.3870192307692308 0.43509615384615385 0.3870192307692308 0.46634615384615385 0.40865384615384615 0.46634615384615385
0 0.4230769230769231 0.4495192307692308 0.39903846153846156 0.4495192307692308 0.39903846153846156 0.4807692307692308 0.4230769230769231 0.4807692307692308
0 0.23317307692307698 0.42788461538461536 0.21153846153846162 0.42788461538461536 0.21153846153846162 0.4519230769230769 0.23317307692307698 0.4519230769230769
0 0.5456730769230769 0.5168269230769231 0.5216346153846154 0.5168269230769231 0.5216346153846154 0.5480769230769231 0.5456730769230769 0.5480769230769231
0 0.7403846153846154 0.5769230769230771 0.7211538461538461 0.5769230769230771 0.7211538461538461 0.5985576923076924 0.7403846153846154 0.5985576923076924
0 0.6899038461538461 0.560096153846154 0.6586538461538461 0.560096153846154 0.6586538461538461 0.5985576923076924 0.6899038461538461 0.5985576923076924
0 0.5961538461538463 0.5408653846153848 0.5697115384615384 0.5408653846153848 0.5697115384615385 0.5769230769230771 0.5961538461538463 0.5769230769230771
0 0.3894230769230769 0.4879807692307692 0.3605769230769231 0.4879807692307692 0.3605769230769231 0.5240384615384616 0.3894230769230769 0.5240384615384616
0 0.28125000000000006 0.45913461538461536 0.2475961538461539 0.45913461538461536 0.2475961538461539 0.5024038461538461 0.28125000000000006 0.5024038461538461
0 0.20192307692307698 0.4639423076923077 0.17788461538461545 0.4639423076923077 0.17788461538461545 0.49278846153846156 0.20192307692307698 0.49278846153846156
0 0.19471153846153852 0.4807692307692308 0.16826923076923084 0.4807692307692308 0.16826923076923084 0.5120192307692307 0.19471153846153852 0.5120192307692307
0 0.48557692307692313 0.5576923076923077 0.45913461538461536 0.5576923076923077 0.4591346153846155 0.5913461538461539 0.48557692307692324 0.5913461538461539
0 0.2716346153846155 0.5072115384615384 0.25000000000000006 0.5072115384615384 0.25000000000000006 0.5360576923076923 0.2716346153846155 0.5360576923076923
0 0.3076923076923077 0.5120192307692307 0.2716346153846155 0.5120192307692307 0.2716346153846155 0.5480769230769231 0.3076923076923077 0.5480769230769231
0 0.4687500000000001 0.5625 0.4447115384615386 0.5625 0.4447115384615386 0.5985576923076923 0.4687500000000001 0.5985576923076923
0 0.37500000000000006 0.5432692307692307 0.34615384615384615 0.5432692307692307 0.3461538461538462 0.5865384615384616 0.3750000000000001 0.5865384615384616
0 0.43509615384615397 0.59375 0.3990384615384617 0.59375 0.3990384615384617 0.6442307692307693 0.43509615384615397 0.6442307692307693
0 0.2475961538461539 0.6033653846153846 0.22115384615384623 0.6033653846153846 0.22115384615384623 0.6346153846153846 0.2475961538461539 0.6346153846153846
0 0.20432692307692316 0.6225961538461539 0.18269230769230776 0.6225961538461539 0.18269230769230776 0.6514423076923077 0.20432692307692316 0.6514423076923077
0 0.1129807692307693 0.6225961538461539 0.0865384615384616 0.6225961538461539 0.0865384615384616 0.6586538461538461 0.1129807692307693 0.6586538461538461
0 0.1971153846153847 0.6850961538461539 0.1658653846153847 0.6850961538461539 0.1658653846153847 0.7259615384615384 0.1971153846153847 0.7259615384615384
0 0.5480769230769232 0.8677884615384616 0.5264423076923078 0.8677884615384616 0.5264423076923078 0.9014423076923077 0.5480769230769232 0.9014423076923077