0 0.5480769230769231 0.22115384615384623 0.5144230769230769 0.22115384615384623 0.5144230769230769 0.26682692307692313 0.5480769230769231 0.26682692307692313
0 0.4543269230769231 0.23317307692307698 0.4254807692307692 0.23317307692307698 0.4254807692307692 0.2788461538461539 0.4543269230769231 0.2788461538461539
0 0.5697115384615384 0.264423076923077 0.5432692307692307 0.264423076923077 0.5432692307692307 0.3028846153846155 0.5697115384615384 0.3028846153846155
0 0.6442307692307693 0.2740384615384616 0.6177884615384616 0.2740384615384616 0.6177884615384616 0.31009615384615397 0.6442307692307693 0.31009615384615397
0 0.4807692307692308 0.2836538461538462 0.4543269230769231 0.2836538461538462 0.4543269230769231 0.3245192307692308 0.4807692307692308 0.3245192307692308
0 0.40384615384615385 0.3293269230769231 0.37740384615384615 0.3293269230769231 0.37740384615384615 0.3629807692307692 0.40384615384615385 0.3629807692307692
0 0.5432692307692307 0.3173076923076923 0.5120192307692307 0.3173076923076923 0.5120192307692307 0.3629807692307692 0.5432692307692307 0.3629807692307692
0 0.5 0.33413461538461536 0.46875 0.33413461538461536 0.46875 0.3798076923076923 0.5 0.3798076923076923
0 0.44471153846153844 0.35336538461538464 0.41586538461538464 0.35336538461538464 0.41586538461538464 0.3870192307692308 0.44471153846153844 0.3870192307692308
0 0.46153846153846156 0.3581730769230769 0.4375 0.3581730769230769 0.4375 0.3870192307692308 0.46153846153846156 0.3870192307692308
0 0.7427884615384616 0.33413461538461553 0.7115384615384616 0.33413461538461553 0.7115384615384616 0.37980769230769246 0.7427884615384616 0.37980769230769246
0 0.7980769230769231 0.3509615384615386 0.7716346153846154 0.3509615384615386 0.7716346153846154 0.3870192307692309 0.7980769230769231 0.3870192307692309
0 0.6298076923076923 0.3701923076923078 0.5985576923076923 0.3701923076923078 0.5985576923076923 0.41586538461538475 0.6298076923076923 0.41586538461538475
0 0.5384615384615384 0.38461538461538464 0.5120192307692307 0.38461538461538464 0.5120192307692307 0.4230769230769231 0.5384615384615384 0.4230769230769231
0 0.2524038461538462 0.4326923076923077 0.2283653846153847 0.4326923076923077 0.2283653846153847 0.4639423076923077 0.2524038461538462 0.4639423076923077
0 0.6850961538461539 0.4086538461538463 0.6634615384615384 0.4086538461538463 0.6634615384615384 0.43509615384615397 0.6850961538461539 0.43509615384615397
0 0.5216346153846154 0.43028846153846156 0.4807692307692308 0.43028846153846156 0.4807692307692308 0.46875 0.5216346153846154 0.46875
0 0.41346153846153844 0.4423076923076923 0.3942307692307692 0.4423076923076923 0.3942307692307692 0.46875 0.41346153846153844 0.46875
0 0.7475961538461539 0.4182692307692309 0.7139423076923077 0.4182692307692309 0.7139423076923077 0.4639423076923078 0.7475961538461539 0.4639423076923078
0 0.7596153846153846 0.42307692307692324 0.7307692307692307 0.42307692307692324 0.7307692307692307 0.45913461538461553 0.7596153846153846 0.45913461538461553
0 0.5480769230769231 0.4519230769230769 0.5168269230769231 0.4519230769230769 0.5168269230769231 0.4879807692307692 0.5480769230769231 0.4879807692307692
0 0.6177884615384616 0.4567307692307694 0.6009615384615384 0.4567307692307694 0.6009615384615384 0.4879807692307694 0.6177884615384616 0.4879807692307694
0 0.6081730769230769 0.46634615384615397 0.5817307692307693 0.46634615384615397 0.5817307692307693 0.5000000000000001 0.6081730769230769 0.5000000000000001
0 0.7980769230769231 0.4807692307692309 0.7764423076923077 0.4807692307692309 0.7764423076923077 0.5048076923076924 0.7980769230769231 0.5048076923076924
0 0.4735576923076923 0.5096153846153846 0.4495192307692308 0.5096153846153846 0.4495192307692308 0.5384615384615384 0.4735576923076923 0.5384615384615384
0 0.26682692307692313 0.53125 0.25000000000000006 0.53125 0.25000000000000006 0.5504807692307693 0.26682692307692313 0.5504807692307693
0 0.32932692307692313 0.5264423076923077 0.3004807692307693 0.5264423076923077 0.3004807692307693 0.5649038461538461 0.32932692307692324 0.5649038461538461
0 0.4254807692307693 0.5240384615384616 0.3942307692307692 0.5240384615384616 0.3942307692307693 0.5625 0.4254807692307694 0.5625
0 0.6370192307692307 0.512019230769231 0.6105769230769231 0.512019230769231 0.6105769230769231 0.5480769230769232 0.6370192307692307 0.5480769230769232
0 0.75 0.5048076923076924 0.71875 0.5048076923076924 0.71875 0.5480769230769232 0.75 0.5480769230769232
0 0.8221153846153846 0.5240384615384617 0.7980769230769231 0.5240384615384617 0.7980769230769231 0.5528846153846155 0.8221153846153846 0.5528846153846155
0 0.8317307692307693 0.5408653846153848 0.8028846153846154 0.5408653846153848 0.8028846153846154 0.5721153846153848 0.8317307692307693 0.5721153846153848
0 0.528846153846154 0.5625 0.5024038461538463 0.5625 0.5024038461538463 0.5985576923076923 0.528846153846154 0.5985576923076923
0 0.7427884615384616 0.5552884615384617 0.7211538461538461 0.5552884615384617 0.7211538461538461 0.5793269230769232 0.7427884615384616 0.5793269230769232
0 0.71875 0.5528846153846155 0.6850961538461539 0.5528846153846155 0.6850961538461539 0.5889423076923078 0.71875 0.5889423076923078
0 0.5408653846153848 0.5697115384615384 0.5168269230769232 0.5697115384615384 0.5168269230769232 0.6033653846153846 0.5408653846153848 0.6033653846153846
0 0.6394230769230769 0.5697115384615385 0.6129807692307694 0.5697115384615385 0.6129807692307694 0.6129807692307694 0.6394230769230769 0.6129807692307694
0 0.5769230769230771 0.608173076923077 0.543269230769231 0.6081730769230769 0.543269230769231 0.6586538461538461 0.5769230769230771 0.6586538461538461
0 0.7524038461538461 0.6538461538461539 0.7259615384615384 0.6538461538461539 0.7259615384615384 0.6850961538461539 0.7524038461538461 0.6850961538461539
0 0.7884615384615384 0.6802884615384616 0.7668269230769231 0.6802884615384616 0.7668269230769231 0.7067307692307693 0.7884615384615384 0.7067307692307693
0 0.8798076923076923 0.6971153846153846 0.8533653846153846 0.6971153846153846 0.8533653846153846 0.7331730769230769 0.8798076923076923 0.7331730769230769
0 0.7884615384615384 0.7403846153846154 0.7596153846153846 0.7403846153846154 0.7596153846153846 0.7836538461538461 0.7884615384615384 0.7836538461538461
0 0.4014423076923078 0.8557692307692307 0.37980769230769246 0.8557692307692307 0.37980769230769246 0.8870192307692307 0.4014423076923078 0.8870192307692307