0 0.6634615384615384 0.19471153846153852 0.6370192307692307 0.19471153846153852 0.6370192307692307 0.23076923076923084 0.6634615384615384 0.23076923076923084
0 0.6706730769230769 0.2596153846153847 0.6442307692307693 0.2596153846153847 0.6442307692307693 0.2908653846153847 0.6706730769230769 0.2908653846153847
0 0.6081730769230769 0.25721153846153855 0.5841346153846154 0.25721153846153855 0.5841346153846154 0.29326923076923084 0.6081730769230769 0.29326923076923084
0 0.8076923076923077 0.29326923076923084 0.78125 0.29326923076923084 0.78125 0.33413461538461553 0.8076923076923077 0.33413461538461553
0 0.5793269230769231 0.3076923076923078 0.5600961538461539 0.3076923076923078 0.5600961538461539 0.3509615384615386 0.5793269230769231 0.3509615384615386
0 0.6947115384615384 0.3197115384615386 0.6658653846153846 0.3197115384615386 0.6658653846153846 0.35817307692307704 0.6947115384615384 0.35817307692307704
0 0.5649038461538461 0.35576923076923084 0.5336538461538461 0.3557692307692308 0.5336538461538461 0.3966346153846155 0.5649038461538461 0.39663461538461553
0 0.4543269230769231 0.3605769230769231 0.43028846153846156 0.3605769230769231 0.43028846153846156 0.40384615384615385 0.4543269230769231 0.40384615384615385
0 0.6033653846153846 0.4062500000000001 0.5817307692307693 0.4062500000000001 0.5817307692307693 0.44230769230769246 0.6033653846153846 0.44230769230769246
0 0.5865384615384616 0.41105769230769246 0.5673076923076923 0.41105769230769246 0.5673076923076923 0.44230769230769246 0.5865384615384616 0.44230769230769246
0 0.4951923076923077 0.40384615384615385 0.46875 0.40384615384615385 0.46875 0.4519230769230769 0.4951923076923077 0.4519230769230769
0 0.7307692307692307 0.44711538461538475 0.7043269230769231 0.44711538461538475 0.7043269230769231 0.4759615384615386 0.7307692307692307 0.4759615384615386
0 0.43509615384615385 0.4495192307692308 0.40384615384615385 0.4495192307692308 0.40384615384615385 0.4879807692307692 0.43509615384615385 0.4879807692307692
0 0.37740384615384615 0.4639423076923077 0.35336538461538464 0.4639423076923077 0.35336538461538464 0.5072115384615384 0.37740384615384615 0.5072115384615384
0 0.4807692307692308 0.46634615384615385 0.4543269230769231 0.46634615384615385 0.4543269230769231 0.5192307692307693 0.4807692307692308 0.5192307692307693
0 0.4879807692307692 0.47836538461538464 0.4735576923076923 0.47836538461538464 0.4735576923076923 0.5096153846153846 0.4879807692307692 0.5096153846153846
0 0.39903846153846156 0.49759615384615385 0.37740384615384615 0.49759615384615385 0.37740384615384615 0.5360576923076923 0.39903846153846156 0.5360576923076923
0 0.38221153846153855 0.5240384615384616 0.3557692307692308 0.5240384615384616 0.35576923076923084 0.5649038461538461 0.3822115384615386 0.5649038461538461
0 0.6394230769230769 0.543269230769231 0.6129807692307693 0.543269230769231 0.6129807692307693 0.5817307692307694 0.6394230769230769 0.5817307692307694
0 0.4567307692307693 0.5432692307692307 0.4326923076923077 0.5432692307692307 0.43269230769230776 0.5889423076923077 0.4567307692307694 0.5889423076923077
0 0.6778846153846154 0.5528846153846155 0.6514423076923077 0.5528846153846155 0.6514423076923077 0.6033653846153848 0.6778846153846154 0.6033653846153848
0 0.3942307692307694 0.5769230769230769 0.37980769230769246 0.5769230769230769 0.37980769230769246 0.6033653846153846 0.3942307692307694 0.6033653846153846
0 0.512019230769231 0.5721153846153846 0.49038461538461553 0.5721153846153846 0.49038461538461553 0.6225961538461539 0.512019230769231 0.6225961538461539
0 0.6538461538461539 0.605769230769231 0.625 0.605769230769231 0.625 0.6490384615384616 0.6538461538461539 0.6490384615384616
0 0.6201923076923077 0.6322115384615384 0.6009615384615385 0.6322115384615384 0.6009615384615385 0.6658653846153846 0.6201923076923077 0.6658653846153846
0 0.6490384615384616 0.6322115384615384 0.6201923076923077 0.6322115384615384 0.6201923076923077 0.6875 0.6490384615384616 0.6875
0 0.40384615384615397 0.65625 0.37980769230769246 0.65625 0.37980769230769246 0.6850961538461539 0.40384615384615397 0.6850961538461539
0 0.37259615384615397 0.6610576923076923 0.3461538461538463 0.6610576923076923 0.3461538461538463 0.6947115384615384 0.37259615384615397 0.6947115384615384
0 0.48317307692307704 0.6826923076923077 0.45192307692307704 0.6826923076923077 0.45192307692307704 0.7403846153846154 0.48317307692307704 0.7403846153846154
0 0.7932692307692307 0.71875 0.7692307692307693 0.71875 0.7692307692307693 0.75 0.7932692307692307 0.75
0 0.4062500000000001 0.6899038461538461 0.3750000000000001 0.6899038461538461 0.3750000000000001 0.7403846153846154 0.4062500000000001 0.7403846153846154
0 0.5048076923076924 0.7211538461538461 0.4807692307692309 0.7211538461538461 0.4807692307692309 0.7596153846153846 0.5048076923076924 0.7596153846153846
0 0.5528846153846155 0.7283653846153846 0.5312500000000001 0.7283653846153846 0.5312500000000001 0.7596153846153846 0.5528846153846155 0.7596153846153846
0 0.528846153846154 0.7307692307692307 0.5096153846153848 0.7307692307692307 0.5096153846153848 0.7644230769230769 0.528846153846154 0.7644230769230769
0 0.3701923076923078 0.7548076923076923 0.34134615384615397 0.7548076923076923 0.34134615384615397 0.7980769230769231 0.3701923076923078 0.7980769230769231
0 0.8052884615384616 0.8028846153846154 0.7692307692307693 0.8028846153846154 0.7692307692307693 0.8605769230769231 0.8052884615384616 0.8605769230769231
0 0.46634615384615397 0.7932692307692307 0.43509615384615397 0.7932692307692307 0.43509615384615397 0.8413461538461539 0.46634615384615397 0.8413461538461539
0 0.3822115384615386 0.8269230769230769 0.36057692307692324 0.8269230769230769 0.36057692307692324 0.8581730769230769 0.3822115384615386 0.8581730769230769
0 0.4687500000000001 0.8557692307692307 0.4302884615384617 0.8557692307692307 0.4302884615384617 0.8990384615384616 0.4687500000000001 0.8990384615384616
0 0.7716346153846154 0.8798076923076923 0.7403846153846154 0.8798076923076923 0.7403846153846154 0.9206730769230769 0.7716346153846154 0.9206730769230769