0 0.3389423076923077 0.24278846153846162 0.30528846153846156 0.24278846153846162 0.30528846153846156 0.264423076923077 0.3389423076923077 0.264423076923077
0 0.35336538461538464 0.3028846153846155 0.3245192307692308 0.3028846153846155 0.3245192307692308 0.3293269230769231 0.35336538461538464 0.3293269230769231
0 0.3629807692307692 0.38221153846153844 0.3269230769230769 0.38221153846153844 0.3269230769230769 0.40865384615384615 0.3629807692307692 0.40865384615384615
0 0.23557692307692316 0.7091346153846154 0.20913461538461545 0.7091346153846154 0.20913461538461545 0.7307692307692307 0.23557692307692316 0.7307692307692307
0 0.3701923076923077 0.4567307692307692 0.33413461538461536 0.4567307692307692 0.33413461538461536 0.4831730769230769 0.3701923076923077 0.4831730769230769
0 0.295673076923077 0.6418269230769231 0.264423076923077 0.6418269230769231 0.264423076923077 0.6706730769230769 0.295673076923077 0.6706730769230769
0 0.38461538461538464 0.46153846153846156 0.3629807692307692 0.46153846153846156 0.3629807692307692 0.4807692307692308 0.38461538461538464 0.4807692307692308
0 0.4423076923076923 0.33653846153846156 0.40865384615384615 0.33653846153846156 0.40865384615384615 0.36778846153846156 0.4423076923076923 0.36778846153846156
0 0.3389423076923078 0.6201923076923077 0.31009615384615397 0.6201923076923077 0.31009615384615397 0.6418269230769231 0.3389423076923078 0.6418269230769231
0 0.43990384615384615 0.3557692307692308 0.4182692307692308 0.3557692307692308 0.4182692307692308 0.3798076923076923 0.43990384615384615 0.3798076923076923
0 0.4014423076923077 0.4855769230769231 0.37259615384615385 0.4855769230769231 0.37259615384615385 0.5096153846153846 0.4014423076923077 0.5096153846153846
0 0.3701923076923078 0.59375 0.32932692307692324 0.59375 0.32932692307692324 0.6274038461538461 0.3701923076923078 0.6274038461538461
0 0.44711538461538464 0.38221153846153844 0.4206730769230769 0.38221153846153844 0.4206730769230769 0.40865384615384615 0.44711538461538464 0.40865384615384615
0 0.43990384615384615 0.4014423076923077 0.4110576923076923 0.4014423076923077 0.4110576923076923 0.4254807692307692 0.43990384615384615 0.4254807692307692
0 0.4375 0.47596153846153844 0.40384615384615385 0.47596153846153844 0.40384615384615385 0.5024038461538461 0.4375 0.5024038461538461
0 0.49038461538461536 0.35096153846153844 0.4639423076923077 0.35096153846153844 0.4639423076923077 0.37740384615384615 0.49038461538461536 0.37740384615384615
0 0.4855769230769231 0.37740384615384615 0.4543269230769231 0.37740384615384615 0.4543269230769231 0.40384615384615385 0.4855769230769231 0.40384615384615385
0 0.47596153846153844 0.39663461538461536 0.44711538461538464 0.39663461538461536 0.44711538461538464 0.4230769230769231 0.47596153846153844 0.4230769230769231
0 0.5048076923076923 0.41586538461538464 0.4735576923076923 0.41586538461538464 0.4735576923076923 0.43990384615384615 0.5048076923076923 0.43990384615384615
0 0.36538461538461553 0.7836538461538461 0.3389423076923078 0.7836538461538461 0.3389423076923078 0.8100961538461539 0.36538461538461553 0.8100961538461539
0 0.5240384615384616 0.3870192307692308 0.49278846153846156 0.3870192307692308 0.49278846153846156 0.41586538461538464 0.5240384615384616 0.41586538461538464
0 0.5024038461538461 0.43509615384615385 0.47596153846153844 0.43509615384615385 0.47596153846153844 0.46153846153846156 0.5024038461538461 0.46153846153846156
0 0.44711538461538475 0.5913461538461539 0.41586538461538475 0.5913461538461539 0.41586538461538475 0.6129807692307693 0.44711538461538475 0.6129807692307693
0 0.49759615384615385 0.4519230769230769 0.47596153846153844 0.4519230769230769 0.47596153846153844 0.4735576923076923 0.49759615384615385 0.4735576923076923
0 0.44711538461538475 0.6057692307692307 0.42067307692307704 0.6057692307692307 0.42067307692307704 0.6274038461538461 0.44711538461538475 0.6274038461538461
0 0.5024038461538461 0.5168269230769231 0.47115384615384615 0.5168269230769231 0.47115384615384615 0.5408653846153846 0.5024038461538461 0.5408653846153846
0 0.4687500000000001 0.7019230769230769 0.44711538461538475 0.7019230769230769 0.44711538461538475 0.7259615384615384 0.4687500000000001 0.7259615384615384
0 0.5697115384615384 0.47596153846153855 0.5480769230769231 0.47596153846153844 0.5480769230769231 0.4975961538461539 0.5697115384615384 0.49759615384615397
0 0.5865384615384616 0.483173076923077 0.5576923076923077 0.4831730769230769 0.5576923076923077 0.5096153846153847 0.5865384615384616 0.5096153846153848
0 0.5769230769230769 0.5072115384615385 0.5432692307692307 0.5072115384615384 0.5432692307692307 0.545673076923077 0.5769230769230769 0.5456730769230771
0 0.5625000000000001 0.5673076923076924 0.5336538461538463 0.5673076923076923 0.5336538461538463 0.5985576923076924 0.5625000000000001 0.5985576923076924
0 0.5096153846153848 0.7331730769230769 0.48317307692307704 0.7331730769230769 0.48317307692307704 0.7572115384615384 0.5096153846153848 0.7572115384615384
0 0.5889423076923077 0.5312500000000001 0.5552884615384616 0.53125 0.5552884615384616 0.560096153846154 0.5889423076923078 0.560096153846154
0 0.5024038461538463 0.8149038461538461 0.4687500000000001 0.8149038461538461 0.4687500000000001 0.84375 0.5024038461538463 0.84375
0 0.591346153846154 0.605769230769231 0.5625000000000001 0.605769230769231 0.5625000000000001 0.6322115384615384 0.591346153846154 0.6322115384615384
0 0.5576923076923078 0.6995192307692307 0.5312500000000001 0.6995192307692307 0.5312500000000001 0.7235576923076923 0.5576923076923078 0.7235576923076923
0 0.5552884615384617 0.7379807692307693 0.5144230769230771 0.7379807692307693 0.5144230769230771 0.7692307692307693 0.5552884615384617 0.7692307692307693
0 0.625 0.5721153846153848 0.5841346153846155 0.5721153846153848 0.5841346153846155 0.6009615384615385 0.625 0.6009615384615385
0 0.6177884615384616 0.7283653846153846 0.591346153846154 0.7283653846153846 0.591346153846154 0.7524038461538461 0.6177884615384616 0.7524038461538461
0 0.6610576923076923 0.6418269230769231 0.6201923076923077 0.6418269230769231 0.6201923076923077 0.6754807692307693 0.6610576923076923 0.6754807692307693