0 0.22596153846153846 0.021634615384615405 0.1346153846153846 0.0216346153846154 0.1346153846153846 0.0841346153846154 0.22596153846153846 0.08413461538461542
0 0.16105769230769232 0.13461538461538464 0.07451923076923078 0.1346153846153846 0.07451923076923078 0.20673076923076922 0.16105769230769232 0.20673076923076922
0 0.026442307692307765 0.5625 6.888638245203861e-17 0.5625 7.330217619896416e-17 0.6346153846153846 0.02644230769230777 0.6346153846153846
0 1 0.18269230769230782 0.9182692307692307 0.18269230769230782 0.9182692307692307 0.2620192307692309 1 0.2620192307692309
0 0.8701923076923077 0.5000000000000001 0.7379807692307693 0.5000000000000001 0.7379807692307693 0.5841346153846155 0.8701923076923077 0.5841346153846155
0 0.7788461538461539 0.3461538461538463 0.6298076923076923 0.3461538461538463 0.6298076923076923 0.4375000000000001 0.7788461538461539 0.4375000000000001
0 0.7139423076923077 0.39663461538461553 0.5649038461538461 0.39663461538461553 0.5649038461538461 0.47836538461538475 0.7139423076923077 0.47836538461538475
0 0.5240384615384617 0.7956730769230769 0.4134615384615386 0.7956730769230769 0.4134615384615386 0.8725961538461539 0.5240384615384617 0.8725961538461539
0 0.5408653846153848 0.5841346153846154 0.45913461538461553 0.5841346153846154 0.45913461538461553 0.6514423076923077 0.5408653846153848 0.6514423076923077
0 0.5817307692307693 0.4110576923076924 0.47596153846153844 0.4110576923076923 0.47596153846153844 0.4927884615384616 0.5817307692307693 0.4927884615384617
0 0.7115384615384616 0.11778846153846162 0.5384615384615384 0.1177884615384616 0.5384615384615384 0.2163461538461539 0.7115384615384616 0.2163461538461539
0 0.5168269230769232 0.5865384615384616 0.42067307692307704 0.5865384615384616 0.42067307692307704 0.65625 0.5168269230769232 0.65625
0 0.9278846153846154 0.7740384615384616 0.8221153846153846 0.7740384615384616 0.8221153846153846 0.8533653846153846 0.9278846153846154 0.8533653846153846
0 0.5985576923076923 0.295673076923077 0.43028846153846156 0.295673076923077 0.43028846153846156 0.4038461538461539 0.5985576923076923 0.40384615384615397
0 0.6442307692307693 0.07451923076923085 0.5192307692307693 0.07451923076923084 0.5192307692307693 0.15865384615384623 0.6442307692307693 0.15865384615384623
0 0.53125 0.39903846153846156 0.37740384615384615 0.39903846153846156 0.37740384615384615 0.4951923076923077 0.53125 0.4951923076923077
0 0.4399038461538462 0.49038461538461536 0.3317307692307692 0.49038461538461536 0.3317307692307693 0.5649038461538461 0.4399038461538463 0.5649038461538461
0 0.9879807692307693 0.5937500000000001 0.8725961538461539 0.5937500000000001 0.8725961538461539 0.6730769230769231 0.9879807692307693 0.6730769230769231
0 0.3629807692307692 0.44471153846153844 0.2548076923076924 0.44471153846153844 0.2548076923076924 0.53125 0.3629807692307692 0.53125
0 1 0.38461538461538475 0.9038461538461539 0.38461538461538475 0.9038461538461539 0.4639423076923078 1 0.4639423076923078
0 0.24519230769230776 0.65625 0.09134615384615391 0.65625 0.09134615384615394 0.7524038461538461 0.24519230769230776 0.7524038461538461
0 0.3269230769230769 0.14663461538461542 0.21394230769230768 0.14663461538461542 0.21394230769230768 0.2307692307692308 0.3269230769230769 0.23076923076923084
0 0.12019230769230776 0.5865384615384616 0.00480769230769238 0.5865384615384616 0.004807692307692384 0.6634615384615384 0.12019230769230776 0.6634615384615384