0 0.6442307692307693 0.8918269230769231 0.6153846153846154 0.8918269230769231 0.6153846153846154 0.9350961538461539 0.6442307692307693 0.9350961538461539
0 0.625 0.1754807692307693 0.6009615384615384 0.1754807692307693 0.6009615384615384 0.20192307692307698 0.625 0.20192307692307698
0 0.6490384615384616 0.19951923076923084 0.6177884615384616 0.19951923076923084 0.6177884615384616 0.24038461538461545 0.6490384615384616 0.24038461538461545
0 0.5697115384615384 0.23557692307692316 0.5480769230769231 0.23557692307692316 0.5480769230769231 0.27644230769230776 0.5697115384615384 0.27644230769230776
0 0.7788461538461539 0.2379807692307693 0.7548076923076923 0.2379807692307693 0.7548076923076923 0.2716346153846155 0.7788461538461539 0.2716346153846155
0 0.5985576923076923 0.295673076923077 0.5745192307692307 0.295673076923077 0.5745192307692307 0.32692307692307704 0.5985576923076923 0.32692307692307704
0 0.5600961538461539 0.31250000000000006 0.53125 0.3125 0.53125 0.3533653846153847 0.5600961538461539 0.35336538461538475
0 0.4519230769230769 0.3317307692307692 0.4206730769230769 0.3317307692307692 0.4206730769230769 0.37259615384615385 0.4519230769230769 0.37259615384615385
0 0.6682692307692307 0.3125000000000001 0.6418269230769231 0.3125000000000001 0.6418269230769231 0.35817307692307704 0.6682692307692307 0.35817307692307704
0 0.5985576923076923 0.3365384615384617 0.5745192307692307 0.3365384615384617 0.5745192307692307 0.3774038461538463 0.5985576923076923 0.3774038461538463
0 0.7019230769230769 0.3365384615384617 0.6730769230769231 0.3365384615384617 0.6730769230769231 0.3701923076923078 0.7019230769230769 0.3701923076923078
0 0.5144230769230769 0.37740384615384615 0.49038461538461536 0.37740384615384615 0.49038461538461536 0.41586538461538464 0.5144230769230769 0.41586538461538464
0 0.5793269230769231 0.37500000000000006 0.5504807692307693 0.375 0.5504807692307693 0.41346153846153855 0.5793269230769231 0.4134615384615386
0 0.4423076923076923 0.40625 0.4182692307692308 0.40625 0.4182692307692308 0.4543269230769231 0.4423076923076923 0.4543269230769231
0 0.47596153846153844 0.43990384615384615 0.4519230769230769 0.43990384615384615 0.4519230769230769 0.47836538461538464 0.47596153846153844 0.47836538461538464
0 0.41346153846153844 0.4495192307692308 0.38221153846153844 0.4495192307692308 0.38221153846153844 0.4879807692307692 0.41346153846153844 0.4879807692307692
0 0.44711538461538464 0.4567307692307692 0.41586538461538464 0.4567307692307692 0.41586538461538464 0.49759615384615385 0.44711538461538464 0.49759615384615385
0 0.5168269230769231 0.4567307692307692 0.49038461538461536 0.4567307692307692 0.49038461538461536 0.49278846153846156 0.5168269230769231 0.49278846153846156
0 0.6634615384615384 0.4447115384615386 0.6418269230769231 0.4447115384615386 0.6418269230769231 0.49038461538461553 0.6634615384615384 0.49038461538461553
0 0.6875 0.4567307692307694 0.65625 0.4567307692307694 0.65625 0.4951923076923078 0.6875 0.4951923076923078
0 0.41586538461538464 0.5072115384615384 0.39663461538461536 0.5072115384615384 0.39663461538461536 0.5336538461538461 0.41586538461538464 0.5336538461538461
0 0.5120192307692307 0.5024038461538461 0.4855769230769231 0.5024038461538461 0.4855769230769231 0.5336538461538461 0.5120192307692307 0.5336538461538461
0 0.71875 0.4711538461538463 0.6947115384615384 0.4711538461538463 0.6947115384615384 0.512019230769231 0.71875 0.512019230769231
0 0.4375 0.5120192307692307 0.41346153846153844 0.5120192307692307 0.41346153846153844 0.5552884615384616 0.4375 0.5552884615384616
0 0.560096153846154 0.5216346153846154 0.5336538461538461 0.5216346153846154 0.5336538461538463 0.5649038461538463 0.560096153846154 0.5649038461538463
0 0.6610576923076923 0.5697115384615385 0.6418269230769231 0.5697115384615385 0.6418269230769231 0.5937500000000001 0.6610576923076923 0.5937500000000001
0 0.44230769230769246 0.5985576923076923 0.42067307692307704 0.5985576923076923 0.42067307692307704 0.6298076923076923 0.44230769230769246 0.6298076923076923
0 0.47355769230769246 0.6009615384615384 0.4399038461538463 0.6009615384615384 0.4399038461538463 0.6466346153846154 0.47355769230769246 0.6466346153846154
0 0.6634615384615384 0.5937500000000001 0.6466346153846154 0.5937500000000001 0.6466346153846154 0.625 0.6634615384615384 0.625
0 0.5889423076923078 0.5985576923076924 0.560096153846154 0.5985576923076924 0.560096153846154 0.6490384615384616 0.5889423076923078 0.6490384615384616
0 0.6105769230769232 0.6201923076923077 0.5889423076923078 0.6201923076923077 0.5889423076923078 0.65625 0.6105769230769232 0.65625
0 0.4711538461538463 0.6442307692307693 0.4447115384615386 0.6442307692307693 0.4447115384615386 0.6826923076923077 0.4711538461538463 0.6826923076923077
0 0.8557692307692307 0.6033653846153848 0.8293269230769231 0.6033653846153848 0.8293269230769231 0.6442307692307693 0.8557692307692307 0.6442307692307693
0 0.8389423076923077 0.6153846153846154 0.8125 0.6153846153846154 0.8125 0.6538461538461539 0.8389423076923077 0.6538461538461539
0 0.6081730769230771 0.6610576923076923 0.5841346153846155 0.6610576923076923 0.5841346153846155 0.6995192307692307 0.6081730769230771 0.6995192307692307
0 0.4639423076923078 0.6947115384615384 0.4447115384615386 0.6947115384615384 0.4447115384615386 0.71875 0.4639423076923078 0.71875
0 0.5504807692307694 0.6899038461538461 0.5312500000000001 0.6899038461538461 0.5312500000000001 0.7259615384615384 0.5504807692307694 0.7259615384615384
0 0.528846153846154 0.6875 0.5000000000000001 0.6875 0.5000000000000001 0.7355769230769231 0.528846153846154 0.7355769230769231
0 0.512019230769231 0.7355769230769231 0.48557692307692324 0.7355769230769231 0.48557692307692324 0.7716346153846154 0.512019230769231 0.7716346153846154
0 0.5649038461538463 0.7596153846153846 0.5408653846153848 0.7596153846153846 0.5408653846153848 0.7956730769230769 0.5649038461538463 0.7956730769230769
0 0.5649038461538463 0.7836538461538461 0.543269230769231 0.7836538461538461 0.543269230769231 0.8221153846153846 0.5649038461538463 0.8221153846153846
0 0.8557692307692307 0.7668269230769231 0.8293269230769231 0.7668269230769231 0.8293269230769231 0.7980769230769231 0.8557692307692307 0.7980769230769231
0 0.8605769230769231 0.7956730769230769 0.8341346153846154 0.7956730769230769 0.8341346153846154 0.8269230769230769 0.8605769230769231 0.8269230769230769
0 0.5961538461538463 0.8485576923076923 0.574519230769231 0.8485576923076923 0.574519230769231 0.8846153846153846 0.5961538461538463 0.8846153846153846