0 0.8100961538461539 0.3389423076923078 0.7668269230769231 0.3389423076923078 0.7668269230769231 0.3750000000000001 0.8100961538461539 0.3750000000000001
0 0.7475961538461539 0.32932692307692324 0.7067307692307693 0.32932692307692324 0.7067307692307693 0.3629807692307694 0.7475961538461539 0.3629807692307694
0 0.7475961538461539 0.39182692307692324 0.7043269230769231 0.39182692307692324 0.7043269230769231 0.42788461538461553 0.7475961538461539 0.42788461538461553
0 0.7163461538461539 0.18990384615384623 0.6682692307692307 0.18990384615384623 0.6682692307692307 0.2283653846153847 0.7163461538461539 0.2283653846153847
0 0.6947115384615384 0.4182692307692309 0.6490384615384616 0.4182692307692309 0.6490384615384616 0.4495192307692309 0.6947115384615384 0.4495192307692309
0 0.6899038461538461 0.3004807692307693 0.6418269230769231 0.3004807692307693 0.6418269230769231 0.3437500000000001 0.6899038461538461 0.3437500000000001
0 0.6514423076923077 0.4326923076923078 0.6009615384615384 0.4326923076923078 0.6009615384615384 0.4759615384615386 0.6514423076923077 0.4759615384615386
0 0.6418269230769231 0.543269230769231 0.59375 0.543269230769231 0.5937500000000001 0.5793269230769232 0.6418269230769231 0.5793269230769232
0 0.6009615384615384 0.39182692307692313 0.5576923076923077 0.3918269230769231 0.5576923076923077 0.4278846153846155 0.6009615384615384 0.42788461538461553
0 0.59375 0.4110576923076924 0.5576923076923077 0.4110576923076923 0.5576923076923077 0.4399038461538462 0.59375 0.4399038461538463
0 0.5985576923076923 0.5024038461538463 0.5456730769230769 0.5024038461538461 0.5456730769230769 0.5408653846153847 0.5985576923076923 0.5408653846153848
0 0.5600961538461539 0.264423076923077 0.5216346153846154 0.264423076923077 0.5216346153846154 0.3004807692307693 0.5600961538461539 0.3004807692307693
0 0.5528846153846155 0.5625 0.5072115384615385 0.5625 0.5072115384615385 0.6033653846153846 0.5528846153846155 0.6033653846153846
0 0.5384615384615385 0.6177884615384616 0.4879807692307694 0.6177884615384616 0.4879807692307694 0.65625 0.5384615384615385 0.65625
0 0.5360576923076923 0.5144230769230769 0.47836538461538464 0.5144230769230769 0.47836538461538464 0.5552884615384616 0.5360576923076923 0.5552884615384616
0 0.5240384615384616 0.5072115384615384 0.49038461538461536 0.5072115384615384 0.49038461538461536 0.53125 0.5240384615384616 0.53125
0 0.5072115384615385 0.59375 0.45913461538461553 0.59375 0.45913461538461553 0.6298076923076923 0.5072115384615385 0.6298076923076923
0 0.4759615384615386 0.6129807692307693 0.4302884615384617 0.6129807692307693 0.4302884615384617 0.6490384615384616 0.4759615384615386 0.6490384615384616
0 0.46153846153846156 0.3557692307692308 0.4182692307692308 0.3557692307692308 0.4182692307692308 0.3894230769230769 0.46153846153846156 0.3894230769230769
0 0.4591346153846155 0.5360576923076923 0.40384615384615385 0.5360576923076923 0.4038461538461539 0.5769230769230769 0.45913461538461553 0.5769230769230769
0 0.4543269230769231 0.3173076923076923 0.39663461538461536 0.3173076923076923 0.39663461538461536 0.3581730769230769 0.4543269230769231 0.3581730769230769
0 0.4254807692307694 0.6009615384615384 0.3942307692307694 0.6009615384615384 0.3942307692307694 0.625 0.4254807692307694 0.625
0 0.4326923076923077 0.47836538461538464 0.375 0.47836538461538464 0.375 0.5192307692307693 0.4326923076923077 0.5192307692307693
0 0.40384615384615385 0.3389423076923077 0.35096153846153844 0.3389423076923077 0.35096153846153844 0.3798076923076923 0.40384615384615385 0.3798076923076923
0 0.375 0.375 0.33413461538461536 0.375 0.33413461538461536 0.40384615384615385 0.375 0.40384615384615385
0 0.37259615384615385 0.34134615384615385 0.31009615384615385 0.34134615384615385 0.31009615384615385 0.38461538461538464 0.37259615384615385 0.38461538461538464
0 0.3461538461538463 0.5889423076923077 0.3076923076923078 0.5889423076923077 0.3076923076923078 0.6225961538461539 0.3461538461538463 0.6225961538461539
0 0.34134615384615397 0.6201923076923077 0.3004807692307693 0.6201923076923077 0.3004807692307693 0.65625 0.34134615384615397 0.65625
0 0.31971153846153844 0.5072115384615384 0.25721153846153855 0.5072115384615384 0.25721153846153855 0.5504807692307693 0.31971153846153844 0.5504807692307693
0 0.28846153846153844 0.1995192307692308 0.25 0.19951923076923078 0.25 0.2355769230769231 0.28846153846153844 0.23557692307692316
0 0.3125000000000001 0.5841346153846154 0.2548076923076924 0.5841346153846154 0.2548076923076924 0.6322115384615384 0.3125000000000001 0.6322115384615384
0 0.2836538461538462 0.4855769230769231 0.2379807692307693 0.4855769230769231 0.2379807692307693 0.5240384615384616 0.2836538461538462 0.5240384615384616
0 0.27644230769230776 0.43990384615384615 0.2379807692307693 0.43990384615384615 0.2379807692307693 0.46875 0.27644230769230776 0.46875
0 0.2740384615384616 0.46153846153846156 0.23557692307692316 0.46153846153846156 0.23557692307692316 0.49038461538461536 0.2740384615384616 0.49038461538461536
0 0.2475961538461539 0.6177884615384616 0.1971153846153847 0.6177884615384616 0.1971153846153847 0.6586538461538461 0.2475961538461539 0.6586538461538461
0 0.2091346153846154 0.18269230769230768 0.1418269230769231 0.18269230769230768 0.1418269230769231 0.23557692307692307 0.2091346153846154 0.23557692307692307
0 0.20913461538461545 0.5216346153846154 0.15144230769230776 0.5216346153846154 0.15144230769230776 0.5697115384615384 0.20913461538461545 0.5697115384615384
0 0.17307692307692316 0.6081730769230769 0.13701923076923084 0.6081730769230769 0.13701923076923084 0.6394230769230769 0.17307692307692316 0.6394230769230769
0 0.15144230769230776 0.5192307692307693 0.09615384615384623 0.5192307692307693 0.09615384615384623 0.5721153846153846 0.15144230769230776 0.5721153846153846
0 0.1274038461538462 0.21875 0.07932692307692311 0.21875 0.07932692307692311 0.2620192307692308 0.1274038461538462 0.2620192307692308