0 0.6057692307692307 0.17307692307692316 0.5793269230769231 0.17307692307692316 0.5793269230769231 0.20913461538461545 0.6057692307692307 0.20913461538461545
0 0.6274038461538461 0.23317307692307698 0.5985576923076923 0.23317307692307698 0.5985576923076923 0.26682692307692313 0.6274038461538461 0.26682692307692313
0 0.5625 0.24278846153846162 0.5360576923076923 0.24278846153846162 0.5360576923076923 0.28125000000000006 0.5625 0.28125000000000006
0 0.7692307692307693 0.2379807692307693 0.7379807692307693 0.2379807692307693 0.7379807692307693 0.28125000000000006 0.7692307692307693 0.28125000000000006
0 0.5456730769230769 0.29807692307692313 0.5240384615384616 0.29807692307692313 0.5240384615384616 0.34134615384615385 0.5456730769230769 0.34134615384615385
0 0.6634615384615384 0.2860576923076924 0.6298076923076923 0.2860576923076924 0.6298076923076923 0.32692307692307704 0.6634615384615384 0.32692307692307704
0 0.5408653846153846 0.34615384615384615 0.5072115384615384 0.34615384615384615 0.5072115384615384 0.3894230769230769 0.5408653846153846 0.3894230769230769
0 0.43509615384615385 0.375 0.40625 0.375 0.40625 0.4182692307692308 0.43509615384615385 0.4182692307692308
0 0.5889423076923077 0.38942307692307704 0.5649038461538461 0.38942307692307704 0.5649038461538461 0.4254807692307694 0.5889423076923077 0.4254807692307694
0 0.5745192307692307 0.3966346153846155 0.5504807692307693 0.39663461538461536 0.5504807692307693 0.4278846153846155 0.5745192307692307 0.42788461538461553
0 0.4831730769230769 0.40865384615384615 0.4519230769230769 0.40865384615384615 0.4519230769230769 0.45913461538461536 0.4831730769230769 0.45913461538461536
0 0.7211538461538461 0.4062500000000001 0.6923076923076923 0.4062500000000001 0.6923076923076923 0.4375000000000001 0.7211538461538461 0.4375000000000001
0 0.43028846153846156 0.4639423076923077 0.39903846153846156 0.4639423076923077 0.39903846153846156 0.5048076923076923 0.43028846153846156 0.5048076923076923
0 0.37740384615384615 0.49038461538461536 0.35096153846153844 0.49038461538461536 0.35096153846153844 0.5336538461538461 0.37740384615384615 0.5336538461538461
0 0.4807692307692308 0.4735576923076923 0.4519230769230769 0.4735576923076923 0.4519230769230769 0.5264423076923077 0.4807692307692308 0.5264423076923077
0 0.49038461538461536 0.4807692307692308 0.47115384615384615 0.4807692307692308 0.47115384615384615 0.5120192307692307 0.49038461538461536 0.5120192307692307
0 0.40625 0.5168269230769231 0.38221153846153844 0.5168269230769231 0.38221153846153844 0.5576923076923077 0.40625 0.5576923076923077
0 0.3942307692307693 0.5480769230769231 0.36538461538461536 0.5480769230769231 0.3653846153846155 0.5889423076923077 0.3942307692307694 0.5889423076923077
0 0.6490384615384616 0.5192307692307694 0.6225961538461539 0.5192307692307694 0.6225961538461539 0.5576923076923078 0.6490384615384616 0.5576923076923078
0 0.4711538461538462 0.5528846153846154 0.4423076923076923 0.5528846153846154 0.4423076923076924 0.6009615384615384 0.4711538461538463 0.6009615384615384
0 0.6899038461538461 0.5192307692307694 0.6586538461538461 0.5192307692307694 0.6586538461538461 0.5721153846153848 0.6899038461538461 0.5721153846153848
0 0.41586538461538475 0.5961538461538461 0.39663461538461553 0.5961538461538461 0.39663461538461553 0.6225961538461539 0.41586538461538475 0.6225961538461539
0 0.5312500000000001 0.5697115384615384 0.5048076923076924 0.5697115384615384 0.5048076923076924 0.6201923076923077 0.5312500000000001 0.6201923076923077
0 0.6754807692307693 0.574519230769231 0.6442307692307693 0.574519230769231 0.6442307692307693 0.6201923076923077 0.6754807692307693 0.6201923076923077
0 0.6466346153846154 0.6081730769230771 0.625 0.6081730769230771 0.625 0.6418269230769231 0.6466346153846154 0.6418269230769231
0 0.6802884615384616 0.6033653846153848 0.6466346153846154 0.6033653846153848 0.6466346153846154 0.6610576923076923 0.6802884615384616 0.6610576923076923
0 0.4399038461538463 0.6730769230769231 0.4134615384615386 0.6730769230769231 0.4134615384615386 0.7043269230769231 0.4399038461538463 0.7043269230769231
0 0.4086538461538463 0.6850961538461539 0.3822115384615386 0.6850961538461539 0.3822115384615386 0.71875 0.4086538461538463 0.71875
0 0.5264423076923078 0.6850961538461539 0.4927884615384617 0.6850961538461539 0.4927884615384617 0.7427884615384616 0.5264423076923078 0.7427884615384616
0 0.8341346153846154 0.6610576923076923 0.8052884615384616 0.6610576923076923 0.8052884615384616 0.6947115384615384 0.8341346153846154 0.6947115384615384
0 0.4495192307692309 0.7067307692307693 0.41586538461538475 0.7067307692307693 0.41586538461538475 0.7572115384615384 0.4495192307692309 0.7572115384615384
0 0.5528846153846155 0.7163461538461539 0.5240384615384617 0.7163461538461539 0.5240384615384617 0.7572115384615384 0.5528846153846155 0.7572115384615384
0 0.6009615384615385 0.7139423076923077 0.5769230769230771 0.7139423076923077 0.5769230769230771 0.7475961538461539 0.6009615384615385 0.7475961538461539
0 0.5769230769230771 0.7211538461538461 0.5552884615384617 0.7211538461538461 0.5552884615384617 0.7548076923076923 0.5769230769230771 0.7548076923076923
0 0.42788461538461553 0.7740384615384616 0.39663461538461553 0.7740384615384616 0.39663461538461553 0.8197115384615384 0.42788461538461553 0.8197115384615384
0 0.8653846153846154 0.7403846153846154 0.8245192307692307 0.7403846153846154 0.8245192307692307 0.8004807692307693 0.8653846153846154 0.8004807692307693
0 0.5312500000000001 0.7980769230769231 0.4951923076923078 0.7980769230769231 0.4951923076923078 0.8485576923076923 0.5312500000000001 0.8485576923076923
0 0.45192307692307704 0.8461538461538461 0.4254807692307694 0.8461538461538461 0.4254807692307694 0.8774038461538461 0.45192307692307704 0.8774038461538461
0 0.543269230769231 0.8557692307692307 0.5024038461538463 0.8557692307692307 0.5024038461538463 0.9014423076923077 0.543269230769231 0.9014423076923077
0 0.84375 0.8245192307692307 0.8076923076923077 0.8245192307692307 0.8076923076923077 0.8677884615384616 0.84375 0.8677884615384616