0 0.8293269230769231 0.6682692307692307 0.8028846153846154 0.6682692307692307 0.8028846153846154 0.6899038461538461 0.8293269230769231 0.6899038461538461
0 0.7860576923076923 0.6201923076923077 0.7644230769230769 0.6201923076923077 0.7644230769230769 0.6466346153846154 0.7860576923076923 0.6466346153846154
0 0.59375 0.2163461538461539 0.5649038461538461 0.2163461538461539 0.5649038461538461 0.24278846153846162 0.59375 0.24278846153846162
0 0.7019230769230769 0.625 0.6754807692307693 0.625 0.6754807692307693 0.6442307692307693 0.7019230769230769 0.6442307692307693
0 0.6730769230769231 0.560096153846154 0.6442307692307693 0.560096153846154 0.6442307692307693 0.5841346153846155 0.6730769230769231 0.5841346153846155
0 0.6947115384615384 0.6370192307692307 0.6730769230769231 0.6370192307692307 0.6730769230769231 0.6586538461538461 0.6947115384615384 0.6586538461538461
0 0.6514423076923077 0.5817307692307694 0.6346153846153846 0.5817307692307694 0.6346153846153846 0.6033653846153848 0.6514423076923077 0.6033653846153848
0 0.625 0.5096153846153848 0.6009615384615384 0.5096153846153848 0.6009615384615384 0.5336538461538463 0.625 0.5336538461538463
0 0.6730769230769231 0.6466346153846154 0.6418269230769231 0.6466346153846154 0.6418269230769231 0.6706730769230769 0.6730769230769231 0.6706730769230769
0 0.5576923076923077 0.33653846153846156 0.53125 0.33653846153846156 0.53125 0.3605769230769231 0.5576923076923077 0.3605769230769231
0 0.5600961538461539 0.3725961538461539 0.5384615384615384 0.37259615384615385 0.5384615384615384 0.3942307692307693 0.5600961538461539 0.3942307692307694
0 0.6778846153846154 0.7019230769230769 0.6466346153846154 0.7019230769230769 0.6466346153846154 0.7283653846153846 0.6778846153846154 0.7283653846153846
0 0.6322115384615384 0.6153846153846154 0.6105769230769232 0.6153846153846154 0.6105769230769232 0.6322115384615384 0.6322115384615384 0.6322115384615384
0 0.5432692307692307 0.36778846153846156 0.5216346153846154 0.36778846153846156 0.5216346153846154 0.38461538461538464 0.5432692307692307 0.38461538461538464
0 0.6033653846153846 0.5024038461538463 0.5649038461538461 0.5024038461538463 0.5649038461538461 0.5408653846153848 0.6033653846153846 0.5408653846153848
0 0.6201923076923077 0.6105769230769232 0.5937500000000001 0.6105769230769232 0.5937500000000001 0.6346153846153846 0.6201923076923077 0.6346153846153846
0 0.6033653846153848 0.5889423076923078 0.5721153846153848 0.5889423076923078 0.5721153846153848 0.6153846153846154 0.6033653846153848 0.6153846153846154
0 0.605769230769231 0.605769230769231 0.5793269230769232 0.605769230769231 0.5793269230769232 0.6274038461538461 0.605769230769231 0.6274038461538461
0 0.6009615384615385 0.6394230769230769 0.5793269230769232 0.6394230769230769 0.5793269230769232 0.6634615384615384 0.6009615384615385 0.6634615384615384
0 0.5841346153846155 0.6177884615384616 0.560096153846154 0.6177884615384616 0.560096153846154 0.6346153846153846 0.5841346153846155 0.6346153846153846
0 0.560096153846154 0.6057692307692308 0.5384615384615385 0.6057692307692307 0.5384615384615385 0.6225961538461539 0.560096153846154 0.6225961538461539
0 0.43990384615384615 0.2692307692307693 0.40384615384615385 0.2692307692307693 0.40384615384615385 0.3004807692307693 0.43990384615384615 0.3004807692307693
0 0.5192307692307693 0.5408653846153846 0.4879807692307692 0.5408653846153846 0.4879807692307693 0.5649038461538461 0.5192307692307694 0.5649038461538461
0 0.49038461538461536 0.45913461538461536 0.4519230769230769 0.45913461538461536 0.4519230769230769 0.4855769230769231 0.49038461538461536 0.4855769230769231
0 0.46875 0.4543269230769231 0.44471153846153844 0.4543269230769231 0.44471153846153844 0.4735576923076923 0.46875 0.4735576923076923
0 0.5048076923076924 0.6129807692307693 0.48317307692307704 0.6129807692307693 0.48317307692307704 0.6322115384615384 0.5048076923076924 0.6322115384615384
0 0.40384615384615385 0.38221153846153844 0.375 0.38221153846153844 0.375 0.4110576923076923 0.40384615384615385 0.4110576923076923
0 0.48317307692307704 0.6129807692307693 0.45913461538461553 0.6129807692307693 0.45913461538461553 0.6346153846153846 0.48317307692307704 0.6346153846153846
0 0.4687500000000001 0.5865384615384616 0.42788461538461553 0.5865384615384616 0.42788461538461553 0.6201923076923077 0.4687500000000001 0.6201923076923077
0 0.41826923076923084 0.5480769230769231 0.38221153846153844 0.5480769230769231 0.38221153846153855 0.5721153846153846 0.4182692307692309 0.5721153846153846
0 0.4254807692307694 0.5793269230769231 0.3942307692307694 0.5793269230769231 0.3942307692307694 0.6081730769230769 0.4254807692307694 0.6081730769230769
0 0.41586538461538464 0.5240384615384616 0.3701923076923077 0.5240384615384616 0.3701923076923077 0.5576923076923077 0.41586538461538464 0.5576923076923077
0 0.33413461538461536 0.38221153846153844 0.3028846153846155 0.38221153846153844 0.3028846153846155 0.4110576923076923 0.33413461538461536 0.4110576923076923
0 0.3076923076923077 0.3076923076923077 0.27644230769230776 0.3076923076923077 0.27644230769230776 0.33653846153846156 0.3076923076923077 0.33653846153846156
0 0.34134615384615385 0.42788461538461536 0.3052884615384616 0.42788461538461536 0.3052884615384616 0.4567307692307692 0.34134615384615385 0.4567307692307692
0 0.3870192307692309 0.5721153846153846 0.35336538461538475 0.5721153846153846 0.35336538461538475 0.6033653846153846 0.3870192307692309 0.6033653846153846
0 0.36538461538461553 0.5841346153846154 0.33413461538461553 0.5841346153846154 0.33413461538461553 0.6105769230769231 0.36538461538461553 0.6105769230769231
0 0.29326923076923084 0.40384615384615385 0.264423076923077 0.40384615384615385 0.264423076923077 0.42788461538461536 0.29326923076923084 0.42788461538461536
0 0.29807692307692313 0.4543269230769231 0.27644230769230776 0.4543269230769231 0.27644230769230776 0.4735576923076923 0.29807692307692313 0.4735576923076923
0 0.3149038461538462 0.5360576923076923 0.2836538461538462 0.5360576923076923 0.2836538461538462 0.5625 0.3149038461538463 0.5625