0 0.7836538461538461 0.4879807692307694 0.7355769230769231 0.4879807692307694 0.7355769230769231 0.528846153846154 0.7836538461538461 0.528846153846154
0 0.7572115384615384 0.5769230769230771 0.7115384615384616 0.5769230769230771 0.7115384615384616 0.6105769230769232 0.7572115384615384 0.6105769230769232
0 0.7451923076923077 0.4615384615384617 0.7043269230769231 0.4615384615384617 0.7043269230769231 0.4927884615384617 0.7451923076923077 0.4927884615384617
0 0.7427884615384616 0.3870192307692309 0.7091346153846154 0.3870192307692309 0.7091346153846154 0.4134615384615386 0.7427884615384616 0.4134615384615386
0 0.7115384615384616 0.543269230769231 0.6706730769230769 0.543269230769231 0.6706730769230769 0.574519230769231 0.7115384615384616 0.574519230769231
0 0.65625 0.6177884615384616 0.6201923076923077 0.6177884615384616 0.6201923076923077 0.6490384615384616 0.65625 0.6490384615384616
0 0.6850961538461539 0.47836538461538475 0.6394230769230769 0.47836538461538475 0.6394230769230769 0.5144230769230771 0.6850961538461539 0.5144230769230771
0 0.6634615384615384 0.5192307692307694 0.6177884615384616 0.5192307692307694 0.6177884615384616 0.5552884615384617 0.6634615384615384 0.5552884615384617
0 0.6394230769230769 0.574519230769231 0.6009615384615385 0.574519230769231 0.6009615384615385 0.6033653846153848 0.6394230769230769 0.6033653846153848
0 0.6370192307692307 0.5576923076923078 0.6033653846153846 0.5576923076923078 0.6033653846153847 0.5841346153846155 0.6370192307692307 0.5841346153846155
0 0.6971153846153846 0.2788461538461539 0.6514423076923077 0.2788461538461539 0.6514423076923077 0.3149038461538463 0.6971153846153846 0.3149038461538463
0 0.6899038461538461 0.22115384615384623 0.6538461538461539 0.22115384615384623 0.6538461538461539 0.2524038461538462 0.6899038461538461 0.2524038461538462
0 0.6490384615384616 0.38461538461538475 0.5985576923076923 0.38461538461538475 0.5985576923076923 0.4182692307692309 0.6490384615384616 0.4182692307692309
0 0.6177884615384616 0.47355769230769246 0.5793269230769231 0.47355769230769246 0.5793269230769231 0.5072115384615385 0.6177884615384616 0.5072115384615385
0 0.5360576923076924 0.7548076923076923 0.5000000000000001 0.7548076923076923 0.5000000000000001 0.78125 0.5360576923076924 0.78125
0 0.6177884615384616 0.3245192307692309 0.5865384615384616 0.3245192307692309 0.5865384615384616 0.35336538461538475 0.6177884615384616 0.35336538461538475
0 0.5721153846153846 0.48557692307692313 0.53125 0.4855769230769231 0.53125 0.5264423076923077 0.5721153846153846 0.5264423076923078
0 0.5456730769230771 0.5913461538461539 0.5168269230769232 0.5913461538461539 0.5168269230769232 0.6153846153846154 0.5456730769230771 0.6153846153846154
0 0.6201923076923077 0.2596153846153847 0.5673076923076923 0.2596153846153847 0.5673076923076923 0.3052884615384616 0.6201923076923077 0.3052884615384616
0 0.6129807692307693 0.25000000000000006 0.5721153846153846 0.25000000000000006 0.5721153846153846 0.2836538461538462 0.6129807692307693 0.2836538461538462
0 0.5552884615384616 0.4567307692307692 0.5192307692307693 0.4567307692307692 0.5192307692307693 0.4879807692307692 0.5552884615384616 0.4879807692307692
0 0.5625 0.3846153846153847 0.5288461538461539 0.38461538461538464 0.5288461538461539 0.4086538461538462 0.5625 0.4086538461538463
0 0.5480769230769231 0.39663461538461536 0.5144230769230769 0.39663461538461536 0.5144230769230769 0.4230769230769231 0.5480769230769231 0.4230769230769231
0 0.5576923076923077 0.20913461538461545 0.5336538461538461 0.20913461538461545 0.5336538461538461 0.23317307692307698 0.5576923076923077 0.23317307692307698
0 0.4879807692307692 0.5216346153846154 0.4543269230769231 0.5216346153846154 0.4543269230769231 0.5504807692307693 0.4879807692307692 0.5504807692307693
0 0.4375000000000001 0.7259615384615384 0.41586538461538475 0.7259615384615384 0.41586538461538475 0.7451923076923077 0.4375000000000001 0.7451923076923077
0 0.45192307692307704 0.6610576923076923 0.41105769230769246 0.6610576923076923 0.41105769230769246 0.6947115384615384 0.45192307692307704 0.6947115384615384
0 0.46634615384615397 0.5697115384615384 0.42788461538461553 0.5697115384615384 0.42788461538461553 0.6009615384615384 0.46634615384615397 0.6009615384615384
0 0.5072115384615384 0.3605769230769231 0.46875 0.3605769230769231 0.46875 0.3918269230769231 0.5072115384615384 0.3918269230769231
0 0.53125 0.24519230769230776 0.4855769230769231 0.24519230769230776 0.4855769230769231 0.2836538461538462 0.53125 0.2836538461538462
0 0.5216346153846154 0.1754807692307693 0.49038461538461536 0.1754807692307693 0.49038461538461536 0.20192307692307698 0.5216346153846154 0.20192307692307698
0 0.5048076923076923 0.16826923076923084 0.47115384615384615 0.16826923076923084 0.47115384615384615 0.19471153846153852 0.5048076923076923 0.19471153846153852
0 0.44471153846153844 0.45913461538461536 0.40625 0.45913461538461536 0.40625 0.49038461538461536 0.44471153846153844 0.49038461538461536
0 0.4807692307692308 0.25000000000000006 0.4519230769230769 0.25000000000000006 0.4519230769230769 0.2740384615384616 0.4807692307692308 0.2740384615384616
0 0.4807692307692308 0.2716346153846155 0.43990384615384615 0.2716346153846155 0.43990384615384615 0.3125 0.4807692307692308 0.3125
0 0.4375 0.44711538461538464 0.4014423076923077 0.44711538461538464 0.4014423076923077 0.4735576923076923 0.4375 0.4735576923076923
0 0.4519230769230769 0.3485576923076923 0.40625 0.3485576923076923 0.40625 0.38221153846153844 0.4519230769230769 0.38221153846153844
0 0.40384615384615385 0.40384615384615385 0.35096153846153844 0.40384615384615385 0.35096153846153844 0.43990384615384615 0.40384615384615385 0.43990384615384615
0 0.38461538461538464 0.22355769230769237 0.35096153846153844 0.22355769230769237 0.35096153846153844 0.2548076923076924 0.38461538461538464 0.2548076923076924
0 0.3629807692307692 0.18750000000000006 0.33413461538461536 0.18750000000000006 0.33413461538461536 0.21153846153846162 0.3629807692307692 0.21153846153846162
0 0.3581730769230769 0.09375000000000003 0.31971153846153844 0.09375000000000003 0.31971153846153844 0.12259615384615388 0.3581730769230769 0.12259615384615388
0 0.3004807692307692 0.17548076923076927 0.25721153846153844 0.17548076923076922 0.25721153846153844 0.20913461538461542 0.3004807692307692 0.20913461538461545
0 0.13701923076923084 0.5456730769230769 0.09855769230769237 0.5456730769230769 0.09855769230769237 0.5721153846153846 0.13701923076923084 0.5721153846153846