0 0.2163461538461539 0.3581730769230769 0.17067307692307698 0.3581730769230769 0.17067307692307698 0.41346153846153844 0.2163461538461539 0.41346153846153844
0 0.4230769230769231 0.20432692307692316 0.37740384615384615 0.20432692307692316 0.37740384615384615 0.2596153846153847 0.4230769230769231 0.2596153846153847
0 0.47115384615384615 0.3485576923076923 0.43028846153846156 0.3485576923076923 0.43028846153846156 0.3942307692307692 0.47115384615384615 0.3942307692307692
0 0.5721153846153846 0.34375000000000006 0.53125 0.34375 0.53125 0.3942307692307693 0.5721153846153846 0.3942307692307694
0 0.8509615384615384 0.24759615384615394 0.8028846153846154 0.2475961538461539 0.8028846153846154 0.3052884615384616 0.8509615384615384 0.3052884615384617
0 0.6850961538461539 0.3822115384615386 0.6442307692307693 0.3822115384615386 0.6442307692307693 0.4326923076923078 0.6850961538461539 0.4326923076923078
0 0.6658653846153846 0.18750000000000006 0.6274038461538461 0.18750000000000006 0.6274038461538461 0.22355769230769237 0.6658653846153846 0.22355769230769237
0 0.7139423076923077 0.1754807692307693 0.6634615384615384 0.1754807692307693 0.6634615384615384 0.22355769230769237 0.7139423076923077 0.22355769230769237
0 0.6706730769230769 0.23557692307692316 0.6201923076923077 0.23557692307692316 0.6201923076923077 0.3028846153846155 0.6706730769230769 0.3028846153846155
0 0.6634615384615384 0.31730769230769246 0.6225961538461539 0.31730769230769246 0.6225961538461539 0.36538461538461553 0.6634615384615384 0.36538461538461553
0 0.6394230769230769 0.35817307692307704 0.6033653846153846 0.35817307692307704 0.6033653846153846 0.3942307692307694 0.6394230769230769 0.3942307692307694