0 0.13942307692307698 0.43028846153846156 0.040865384615384664 0.43028846153846156 0.04086538461538468 0.5264423076923077 0.13942307692307698 0.5264423076923077
0 0.2692307692307693 0.3918269230769231 0.1754807692307693 0.3918269230769231 0.1754807692307693 0.4855769230769231 0.2692307692307693 0.4855769230769231
0 0.10576923076923082 0.3173076923076923 3.885898497294486e-17 0.3173076923076923 4.548267559333319e-17 0.4254807692307692 0.10576923076923084 0.4254807692307692
0 0.5697115384615385 0.71875 0.5096153846153848 0.71875 0.5096153846153848 0.7692307692307693 0.5697115384615385 0.7692307692307693
0 0.7932692307692307 0.6177884615384616 0.7115384615384616 0.6177884615384616 0.7115384615384616 0.6802884615384616 0.7932692307692307 0.6802884615384616
0 0.6826923076923077 0.5360576923076924 0.5985576923076923 0.5360576923076924 0.5985576923076924 0.5985576923076924 0.6826923076923077 0.5985576923076924
0 0.9399038461538461 0.8149038461538461 0.8870192307692307 0.8149038461538461 0.8870192307692307 0.8533653846153846 0.9399038461538461 0.8533653846153846
0 0.9975961538461539 0.7932692307692307 0.9447115384615384 0.7932692307692307 0.9447115384615384 0.8341346153846154 0.9975961538461539 0.8341346153846154
0 0.9951923076923077 0.6490384615384616 0.9230769230769231 0.6490384615384616 0.9230769230769231 0.7115384615384616 0.9951923076923077 0.7115384615384616
0 0.8798076923076923 0.6682692307692307 0.8028846153846154 0.6682692307692307 0.8028846153846154 0.7259615384615384 0.8798076923076923 0.7259615384615384
0 0.36538461538461536 0.43509615384615385 0.2716346153846155 0.43509615384615385 0.2716346153846155 0.5360576923076923 0.36538461538461536 0.5360576923076923
0 0.3798076923076923 0.3918269230769231 0.2860576923076924 0.3918269230769231 0.2860576923076924 0.4831730769230769 0.3798076923076923 0.4831730769230769
0 0.5216346153846154 0.4567307692307692 0.43028846153846156 0.4567307692307692 0.43028846153846156 0.5408653846153846 0.5216346153846154 0.5408653846153846
0 0.5096153846153847 0.5168269230769231 0.4254807692307692 0.5168269230769231 0.4254807692307693 0.5793269230769231 0.5096153846153848 0.5793269230769231
0 0.45432692307692313 0.5336538461538461 0.37259615384615385 0.5336538461538461 0.3725961538461539 0.6153846153846154 0.45432692307692324 0.6153846153846154
0 0.4254807692307692 0.45913461538461536 0.34615384615384615 0.45913461538461536 0.34615384615384615 0.5288461538461539 0.4254807692307692 0.5288461538461539
0 0.6153846153846154 0.6466346153846154 0.5456730769230771 0.6466346153846154 0.5456730769230771 0.7019230769230769 0.6153846153846154 0.7019230769230769
0 0.6177884615384616 0.5793269230769231 0.5528846153846155 0.5793269230769231 0.5528846153846155 0.6370192307692307 0.6177884615384616 0.6370192307692307
0 0.6298076923076923 0.6225961538461539 0.5673076923076924 0.6225961538461539 0.5673076923076924 0.6706730769230769 0.6298076923076923 0.6706730769230769