0 0.1538461538461539 0.3293269230769231 0.06250000000000003 0.3293269230769231 0.06250000000000004 0.4182692307692308 0.1538461538461539 0.4182692307692308
0 0.2908653846153847 0.3269230769230769 0.20432692307692316 0.3269230769230769 0.20432692307692316 0.4110576923076923 0.2908653846153847 0.4110576923076923
0 0.15144230769230774 0.21153846153846154 0.05048076923076927 0.21153846153846154 0.05048076923076927 0.3076923076923077 0.15144230769230774 0.3076923076923077
0 0.5024038461538463 0.7235576923076923 0.44711538461538475 0.7235576923076923 0.44711538461538475 0.7692307692307693 0.5024038461538463 0.7692307692307693
0 0.7427884615384616 0.6802884615384616 0.6658653846153846 0.6802884615384616 0.6658653846153846 0.7379807692307693 0.7427884615384616 0.7379807692307693
0 0.65625 0.574519230769231 0.5793269230769232 0.574519230769231 0.5793269230769232 0.6274038461538461 0.65625 0.6274038461538461
0 0.8389423076923077 0.9110576923076923 0.7908653846153846 0.9110576923076923 0.7908653846153846 0.9471153846153846 0.8389423076923077 0.9471153846153846
0 0.8990384615384616 0.9038461538461539 0.8485576923076923 0.9038461538461539 0.8485576923076923 0.9423076923076923 0.8990384615384616 0.9423076923076923
0 0.9326923076923077 0.7644230769230769 0.8653846153846154 0.7644230769230769 0.8653846153846154 0.8197115384615384 0.9326923076923077 0.8197115384615384
0 0.8149038461538461 0.7524038461538461 0.7427884615384616 0.7524038461538461 0.7427884615384616 0.8028846153846154 0.8149038461538461 0.8028846153846154
0 0.3701923076923077 0.3942307692307692 0.28846153846153855 0.3942307692307692 0.28846153846153855 0.4831730769230769 0.3701923076923077 0.4831730769230769
0 0.39903846153846156 0.35336538461538464 0.3125 0.35336538461538464 0.3125 0.4375 0.39903846153846156 0.4375
0 0.5192307692307693 0.4567307692307692 0.43509615384615385 0.4567307692307692 0.43509615384615385 0.53125 0.5192307692307693 0.53125
0 0.49519230769230776 0.5120192307692307 0.4206730769230769 0.5120192307692307 0.420673076923077 0.5649038461538461 0.4951923076923078 0.5649038461538461
0 0.43269230769230776 0.5120192307692307 0.3605769230769231 0.5120192307692307 0.36057692307692313 0.5841346153846154 0.4326923076923078 0.5841346153846154
0 0.43028846153846156 0.4326923076923077 0.3557692307692308 0.4326923076923077 0.3557692307692308 0.4951923076923077 0.43028846153846156 0.4951923076923077
0 0.5649038461538463 0.6634615384615384 0.5024038461538463 0.6634615384615384 0.5024038461538463 0.7163461538461539 0.5649038461538463 0.7163461538461539
0 0.5841346153846155 0.6009615384615385 0.5216346153846155 0.6009615384615384 0.5216346153846155 0.65625 0.5841346153846155 0.65625
0 0.5841346153846155 0.6418269230769231 0.5264423076923078 0.6418269230769231 0.5264423076923078 0.6875 0.5841346153846155 0.6875