0 0.5697115384615384 0.14663461538461545 0.5048076923076923 0.14663461538461545 0.5048076923076923 0.2067307692307693 0.5697115384615384 0.2067307692307693
0 0.7692307692307693 0.3076923076923078 0.7019230769230769 0.3076923076923078 0.7019230769230769 0.3701923076923078 0.7692307692307693 0.3701923076923078
0 0.6418269230769231 0.3942307692307694 0.5865384615384616 0.3942307692307694 0.5865384615384616 0.44711538461538475 0.6418269230769231 0.44711538461538475
0 0.6682692307692307 0.4927884615384617 0.6105769230769231 0.4927884615384617 0.6105769230769231 0.5456730769230771 0.6682692307692307 0.5456730769230771
0 0.8293269230769231 0.7331730769230769 0.7620192307692307 0.7331730769230769 0.7620192307692307 0.7956730769230769 0.8293269230769231 0.7956730769230769
0 0.6586538461538461 0.6105769230769232 0.6009615384615385 0.6105769230769232 0.6009615384615385 0.6634615384615384 0.6586538461538461 0.6634615384615384
0 0.8461538461538461 0.5480769230769232 0.7980769230769231 0.5480769230769232 0.7980769230769231 0.5961538461538463 0.8461538461538461 0.5961538461538463
0 0.8701923076923077 0.5769230769230771 0.8052884615384616 0.5769230769230771 0.8052884615384616 0.6442307692307693 0.8701923076923077 0.6442307692307693
0 0.7980769230769231 0.5504807692307694 0.71875 0.5504807692307694 0.71875 0.6177884615384616 0.7980769230769231 0.6177884615384616
0 0.7211538461538461 0.5697115384615385 0.6586538461538461 0.5697115384615385 0.6586538461538461 0.6298076923076923 0.7211538461538461 0.6298076923076923
0 0.6730769230769231 0.5649038461538463 0.6274038461538461 0.5649038461538463 0.6274038461538461 0.6105769230769232 0.6730769230769231 0.6105769230769232