0 0.13942307692307698 0.38221153846153844 0.05528846153846159 0.38221153846153844 0.05528846153846159 0.4639423076923077 0.13942307692307698 0.4639423076923077
0 0.2716346153846155 0.3605769230769231 0.19471153846153852 0.3605769230769231 0.19471153846153852 0.4375 0.2716346153846155 0.4375
0 0.12019230769230772 0.2668269230769231 0.026442307692307727 0.2668269230769231 0.02644230769230773 0.35336538461538464 0.12019230769230772 0.35336538461538464
0 0.528846153846154 0.7259615384615384 0.47836538461538475 0.7259615384615384 0.47836538461538475 0.7668269230769231 0.528846153846154 0.7668269230769231
0 0.7644230769230769 0.65625 0.6923076923076923 0.65625 0.6923076923076923 0.7067307692307693 0.7644230769230769 0.7067307692307693
0 0.6658653846153846 0.5649038461538463 0.591346153846154 0.5649038461538463 0.591346153846154 0.6105769230769232 0.6658653846153846 0.6105769230769232
0 0.8870192307692307 0.8725961538461539 0.8389423076923077 0.8725961538461539 0.8389423076923077 0.9014423076923077 0.8870192307692307 0.9014423076923077
0 0.9471153846153846 0.8605769230769231 0.8990384615384616 0.8605769230769231 0.8990384615384616 0.8918269230769231 0.9471153846153846 0.8918269230769231
0 0.9615384615384616 0.71875 0.8990384615384616 0.71875 0.8990384615384616 0.7668269230769231 0.9615384615384616 0.7668269230769231
0 0.8461538461538461 0.71875 0.7764423076923077 0.71875 0.7764423076923077 0.7644230769230769 0.8461538461538461 0.7644230769230769
0 0.3581730769230769 0.4182692307692308 0.2860576923076924 0.4182692307692308 0.2860576923076924 0.5024038461538461 0.3581730769230769 0.5024038461538461
0 0.38461538461538464 0.375 0.3028846153846155 0.375 0.3028846153846155 0.4519230769230769 0.38461538461538464 0.4519230769230769
0 0.5168269230769231 0.46153846153846156 0.43990384615384615 0.46153846153846156 0.43990384615384615 0.5288461538461539 0.5168269230769231 0.5288461538461539
0 0.4975961538461539 0.5192307692307693 0.4254807692307692 0.5192307692307693 0.4254807692307693 0.5673076923076923 0.49759615384615397 0.5673076923076923
0 0.43750000000000006 0.5264423076923077 0.3701923076923077 0.5264423076923077 0.37019230769230776 0.59375 0.4375000000000001 0.59375
0 0.4230769230769231 0.4495192307692308 0.35336538461538464 0.4495192307692308 0.35336538461538464 0.5072115384615384 0.4230769230769231 0.5072115384615384
0 0.5865384615384617 0.6610576923076923 0.5240384615384617 0.6610576923076923 0.5240384615384617 0.7091346153846154 0.5865384615384617 0.7091346153846154
0 0.5985576923076924 0.5961538461538463 0.5408653846153848 0.5961538461538461 0.5408653846153848 0.6442307692307693 0.5985576923076924 0.6442307692307693
0 0.6033653846153848 0.6394230769230769 0.5480769230769232 0.6394230769230769 0.5480769230769232 0.6778846153846154 0.6033653846153848 0.6778846153846154