0 0.5336538461538463 0.8028846153846154 0.4711538461538463 0.8028846153846154 0.4711538461538463 0.8557692307692307 0.5336538461538463 0.8557692307692307
0 0.75 0.6610576923076923 0.6899038461538461 0.6610576923076923 0.6899038461538461 0.7115384615384616 0.75 0.7115384615384616
0 0.6274038461538461 0.5697115384615385 0.5793269230769232 0.5697115384615385 0.5793269230769232 0.6129807692307694 0.6274038461538461 0.6129807692307694
0 0.6682692307692307 0.4759615384615386 0.6153846153846154 0.4759615384615386 0.6153846153846154 0.5192307692307694 0.6682692307692307 0.5192307692307694
0 0.8533653846153846 0.24038461538461547 0.7884615384615384 0.24038461538461545 0.7884615384615384 0.2980769230769232 0.8533653846153846 0.29807692307692324
0 0.6706730769230769 0.3557692307692309 0.6153846153846154 0.3557692307692309 0.6153846153846154 0.3990384615384617 0.6706730769230769 0.3990384615384617
0 0.8485576923076923 0.4447115384615386 0.8125 0.4447115384615386 0.8125 0.48557692307692324 0.8485576923076923 0.48557692307692324
0 0.875 0.39663461538461553 0.8221153846153846 0.39663461538461553 0.8221153846153846 0.45432692307692324 0.875 0.45432692307692324
0 0.8028846153846154 0.4134615384615386 0.7307692307692307 0.4134615384615386 0.7307692307692307 0.4711538461538463 0.8028846153846154 0.4711538461538463
0 0.7235576923076923 0.3990384615384617 0.6730769230769231 0.3990384615384617 0.6730769230769231 0.4447115384615386 0.7235576923076923 0.4447115384615386
0 0.6754807692307693 0.41105769230769246 0.6370192307692307 0.41105769230769246 0.6370192307692307 0.44711538461538475 0.6754807692307693 0.44711538461538475