0 0.5649038461538461 0.03846153846153852 0.4639423076923077 0.03846153846153851 0.4639423076923077 0.14182692307692316 0.5649038461538461 0.14182692307692316
0 0.6057692307692307 0.17307692307692316 0.5120192307692307 0.17307692307692316 0.5120192307692307 0.2692307692307693 0.6057692307692307 0.2692307692307693
0 0.6730769230769231 7.59516524471195e-17 0.5673076923076923 6.947515495162868e-17 0.5673076923076923 0.10336538461538468 0.6730769230769231 0.10336538461538468
0 0.2836538461538462 0.5120192307692307 0.23317307692307698 0.5120192307692307 0.23317307692307698 0.5721153846153846 0.2836538461538462 0.5721153846153846
0 0.38942307692307704 0.7139423076923077 0.3245192307692309 0.7139423076923077 0.3245192307692309 0.7956730769230769 0.38942307692307704 0.7956730769230769
0 0.46634615384615397 0.6009615384615384 0.4062500000000001 0.6009615384615384 0.4062500000000001 0.6826923076923077 0.46634615384615397 0.6826923076923077
0 0.1947115384615386 0.8942307692307693 0.15625000000000014 0.8942307692307693 0.15625000000000014 0.9471153846153846 0.1947115384615386 0.9471153846153846
0 0.21394230769230782 0.9495192307692307 0.1730769230769232 0.9495192307692307 0.1730769230769232 1 0.21394230769230782 1
0 0.35817307692307704 0.9278846153846154 0.3004807692307694 0.9278846153846154 0.3004807692307694 0.9975961538461539 0.35817307692307704 0.9975961538461539
0 0.3389423076923078 0.8076923076923077 0.28125000000000006 0.8076923076923077 0.2812500000000001 0.8846153846153846 0.3389423076923078 0.8846153846153846
0 0.5625 0.2740384615384616 0.46153846153846156 0.2740384615384616 0.46153846153846156 0.3653846153846155 0.5625 0.36538461538461553
0 0.6081730769230769 0.2836538461538462 0.5168269230769231 0.2836538461538462 0.5168269230769231 0.3798076923076924 0.6081730769230769 0.37980769230769246
0 0.5456730769230769 0.43028846153846156 0.46153846153846156 0.43028846153846156 0.46153846153846156 0.5216346153846154 0.5456730769230769 0.5216346153846154
0 0.4807692307692308 0.43028846153846156 0.4230769230769231 0.43028846153846156 0.4230769230769231 0.5096153846153846 0.4807692307692308 0.5096153846153846
0 0.46634615384615385 0.375 0.38461538461538464 0.375 0.38461538461538464 0.4567307692307692 0.46634615384615385 0.4567307692307692
0 0.5432692307692307 0.34375 0.46634615384615385 0.34375 0.46634615384615385 0.43028846153846156 0.5432692307692307 0.43028846153846156
0 0.358173076923077 0.5480769230769231 0.295673076923077 0.5480769230769231 0.295673076923077 0.6201923076923077 0.35817307692307704 0.6201923076923077
0 0.42307692307692313 0.5552884615384616 0.36538461538461536 0.5552884615384616 0.3653846153846155 0.6201923076923077 0.42307692307692324 0.6201923076923077
0 0.37980769230769246 0.5697115384615384 0.33413461538461553 0.5697115384615384 0.33413461538461553 0.6298076923076923 0.37980769230769246 0.6298076923076923