0 0.8557692307692307 0.4495192307692309 0.8004807692307693 0.4495192307692309 0.8004807692307693 0.5144230769230771 0.8557692307692307 0.5144230769230771
0 0.6995192307692307 0.24278846153846162 0.6466346153846154 0.24278846153846162 0.6466346153846154 0.3028846153846155 0.6995192307692307 0.3028846153846155
0 0.6105769230769231 0.36538461538461553 0.5600961538461539 0.36538461538461553 0.5600961538461539 0.4182692307692309 0.6105769230769231 0.4182692307692309
0 0.5168269230769231 0.3317307692307692 0.46634615384615385 0.3317307692307692 0.46634615384615385 0.3894230769230769 0.5168269230769231 0.3894230769230769
0 0.28125 0.1586538461538462 0.22596153846153846 0.15865384615384615 0.22596153846153846 0.22355769230769235 0.28125 0.22355769230769237
0 0.3942307692307692 0.33413461538461536 0.34615384615384615 0.33413461538461536 0.34615384615384615 0.3918269230769231 0.3942307692307692 0.3918269230769231
0 0.46875 0.1538461538461539 0.4254807692307692 0.1538461538461539 0.4254807692307692 0.19471153846153852 0.46875 0.19471153846153852
0 0.43509615384615385 0.13221153846153852 0.38221153846153844 0.1322115384615385 0.38221153846153844 0.1850961538461539 0.43509615384615385 0.1850961538461539
0 0.45913461538461536 0.20192307692307698 0.4014423076923077 0.20192307692307698 0.4014423076923077 0.2740384615384616 0.45913461538461536 0.2740384615384616
0 0.4375 0.28125000000000006 0.3870192307692308 0.28125000000000006 0.3870192307692308 0.33413461538461536 0.4375 0.33413461538461536
0 0.43990384615384615 0.3269230769230769 0.4014423076923077 0.3269230769230769 0.4014423076923077 0.36778846153846156 0.43990384615384615 0.36778846153846156