0 0.6081730769230769 0.03365384615384622 0.4951923076923077 0.033653846153846215 0.4951923076923077 0.14903846153846162 0.6081730769230769 0.14903846153846162
0 0.6322115384615384 0.17788461538461545 0.5336538461538461 0.17788461538461545 0.5336538461538461 0.2788461538461539 0.6322115384615384 0.2788461538461539
0 0.7163461538461539 0.004807692307692389 0.6033653846153846 0.0048076923076923826 0.6033653846153846 0.12259615384615394 0.7163461538461539 0.12259615384615395
0 0.2836538461538462 0.49038461538461536 0.22355769230769237 0.49038461538461536 0.22355769230769237 0.5576923076923077 0.2836538461538462 0.5576923076923077
0 0.3701923076923078 0.6971153846153846 0.29807692307692313 0.6971153846153846 0.29807692307692313 0.7836538461538461 0.3701923076923078 0.7836538461538461
0 0.45913461538461553 0.5889423076923077 0.3870192307692309 0.5889423076923077 0.3870192307692309 0.6802884615384616 0.45913461538461553 0.6802884615384616
0 0.1634615384615386 0.8605769230769231 0.11538461538461549 0.8605769230769231 0.11538461538461549 0.9182692307692307 0.1634615384615386 0.9182692307692307
0 0.18028846153846168 0.9182692307692307 0.13221153846153857 0.9182692307692307 0.13221153846153857 0.9759615384615384 0.18028846153846168 0.9759615384615384
0 0.3245192307692309 0.9086538461538461 0.2572115384615386 0.9086538461538461 0.2572115384615386 0.9855769230769231 0.3245192307692309 0.9855769230769231
0 0.3149038461538463 0.7836538461538461 0.2475961538461539 0.7836538461538461 0.24759615384615394 0.8677884615384616 0.3149038461538463 0.8677884615384616
0 0.5841346153846154 0.26682692307692313 0.47115384615384615 0.26682692307692313 0.47115384615384615 0.37500000000000006 0.5841346153846154 0.3750000000000001
0 0.6274038461538461 0.28846153846153855 0.5264423076923077 0.28846153846153855 0.5264423076923077 0.39182692307692313 0.6274038461538461 0.39182692307692324
0 0.5456730769230769 0.42788461538461536 0.45913461538461536 0.42788461538461536 0.45913461538461536 0.5240384615384616 0.5456730769230769 0.5240384615384616
0 0.49038461538461536 0.4230769230769231 0.4206730769230769 0.4230769230769231 0.4206730769230769 0.5096153846153846 0.49038461538461536 0.5096153846153846
0 0.47596153846153844 0.36538461538461536 0.3894230769230769 0.36538461538461536 0.3894230769230769 0.4519230769230769 0.47596153846153844 0.4519230769230769
0 0.5552884615384616 0.34375 0.4735576923076923 0.34375 0.4735576923076923 0.4326923076923077 0.5552884615384616 0.4326923076923077
0 0.3533653846153847 0.5336538461538461 0.28846153846153855 0.5336538461538461 0.28846153846153855 0.6057692307692307 0.35336538461538475 0.6057692307692307
0 0.420673076923077 0.5384615384615384 0.35096153846153844 0.5384615384615384 0.35096153846153855 0.6129807692307693 0.42067307692307704 0.6129807692307693
0 0.38221153846153855 0.5504807692307693 0.3173076923076923 0.5504807692307693 0.3173076923076924 0.6225961538461539 0.3822115384615386 0.6225961538461539