0 0.19471153846153852 0.5 0.15144230769230776 0.5 0.15144230769230776 0.5552884615384616 0.19471153846153852 0.5552884615384616
0 0.31971153846153844 0.2716346153846154 0.2764423076923077 0.27163461538461536 0.2764423076923077 0.3245192307692308 0.31971153846153844 0.3245192307692308
0 0.4206730769230769 0.38221153846153844 0.38221153846153844 0.38221153846153844 0.38221153846153844 0.42788461538461536 0.4206730769230769 0.42788461538461536
0 0.5096153846153846 0.33413461538461536 0.47115384615384615 0.33413461538461536 0.47115384615384615 0.38461538461538464 0.5096153846153846 0.38461538461538464
0 0.7259615384615384 0.13221153846153855 0.6778846153846154 0.13221153846153852 0.6778846153846154 0.18750000000000006 0.7259615384615384 0.18750000000000006
0 0.6298076923076923 0.3197115384615386 0.5913461538461539 0.3197115384615386 0.5913461538461539 0.37259615384615397 0.6298076923076923 0.37259615384615397
0 0.5264423076923077 0.15144230769230776 0.4879807692307692 0.15144230769230776 0.4879807692307692 0.1850961538461539 0.5264423076923077 0.1850961538461539
0 0.5697115384615384 0.12500000000000006 0.5216346153846154 0.12500000000000006 0.5216346153846154 0.17067307692307698 0.5697115384615384 0.17067307692307698
0 0.5576923076923077 0.1971153846153847 0.5096153846153846 0.1971153846153847 0.5096153846153846 0.26201923076923084 0.5576923076923077 0.26201923076923084
0 0.5817307692307693 0.2740384615384616 0.5432692307692307 0.2740384615384616 0.5432692307692307 0.31971153846153855 0.5817307692307693 0.3197115384615386
0 0.5745192307692307 0.31971153846153855 0.5408653846153846 0.31971153846153844 0.5408653846153846 0.35576923076923084 0.5745192307692307 0.3557692307692309