0 0.6442307692307693 0.7836538461538461 0.5865384615384617 0.7836538461538461 0.5865384615384617 0.8317307692307693 0.6442307692307693 0.8317307692307693
0 0.7980769230769231 0.5769230769230771 0.7403846153846154 0.5769230769230771 0.7403846153846154 0.625 0.7980769230769231 0.625
0 0.6538461538461539 0.528846153846154 0.6057692307692307 0.528846153846154 0.6057692307692308 0.574519230769231 0.6538461538461539 0.574519230769231
0 0.6586538461538461 0.42788461538461553 0.6057692307692307 0.42788461538461553 0.6057692307692307 0.4711538461538463 0.6586538461538461 0.4711538461538463
0 0.7524038461538461 0.14903846153846162 0.6947115384615384 0.14903846153846162 0.6947115384615384 0.1971153846153847 0.7524038461538461 0.1971153846153847
0 0.6201923076923077 0.3125000000000001 0.5673076923076923 0.3125000000000001 0.5673076923076923 0.35817307692307704 0.6201923076923077 0.35817307692307704
0 0.8149038461538461 0.33413461538461553 0.7764423076923077 0.33413461538461553 0.7764423076923077 0.37259615384615397 0.8149038461538461 0.37259615384615397
0 0.8269230769230769 0.2860576923076924 0.7764423076923077 0.2860576923076924 0.7764423076923077 0.3389423076923078 0.8269230769230769 0.3389423076923078
0 0.7668269230769231 0.32932692307692324 0.6947115384615384 0.32932692307692324 0.6947115384615384 0.38461538461538475 0.7668269230769231 0.38461538461538475
0 0.6826923076923077 0.3365384615384617 0.6346153846153846 0.3365384615384617 0.6346153846153846 0.37980769230769246 0.6826923076923077 0.37980769230769246
0 0.6442307692307693 0.36057692307692324 0.6057692307692307 0.36057692307692324 0.6057692307692307 0.3990384615384617 0.6442307692307693 0.3990384615384617