0 0.1971153846153847 0.4495192307692308 0.14903846153846162 0.4495192307692308 0.14903846153846162 0.5120192307692307 0.1971153846153847 0.5120192307692307
0 0.35096153846153844 0.24278846153846162 0.30288461538461536 0.24278846153846162 0.3028846153846154 0.3004807692307693 0.35096153846153844 0.3004807692307693
0 0.43509615384615385 0.3701923076923077 0.3942307692307692 0.3701923076923077 0.3942307692307692 0.41586538461538464 0.43509615384615385 0.41586538461538464
0 0.5336538461538461 0.3317307692307692 0.4855769230769231 0.3317307692307692 0.4855769230769231 0.3894230769230769 0.5336538461538461 0.3894230769230769
0 0.7764423076923077 0.15865384615384623 0.7235576923076923 0.15865384615384623 0.7235576923076923 0.22115384615384623 0.7764423076923077 0.22115384615384623
0 0.65625 0.33413461538461553 0.6081730769230769 0.33413461538461553 0.6081730769230769 0.39182692307692324 0.65625 0.39182692307692324
0 0.5745192307692307 0.1538461538461539 0.5336538461538461 0.1538461538461539 0.5336538461538461 0.19471153846153852 0.5745192307692307 0.19471153846153852
0 0.6201923076923077 0.1346153846153847 0.5673076923076923 0.1346153846153847 0.5673076923076923 0.18269230769230776 0.6201923076923077 0.18269230769230776
0 0.5985576923076923 0.20192307692307698 0.5408653846153846 0.20192307692307698 0.5408653846153846 0.2740384615384616 0.5985576923076923 0.2740384615384616
0 0.6129807692307693 0.2788461538461539 0.5673076923076923 0.2788461538461539 0.5673076923076923 0.33413461538461553 0.6129807692307693 0.33413461538461553
0 0.5985576923076923 0.32932692307692324 0.5625 0.32932692307692324 0.5625 0.3677884615384617 0.5985576923076923 0.3677884615384617