0 0.19471153846153852 0.4879807692307692 0.15144230769230776 0.4879807692307692 0.15144230769230776 0.5432692307692307 0.19471153846153852 0.5432692307692307
0 0.3245192307692308 0.264423076923077 0.28365384615384615 0.264423076923077 0.2836538461538462 0.3173076923076923 0.3245192307692308 0.3173076923076923
0 0.4206730769230769 0.38221153846153844 0.38461538461538464 0.38221153846153844 0.38461538461538464 0.4254807692307692 0.4206730769230769 0.4254807692307692
0 0.5144230769230769 0.33413461538461536 0.47596153846153844 0.33413461538461536 0.47596153846153844 0.38461538461538464 0.5144230769230769 0.38461538461538464
0 0.7379807692307693 0.139423076923077 0.6923076923076923 0.13942307692307698 0.6923076923076923 0.19471153846153852 0.7379807692307693 0.19471153846153852
0 0.6346153846153846 0.3245192307692309 0.5961538461538461 0.3245192307692309 0.5961538461538461 0.3750000000000001 0.6346153846153846 0.3750000000000001
0 0.5384615384615384 0.1538461538461539 0.5024038461538461 0.1538461538461539 0.5024038461538461 0.1850961538461539 0.5384615384615384 0.1850961538461539
0 0.5817307692307693 0.12980769230769237 0.5336538461538461 0.12980769230769237 0.5336538461538461 0.17307692307692316 0.5817307692307693 0.17307692307692316
0 0.5649038461538461 0.19951923076923084 0.5192307692307693 0.19951923076923084 0.5192307692307693 0.26201923076923084 0.5649038461538461 0.26201923076923084
0 0.5865384615384616 0.2740384615384616 0.5504807692307693 0.2740384615384616 0.5504807692307693 0.3221153846153847 0.5865384615384616 0.32211538461538475
0 0.5793269230769231 0.3221153846153847 0.5480769230769231 0.32211538461538464 0.5480769230769231 0.358173076923077 0.5793269230769231 0.35817307692307704