0 0.4759615384615386 0.7932692307692307 0.4062500000000001 0.7932692307692307 0.4062500000000001 0.8533653846153846 0.4759615384615386 0.8533653846153846
0 0.2836538461538462 0.6177884615384616 0.22355769230769237 0.6177884615384616 0.22355769230769237 0.6706730769230769 0.2836538461538462 0.6706730769230769
0 0.4086538461538462 0.5504807692307693 0.3581730769230769 0.5504807692307693 0.358173076923077 0.5985576923076923 0.4086538461538463 0.5985576923076923
0 0.3918269230769231 0.4495192307692308 0.33413461538461536 0.4495192307692308 0.33413461538461536 0.49759615384615385 0.3918269230769231 0.49759615384615385
0 0.25721153846153844 0.18509615384615385 0.18990384615384615 0.18509615384615385 0.18990384615384615 0.24519230769230768 0.25721153846153844 0.24519230769230768
0 0.4110576923076923 0.3269230769230769 0.35096153846153844 0.3269230769230769 0.35096153846153844 0.3798076923076923 0.4110576923076923 0.3798076923076923
0 0.20192307692307698 0.38461538461538464 0.16346153846153852 0.38461538461538464 0.16346153846153852 0.43028846153846156 0.20192307692307698 0.43028846153846156
0 0.19951923076923084 0.3389423076923077 0.14663461538461542 0.3389423076923077 0.14663461538461542 0.39663461538461536 0.19951923076923084 0.39663461538461536
0 0.2860576923076924 0.36778846153846156 0.20913461538461545 0.36778846153846156 0.20913461538461545 0.4326923076923077 0.2860576923076924 0.4326923076923077
0 0.3485576923076923 0.3629807692307692 0.2908653846153847 0.3629807692307692 0.2908653846153847 0.41346153846153844 0.3485576923076923 0.41346153846153844
0 0.3798076923076923 0.38221153846153844 0.33653846153846156 0.38221153846153844 0.33653846153846156 0.4206730769230769 0.3798076923076923 0.4206730769230769