0 0.18750000000000003 0.2644230769230769 0.07451923076923081 0.2644230769230769 0.07451923076923081 0.375 0.18750000000000006 0.375
0 0.3173076923076923 0.2884615384615385 0.22115384615384623 0.28846153846153844 0.22115384615384623 0.38221153846153844 0.3173076923076923 0.38221153846153844
0 0.19471153846153846 0.15384615384615385 0.08173076923076926 0.15384615384615385 0.08173076923076926 0.2620192307692308 0.19471153846153846 0.2620192307692308
0 0.47355769230769246 0.7139423076923077 0.4086538461538463 0.7139423076923077 0.4086538461538463 0.7692307692307693 0.47355769230769246 0.7692307692307693
0 0.71875 0.6995192307692307 0.6298076923076923 0.6995192307692307 0.6298076923076923 0.7716346153846154 0.71875 0.7716346153846154
0 0.6442307692307693 0.5841346153846154 0.5576923076923078 0.5841346153846154 0.5576923076923078 0.6514423076923077 0.6442307692307693 0.6514423076923077
0 0.7788461538461539 0.9447115384615384 0.7259615384615384 0.9447115384615384 0.7259615384615384 0.9903846153846154 0.7788461538461539 0.9903846153846154
0 0.8413461538461539 0.9471153846153846 0.78125 0.9471153846153846 0.78125 0.9975961538461539 0.8413461538461539 0.9975961538461539
0 0.8918269230769231 0.8100961538461539 0.8173076923076923 0.8100961538461539 0.8173076923076923 0.8774038461538461 0.8918269230769231 0.8774038461538461
0 0.7788461538461539 0.78125 0.6947115384615384 0.78125 0.6947115384615384 0.8485576923076923 0.7788461538461539 0.8485576923076923
0 0.3870192307692308 0.36538461538461536 0.28846153846153855 0.36538461538461536 0.28846153846153855 0.46875 0.3870192307692308 0.46875
0 0.4254807692307692 0.3245192307692308 0.31971153846153844 0.3245192307692308 0.31971153846153844 0.42788461538461536 0.4254807692307692 0.42788461538461536
0 0.5288461538461539 0.44471153846153844 0.43028846153846156 0.44471153846153844 0.43028846153846156 0.5360576923076923 0.5288461538461539 0.5360576923076923
0 0.49519230769230776 0.5 0.4110576923076923 0.5 0.4110576923076924 0.5649038461538461 0.4951923076923078 0.5649038461538461
0 0.4350961538461539 0.49038461538461536 0.3485576923076923 0.49038461538461536 0.3485576923076924 0.5769230769230769 0.43509615384615397 0.5769230769230769
0 0.43990384615384615 0.41346153846153844 0.3581730769230769 0.41346153846153844 0.3581730769230769 0.4879807692307692 0.43990384615384615 0.4879807692307692
0 0.543269230769231 0.6586538461538461 0.4711538461538463 0.6586538461538461 0.4711538461538463 0.7235576923076923 0.543269230769231 0.7235576923076923
0 0.5721153846153848 0.6009615384615385 0.49759615384615397 0.6009615384615384 0.49759615384615397 0.6682692307692307 0.5721153846153848 0.6682692307692307
0 0.5649038461538463 0.6442307692307693 0.5000000000000001 0.6442307692307693 0.5000000000000001 0.6995192307692307 0.5649038461538463 0.6995192307692307