0 0.6153846153846154 0.01923076923076928 0.19230769230769232 0.019230769230769256 0.19230769230769235 0.3725961538461539 0.6153846153846154 0.37259615384615397
0 0.7235576923076923 0.22355769230769235 0.2764423076923077 0.22355769230769232 0.2764423076923077 0.6009615384615385 0.7235576923076923 0.6009615384615385
0 0.37019230769230776 0.4735576923076923 0.1129807692307693 0.4735576923076923 0.11298076923076932 0.7139423076923077 0.3701923076923078 0.7139423076923077
0 0.5312500000000001 0.6899038461538461 0.3004807692307693 0.6899038461538461 0.30048076923076933 0.9254807692307693 0.5312500000000001 0.9254807692307693
0 0.8341346153846154 0.2692307692307693 0.7211538461538461 0.2692307692307693 0.7211538461538461 0.38942307692307704 0.8341346153846154 0.38942307692307704
0 0.8798076923076923 0.5889423076923078 0.7211538461538461 0.5889423076923078 0.7211538461538461 0.7668269230769231 0.8798076923076923 0.7668269230769231
0 0.8701923076923077 0.6899038461538461 0.7379807692307693 0.6899038461538461 0.7379807692307693 0.7908653846153846 0.8701923076923077 0.7908653846153846
0 0.8100961538461539 0.6586538461538461 0.5937500000000001 0.6586538461538461 0.5937500000000001 0.8629807692307693 0.8100961538461539 0.8629807692307693
0 1 0.6706730769230769 0.84375 0.6706730769230769 0.84375 0.8149038461538461 1 0.8149038461538461
0 0.9807692307692307 0.5024038461538463 0.8557692307692307 0.5024038461538463 0.8557692307692307 0.6418269230769231 0.9807692307692307 0.6418269230769231
0 0.9759615384615384 0.5552884615384617 0.9014423076923077 0.5552884615384617 0.9014423076923077 0.6442307692307693 0.9759615384615384 0.6442307692307693
0 0.9831730769230769 0.3317307692307694 0.9182692307692307 0.3317307692307694 0.9182692307692307 0.3870192307692309 0.9831730769230769 0.3870192307692309
0 0.9423076923076923 0.13701923076923087 0.9134615384615384 0.13701923076923087 0.9134615384615384 0.1995192307692309 0.9423076923076923 0.1995192307692309