0 0.3004807692307693 0.21875000000000003 0.10336538461538465 0.21875 0.10336538461538466 0.5480769230769231 0.3004807692307693 0.5480769230769231
0 0.5192307692307693 0.32211538461538464 0.3076923076923077 0.32211538461538464 0.30769230769230776 0.6634615384615384 0.5192307692307694 0.6634615384615384
0 0.6899038461538461 0.15625000000000006 0.5336538461538461 0.15625000000000006 0.5336538461538461 0.3413461538461539 0.6899038461538461 0.34134615384615397
0 0.8918269230769231 0.35817307692307704 0.7331730769230769 0.35817307692307704 0.7331730769230769 0.5144230769230771 0.8918269230769231 0.5144230769230771
0 0.3557692307692309 0.7259615384615384 0.26682692307692313 0.7259615384615384 0.26682692307692313 0.8052884615384616 0.3557692307692309 0.8052884615384616
0 0.7211538461538461 0.7644230769230769 0.591346153846154 0.7644230769230769 0.591346153846154 0.8581730769230769 0.7211538461538461 0.8581730769230769
0 0.7451923076923077 0.7644230769230769 0.6899038461538461 0.7644230769230769 0.6899038461538461 0.8725961538461539 0.7451923076923077 0.8725961538461539
0 0.8149038461538461 0.6418269230769231 0.6778846153846154 0.6418269230769231 0.6778846153846154 0.7980769230769231 0.8149038461538461 0.7980769230769231
0 0.7524038461538461 0.875 0.6706730769230769 0.875 0.6706730769230769 1 0.7524038461538461 1
0 0.5961538461538463 0.8822115384615384 0.4879807692307694 0.8822115384615384 0.4879807692307694 0.9615384615384616 0.5961538461538463 0.9615384615384616
0 0.605769230769231 0.9230769230769231 0.5360576923076924 0.9230769230769231 0.5360576923076924 0.9639423076923077 0.605769230769231 0.9639423076923077
0 0.3461538461538463 0.9182692307692307 0.3125000000000001 0.9182692307692307 0.3125000000000001 0.9759615384615384 0.3461538461538463 0.9759615384615384
0 0.1634615384615386 0.9014423076923077 0.10817307692307702 0.9014423076923077 0.10817307692307702 0.9543269230769231 0.1634615384615386 0.9543269230769231
0 0.028846153846153962 0.9230769230769231 1.1304431992129413e-16 0.9230769230769231 1.1584098929434698e-16 0.96875 0.028846153846153966 0.96875
0 0.9735576923076923 0.8990384615384616 0.9014423076923077 0.8990384615384616 0.9014423076923077 0.9927884615384616 0.9735576923076923 0.9927884615384616