0 0.8533653846153846 0.6370192307692307 0.4759615384615386 0.6370192307692307 0.4759615384615386 0.9182692307692307 0.8533653846153846 0.9182692307692307
0 0.71875 0.4350961538461539 0.3245192307692308 0.43509615384615385 0.32451923076923084 0.7379807692307693 0.71875 0.7379807692307693
0 0.84375 0.2500000000000001 0.6201923076923077 0.25000000000000006 0.6201923076923077 0.45192307692307704 0.84375 0.45192307692307704
0 0.6105769230769231 0.0865384615384616 0.4206730769230769 0.0865384615384616 0.4206730769230769 0.2788461538461539 0.6105769230769231 0.2788461538461539
0 0.31730769230769246 0.6754807692307693 0.21875000000000006 0.6754807692307693 0.21875000000000006 0.78125 0.31730769230769246 0.78125
0 0.23076923076923084 0.31971153846153844 0.10817307692307696 0.31971153846153844 0.10817307692307697 0.46875 0.23076923076923084 0.46875
0 0.21394230769230776 0.2956730769230769 0.09134615384615388 0.2956730769230769 0.09134615384615388 0.37740384615384615 0.21394230769230776 0.37740384615384615
0 0.33413461538461536 0.21153846153846156 0.15625 0.21153846153846154 0.15625000000000003 0.375 0.33413461538461536 0.375
0 0.10336538461538465 0.3076923076923077 3.7681439973764714e-17 0.3076923076923077 4.3863551219460483e-17 0.40865384615384615 0.10336538461538465 0.40865384615384615
0 0.13221153846153852 0.46153846153846156 0.02644230769230775 0.46153846153846156 0.026442307692307758 0.5889423076923077 0.13221153846153852 0.5889423076923077
0 0.0817307692307693 0.45913461538461536 0.021634615384615443 0.45913461538461536 0.02163461538461545 0.5408653846153846 0.0817307692307693 0.5408653846153846
0 0.11778846153846165 0.7163461538461539 0.05528846153846163 0.7163461538461539 0.05528846153846163 0.7596153846153846 0.11778846153846165 0.7596153846153846
0 0.17067307692307707 0.8942307692307693 0.10336538461538472 0.8942307692307693 0.10336538461538472 0.9639423076923077 0.17067307692307707 0.9639423076923077
0 0.048076923076923093 0.0889423076923077 1.0892291242416363e-17 0.0889423076923077 1.6780016238317098e-17 0.18509615384615385 0.048076923076923093 0.18509615384615385