0 0.3028846153846155 0.3004807692307693 0.06009615384615388 0.3004807692307692 0.0600961538461539 0.6490384615384616 0.3028846153846155 0.6490384615384616
0 0.5432692307692308 0.3389423076923077 0.2860576923076924 0.3389423076923077 0.2860576923076924 0.7019230769230769 0.543269230769231 0.7019230769230769
0 0.6225961538461539 0.12500000000000006 0.4423076923076923 0.12500000000000006 0.4423076923076923 0.326923076923077 0.6225961538461539 0.32692307692307704
0 0.8701923076923077 0.2596153846153847 0.6899038461538461 0.2596153846153847 0.6899038461538461 0.4375000000000001 0.8701923076923077 0.4375000000000001
0 0.4447115384615386 0.7644230769230769 0.34855769230769246 0.7644230769230769 0.34855769230769246 0.8533653846153846 0.4447115384615386 0.8533653846153846
0 0.8125 0.6947115384615384 0.6706730769230769 0.6947115384615384 0.6706730769230769 0.8100961538461539 0.8125 0.8100961538461539
0 0.8389423076923077 0.6850961538461539 0.7692307692307693 0.6850961538461539 0.7692307692307693 0.7980769230769231 0.8389423076923077 0.7980769230769231
0 0.8774038461538461 0.5528846153846155 0.71875 0.5528846153846155 0.71875 0.7259615384615384 0.8774038461538461 0.7259615384615384
0 0.8870192307692307 0.7932692307692307 0.7860576923076923 0.7932692307692307 0.7860576923076923 0.9423076923076923 0.8870192307692307 0.9423076923076923
0 0.7235576923076923 0.84375 0.605769230769231 0.84375 0.605769230769231 0.9375 0.7235576923076923 0.9375
0 0.7331730769230769 0.8798076923076923 0.6586538461538461 0.8798076923076923 0.6586538461538461 0.9326923076923077 0.7331730769230769 0.9326923076923077
0 0.48557692307692324 0.9447115384615384 0.4447115384615386 0.9447115384615384 0.4447115384615386 1 0.48557692307692324 1
0 0.30288461538461553 0.9831730769230769 0.24278846153846168 0.9831730769230769 0.24278846153846168 1 0.30288461538461553 1