0 0.6706730769230769 0.0048076923076923635 0.24759615384615385 0.0048076923076923374 0.24759615384615388 0.36057692307692313 0.6706730769230769 0.36057692307692324
0 0.6826923076923077 0.23798076923076927 0.24519230769230768 0.23798076923076922 0.24519230769230774 0.6033653846153847 0.6826923076923077 0.6033653846153848
0 0.8942307692307693 0.36538461538461553 0.65625 0.36538461538461553 0.65625 0.5865384615384617 0.8942307692307693 0.5865384615384617
0 0.8125 0.6346153846153846 0.6009615384615385 0.6346153846153846 0.6009615384615385 0.8509615384615384 0.8125 0.8509615384615384
0 0.23557692307692316 0.40384615384615385 0.12019230769230772 0.40384615384615385 0.12019230769230774 0.5240384615384616 0.23557692307692316 0.5240384615384616
0 0.3750000000000001 0.7043269230769231 0.23317307692307698 0.7043269230769231 0.23317307692307704 0.8701923076923077 0.3750000000000001 0.8701923076923077
0 0.3942307692307694 0.7932692307692307 0.2596153846153847 0.7932692307692307 0.2596153846153847 0.8990384615384616 0.3942307692307694 0.8990384615384616
0 0.528846153846154 0.7235576923076923 0.3245192307692309 0.7235576923076923 0.3245192307692309 0.9182692307692307 0.528846153846154 0.9182692307692307
0 0.30048076923076933 0.8341346153846154 0.1250000000000001 0.8341346153846154 0.1250000000000001 0.9759615384615384 0.3004807692307694 0.9759615384615384
0 0.2163461538461539 0.6706730769230769 0.0865384615384616 0.6706730769230769 0.08653846153846162 0.8149038461538461 0.2163461538461539 0.8149038461538461
0 0.18028846153846162 0.7331730769230769 0.10817307692307702 0.7331730769230769 0.10817307692307702 0.8197115384615384 0.18028846153846162 0.8197115384615384
0 0.06490384615384623 0.5360576923076923 6.564813370429321e-17 0.5360576923076923 6.918076870183365e-17 0.59375 0.06490384615384623 0.59375