0 0.5865384615384617 0.6899038461538461 0.23317307692307698 0.6899038461538461 0.23317307692307704 0.9254807692307693 0.5865384615384617 0.9254807692307693
0 0.6899038461538461 0.44951923076923084 0.31009615384615385 0.4495192307692308 0.3100961538461539 0.7259615384615384 0.6899038461538461 0.7259615384615384
0 0.34134615384615385 0.3245192307692308 0.1418269230769231 0.3245192307692308 0.14182692307692313 0.5 0.34134615384615385 0.5
0 0.5048076923076923 0.10096153846153852 0.3173076923076923 0.10096153846153849 0.3173076923076923 0.28846153846153855 0.5048076923076923 0.28846153846153855
0 0.8245192307692307 0.6153846153846154 0.7355769230769231 0.6153846153846154 0.7355769230769231 0.7139423076923077 0.8245192307692307 0.7139423076923077
0 0.8581730769230769 0.24278846153846165 0.7379807692307693 0.24278846153846162 0.7379807692307693 0.39182692307692324 0.8581730769230769 0.39182692307692324
0 0.8557692307692307 0.2235576923076924 0.7427884615384616 0.22355769230769237 0.7427884615384616 0.2908653846153847 0.8557692307692307 0.29086538461538475
0 0.7860576923076923 0.15865384615384623 0.6081730769230769 0.15865384615384623 0.6081730769230769 0.31730769230769246 0.7860576923076923 0.31730769230769246
0 0.9831730769230769 0.2043269230769232 0.8485576923076923 0.2043269230769232 0.8485576923076923 0.30288461538461553 0.9831730769230769 0.30288461538461553
0 0.9639423076923077 0.36538461538461553 0.8701923076923077 0.36538461538461553 0.8701923076923077 0.48317307692307704 0.9639423076923077 0.48317307692307704
0 0.9639423076923077 0.35336538461538475 0.9110576923076923 0.35336538461538475 0.9110576923076923 0.4302884615384617 0.9639423076923077 0.4302884615384617
0 0.9903846153846154 0.6105769230769232 0.9278846153846154 0.6105769230769232 0.9278846153846154 0.6514423076923077 0.9903846153846154 0.6514423076923077
0 0.9879807692307693 0.7956730769230769 0.9254807692307693 0.7956730769230769 0.9254807692307693 0.8605769230769231 0.9879807692307693 0.8605769230769231
0 1 0.9278846153846154 0.9591346153846154 0.9278846153846154 0.9591346153846154 0.9615384615384616 1 0.9615384615384616
0 0.9567307692307693 1.1083642304783137e-16 0.8533653846153846 1.0450711867723808e-16 0.8533653846153846 0.06730769230769242 0.9567307692307693 0.06730769230769243