0 0.4326923076923077 0.08413461538461543 0.3870192307692308 0.08413461538461542 0.3870192307692308 0.11538461538461543 0.4326923076923077 0.11538461538461545
0 0.49759615384615385 0.0600961538461539 0.42788461538461536 0.060096153846153896 0.42788461538461536 0.10336538461538468 0.49759615384615385 0.10336538461538468
0 0.5072115384615384 5.902444308390488e-17 0.4567307692307692 5.593338746105699e-17 0.4567307692307692 0.033653846153846215 0.5072115384615384 0.033653846153846215
0 0.5216346153846154 0.17067307692307698 0.46153846153846156 0.17067307692307698 0.46153846153846156 0.20432692307692316 0.5216346153846154 0.20432692307692316
0 0.5384615384615384 0.06971153846153853 0.49038461538461536 0.06971153846153853 0.49038461538461536 0.10576923076923084 0.5384615384615384 0.10576923076923084
0 0.5625 0.019230769230769294 0.5 0.01923076923076929 0.5 0.06009615384615392 0.5625 0.06009615384615392
0 0.5961538461538461 0.021634615384615457 0.5552884615384616 0.021634615384615453 0.5552884615384616 0.0504807692307693 0.5961538461538461 0.0504807692307693
0 0.6129807692307693 0.2163461538461539 0.5504807692307693 0.2163461538461539 0.5504807692307693 0.2548076923076924 0.6129807692307693 0.2548076923076924
0 0.6466346153846154 0.14663461538461545 0.5817307692307693 0.14663461538461545 0.5817307692307693 0.18750000000000006 0.6466346153846154 0.18750000000000006
0 0.6442307692307693 0.25721153846153855 0.5841346153846154 0.25721153846153855 0.5841346153846154 0.29807692307692313 0.6442307692307693 0.29807692307692313
0 0.6730769230769231 0.08894230769230776 0.6033653846153846 0.08894230769230776 0.6033653846153846 0.1346153846153847 0.6730769230769231 0.1346153846153847
0 0.6394230769230769 0.4326923076923078 0.5985576923076923 0.4326923076923078 0.5985576923076923 0.4567307692307694 0.6394230769230769 0.4567307692307694
0 0.6610576923076923 0.3365384615384617 0.6225961538461539 0.3365384615384617 0.6225961538461539 0.36538461538461553 0.6610576923076923 0.36538461538461553
0 0.6538461538461539 0.5168269230769232 0.6081730769230769 0.5168269230769232 0.6081730769230769 0.5360576923076924 0.6538461538461539 0.5360576923076924
0 0.6610576923076923 0.3942307692307694 0.6177884615384616 0.3942307692307694 0.6177884615384616 0.42067307692307704 0.6610576923076923 0.42067307692307704
0 0.6610576923076923 0.48557692307692324 0.6298076923076923 0.48557692307692324 0.6298076923076923 0.5072115384615385 0.6610576923076923 0.5072115384615385
0 0.71875 0.15144230769230776 0.6490384615384616 0.15144230769230776 0.6490384615384616 0.1850961538461539 0.71875 0.1850961538461539
0 0.6850961538461539 0.45432692307692324 0.6442307692307693 0.45432692307692324 0.6442307692307693 0.47836538461538475 0.6850961538461539 0.47836538461538475
0 0.7163461538461539 0.12019230769230778 0.6754807692307693 0.12019230769230776 0.6754807692307693 0.1538461538461539 0.7163461538461539 0.1538461538461539
0 0.6802884615384616 0.7716346153846154 0.6322115384615384 0.7716346153846154 0.6322115384615384 0.8028846153846154 0.6802884615384616 0.8028846153846154
0 0.6899038461538461 0.5985576923076924 0.6538461538461539 0.5985576923076924 0.6538461538461539 0.6201923076923077 0.6899038461538461 0.6201923076923077
0 0.7019230769230769 0.46634615384615397 0.6682692307692307 0.46634615384615397 0.6682692307692307 0.48557692307692324 0.7019230769230769 0.48557692307692324
0 0.7163461538461539 0.5000000000000001 0.6634615384615384 0.5000000000000001 0.6634615384615384 0.5264423076923078 0.7163461538461539 0.5264423076923078
0 0.7115384615384616 0.4495192307692309 0.6802884615384616 0.4495192307692309 0.6802884615384616 0.47355769230769246 0.7115384615384616 0.47355769230769246
0 0.7139423076923077 0.5264423076923078 0.6730769230769231 0.5264423076923078 0.6730769230769231 0.5552884615384617 0.7139423076923077 0.5552884615384617
0 0.7067307692307693 0.591346153846154 0.6802884615384616 0.591346153846154 0.6802884615384616 0.6105769230769232 0.7067307692307693 0.6105769230769232
0 0.7043269230769231 0.6490384615384616 0.6754807692307693 0.6490384615384616 0.6754807692307693 0.6706730769230769 0.7043269230769231 0.6706730769230769
0 0.7331730769230769 0.3149038461538463 0.6947115384615384 0.3149038461538463 0.6947115384615384 0.3461538461538463 0.7331730769230769 0.3461538461538463
0 0.7283653846153846 0.42307692307692324 0.6923076923076923 0.42307692307692324 0.6923076923076923 0.45192307692307704 0.7283653846153846 0.45192307692307704
0 0.7403846153846154 0.6105769230769232 0.7019230769230769 0.6105769230769232 0.7019230769230769 0.6322115384615384 0.7403846153846154 0.6322115384615384
0 0.7475961538461539 0.45913461538461553 0.7139423076923077 0.45913461538461553 0.7139423076923077 0.4879807692307694 0.7475961538461539 0.4879807692307694
0 0.7259615384615384 0.9663461538461539 0.6875 0.9663461538461539 0.6875 0.9951923076923077 0.7259615384615384 0.9951923076923077
0 0.75 0.7019230769230769 0.7067307692307693 0.7019230769230769 0.7067307692307693 0.7355769230769231 0.75 0.7355769230769231
0 0.7307692307692307 0.9230769230769231 0.6971153846153846 0.9230769230769231 0.6971153846153846 0.9543269230769231 0.7307692307692307 0.9543269230769231
0 0.7548076923076923 0.7211538461538461 0.71875 0.7211538461538461 0.71875 0.7596153846153846 0.7548076923076923 0.7596153846153846
0 0.7644230769230769 0.8605769230769231 0.7211538461538461 0.8605769230769231 0.7211538461538461 0.8966346153846154 0.7644230769230769 0.8966346153846154
0 0.7788461538461539 0.9807692307692307 0.7331730769230769 0.9807692307692307 0.7331730769230769 1 0.7788461538461539 1
0 0.7908653846153846 0.8245192307692307 0.7475961538461539 0.8245192307692307 0.7475961538461539 0.8605769230769231 0.7908653846153846 0.8605769230769231
0 0.7211538461538461 0.71875 0.6899038461538461 0.71875 0.6899038461538461 0.75 0.7211538461538461 0.75