0 0.045673076923076976 0.4110576923076923 5.03400487149513e-17 0.4110576923076923 5.4755842461876846e-17 0.4831730769230769 0.045673076923076976 0.4831730769230769
0 0.048076923076923135 0.47596153846153844 5.82884774594173e-17 0.47596153846153844 6.31458505810354e-17 0.5552884615384616 0.04807692307692314 0.5552884615384616
0 0.06490384615384623 0.5216346153846154 0.014423076923076986 0.5216346153846154 0.014423076923076992 0.5961538461538461 0.06490384615384623 0.5961538461538461
0 0.23317307692307698 0.5745192307692307 0.17067307692307698 0.5745192307692307 0.17067307692307698 0.6490384615384616 0.23317307692307698 0.6490384615384616
0 0.3870192307692309 0.5600961538461539 0.34134615384615397 0.5600961538461539 0.34134615384615397 0.5985576923076923 0.3870192307692309 0.5985576923076923
0 0.6153846153846154 0.5360576923076924 0.5817307692307693 0.5360576923076924 0.5817307692307693 0.5865384615384617 0.6153846153846154 0.5865384615384617
0 0.3822115384615386 0.6274038461538461 0.34134615384615397 0.6274038461538461 0.34134615384615397 0.6875 0.3822115384615386 0.6875
0 0.9495192307692307 0.47355769230769246 0.9182692307692307 0.47355769230769246 0.9182692307692307 0.5240384615384617 0.9495192307692307 0.5240384615384617
0 0.8173076923076923 0.5312500000000001 0.7764423076923077 0.5312500000000001 0.7764423076923077 0.5817307692307694 0.8173076923076923 0.5817307692307694
0 0.24519230769230776 0.7091346153846154 0.19951923076923084 0.7091346153846154 0.19951923076923084 0.7716346153846154 0.24519230769230776 0.7716346153846154
0 0.8966346153846154 0.5192307692307694 0.8557692307692307 0.5192307692307694 0.8557692307692307 0.5721153846153848 0.8966346153846154 0.5721153846153848
0 0.8004807692307693 0.5528846153846155 0.75 0.5528846153846155 0.75 0.6201923076923077 0.8004807692307693 0.6201923076923077
0 0.7115384615384616 0.5889423076923078 0.6730769230769231 0.5889423076923078 0.6730769230769231 0.6394230769230769 0.7115384615384616 0.6394230769230769
0 0.6850961538461539 0.6225961538461539 0.6274038461538461 0.6225961538461539 0.6274038461538461 0.6899038461538461 0.6850961538461539 0.6899038461538461
0 0.9735576923076923 0.5625000000000001 0.9230769230769231 0.5625000000000001 0.9230769230769231 0.6177884615384616 0.9735576923076923 0.6177884615384616
0 0.9182692307692307 0.6153846153846154 0.8677884615384616 0.6153846153846154 0.8677884615384616 0.6802884615384616 0.9182692307692307 0.6802884615384616