0 0.8269230769230769 0.20192307692307698 0.7860576923076923 0.20192307692307698 0.7860576923076923 0.25000000000000006 0.8269230769230769 0.25000000000000006
0 0.8798076923076923 0.22596153846153857 0.8197115384615384 0.22596153846153852 0.8197115384615384 0.3052884615384616 0.8798076923076923 0.3052884615384617
0 0.9399038461538461 0.22115384615384628 0.8918269230769231 0.22115384615384628 0.8918269230769231 0.2812500000000001 0.9399038461538461 0.2812500000000001
0 0.7956730769230769 0.3076923076923078 0.7451923076923077 0.3076923076923078 0.7451923076923077 0.3750000000000001 0.7956730769230769 0.3750000000000001
0 0.8894230769230769 0.28605769230769246 0.8485576923076923 0.28605769230769246 0.8485576923076923 0.3389423076923078 0.8894230769230769 0.3389423076923078
0 0.9423076923076923 0.27163461538461553 0.8966346153846154 0.27163461538461553 0.8966346153846154 0.3365384615384617 0.9423076923076923 0.3365384615384617
0 0.9591346153846154 0.3197115384615386 0.9254807692307693 0.3197115384615386 0.9254807692307693 0.3629807692307694 0.9591346153846154 0.3629807692307694
0 0.7956730769230769 0.41105769230769246 0.7451923076923077 0.41105769230769246 0.7451923076923077 0.47836538461538475 0.7956730769230769 0.47836538461538475
0 0.8701923076923077 0.40384615384615397 0.8221153846153846 0.40384615384615397 0.8221153846153846 0.4711538461538463 0.8701923076923077 0.4711538461538463
0 0.7788461538461539 0.45913461538461553 0.7235576923076923 0.45913461538461553 0.7235576923076923 0.5264423076923078 0.7788461538461539 0.5264423076923078
0 0.9350961538461539 0.3942307692307694 0.8822115384615384 0.3942307692307694 0.8822115384615384 0.4687500000000001 0.9350961538461539 0.4687500000000001
0 0.6274038461538461 0.5552884615384617 0.5889423076923077 0.5552884615384617 0.5889423076923077 0.6033653846153848 0.6274038461538461 0.6033653846153848
0 0.7163461538461539 0.528846153846154 0.6802884615384616 0.528846153846154 0.6802884615384616 0.5721153846153848 0.7163461538461539 0.5721153846153848
0 0.5552884615384617 0.6033653846153846 0.5240384615384617 0.6033653846153846 0.5240384615384617 0.6514423076923077 0.5552884615384617 0.6514423076923077
0 0.6682692307692307 0.5528846153846155 0.6322115384615384 0.5528846153846155 0.6322115384615384 0.5985576923076924 0.6682692307692307 0.5985576923076924
0 0.5865384615384617 0.605769230769231 0.560096153846154 0.605769230769231 0.560096153846154 0.6394230769230769 0.5865384615384617 0.6394230769230769
0 0.90625 0.4615384615384617 0.8533653846153846 0.4615384615384617 0.8533653846153846 0.5408653846153848 0.90625 0.5408653846153848
0 0.625 0.605769230769231 0.5937500000000001 0.605769230769231 0.5937500000000001 0.6490384615384616 0.625 0.6490384615384616
0 0.9326923076923077 0.4711538461538463 0.8918269230769231 0.4711538461538463 0.8918269230769231 0.5168269230769232 0.9326923076923077 0.5168269230769232
0 0.34855769230769246 0.7451923076923077 0.3028846153846155 0.7451923076923077 0.3028846153846155 0.8052884615384616 0.34855769230769246 0.8052884615384616
0 0.5048076923076924 0.6826923076923077 0.4759615384615386 0.6826923076923077 0.4759615384615386 0.7211538461538461 0.5048076923076924 0.7211538461538461
0 0.625 0.6298076923076923 0.5961538461538463 0.6298076923076923 0.5961538461538463 0.6706730769230769 0.625 0.6706730769230769
0 0.6009615384615385 0.6418269230769231 0.560096153846154 0.6418269230769231 0.560096153846154 0.6995192307692307 0.6009615384615385 0.6995192307692307
0 0.6418269230769231 0.6346153846153846 0.6129807692307694 0.6346153846153846 0.6129807692307694 0.6730769230769231 0.6418269230769231 0.6730769230769231
0 0.5769230769230771 0.6658653846153846 0.543269230769231 0.6658653846153846 0.543269230769231 0.7091346153846154 0.5769230769230771 0.7091346153846154
0 0.5168269230769232 0.7019230769230769 0.4927884615384617 0.7019230769230769 0.4927884615384617 0.7331730769230769 0.5168269230769232 0.7331730769230769
0 0.46634615384615397 0.7259615384615384 0.4399038461538463 0.7259615384615384 0.4399038461538463 0.7572115384615384 0.46634615384615397 0.7572115384615384
0 0.7716346153846154 0.5817307692307694 0.7331730769230769 0.5817307692307694 0.7331730769230769 0.6274038461538461 0.7716346153846154 0.6274038461538461
0 0.6730769230769231 0.6346153846153846 0.6418269230769231 0.6346153846153846 0.6418269230769231 0.6730769230769231 0.6730769230769231 0.6730769230769231
0 0.5144230769230771 0.7283653846153846 0.48557692307692324 0.7283653846153846 0.48557692307692324 0.7716346153846154 0.5144230769230771 0.7716346153846154
0 0.6538461538461539 0.6706730769230769 0.6177884615384616 0.6706730769230769 0.6177884615384616 0.7091346153846154 0.6538461538461539 0.7091346153846154
0 0.1995192307692309 0.8942307692307693 0.1634615384615386 0.8942307692307693 0.1634615384615386 0.9375 0.1995192307692309 0.9375
0 0.4399038461538463 0.7836538461538461 0.4014423076923078 0.7836538461538461 0.4014423076923078 0.8293269230769231 0.4399038461538463 0.8293269230769231
0 0.24038461538461553 0.8798076923076923 0.20192307692307707 0.8798076923076923 0.20192307692307707 0.9230769230769231 0.24038461538461553 0.9230769230769231
0 0.4254807692307694 0.8004807692307693 0.3822115384615386 0.8004807692307693 0.3822115384615386 0.84375 0.4254807692307694 0.84375
0 0.3076923076923078 0.8725961538461539 0.26682692307692324 0.8725961538461539 0.26682692307692324 0.9182692307692307 0.3076923076923078 0.9182692307692307
0 0.21153846153846168 0.9350961538461539 0.1682692307692309 0.9350961538461539 0.1682692307692309 0.9903846153846154 0.21153846153846168 0.9903846153846154
0 0.3557692307692309 0.875 0.3076923076923078 0.875 0.3076923076923078 0.9254807692307693 0.3557692307692309 0.9254807692307693
0 0.4134615384615386 0.7740384615384616 0.3774038461538463 0.7740384615384616 0.3774038461538463 0.8100961538461539 0.4134615384615386 0.8100961538461539