0 0.34375 0.37259615384615385 0.2908653846153847 0.37259615384615385 0.2908653846153847 0.41586538461538464 0.34375 0.41586538461538464
0 0.3173076923076923 0.06971153846153849 0.2644230769230769 0.06971153846153849 0.2644230769230769 0.11057692307692311 0.3173076923076923 0.11057692307692311
0 0.4423076923076923 0.3485576923076923 0.3918269230769231 0.3485576923076923 0.3918269230769231 0.3918269230769231 0.4423076923076923 0.3918269230769231
0 0.3798076923076923 0.11057692307692311 0.3076923076923077 0.11057692307692311 0.3076923076923077 0.15865384615384623 0.3798076923076923 0.15865384615384623
0 0.36538461538461536 0.10096153846153849 0.3125 0.10096153846153849 0.3125 0.1370192307692308 0.36538461538461536 0.1370192307692308
0 0.4543269230769231 0.24278846153846162 0.38461538461538464 0.24278846153846162 0.38461538461538464 0.3028846153846155 0.4543269230769231 0.3028846153846155
0 0.4879807692307692 0.3028846153846155 0.4254807692307692 0.3028846153846155 0.4254807692307692 0.34375 0.4879807692307692 0.34375
0 0.49038461538461536 0.26201923076923084 0.42788461538461536 0.26201923076923084 0.42788461538461536 0.3004807692307693 0.49038461538461536 0.3004807692307693
0 0.5048076923076923 0.31009615384615385 0.46153846153846156 0.31009615384615385 0.46153846153846156 0.3485576923076923 0.5048076923076923 0.3485576923076923
0 0.7091346153846154 0.5384615384615385 0.6442307692307693 0.5384615384615385 0.6442307692307693 0.591346153846154 0.7091346153846154 0.591346153846154
0 0.6947115384615384 0.47836538461538475 0.6370192307692307 0.47836538461538475 0.6370192307692307 0.5360576923076924 0.6947115384615384 0.5360576923076924
0 0.7788461538461539 0.7139423076923077 0.7331730769230769 0.7139423076923077 0.7331730769230769 0.7548076923076923 0.7788461538461539 0.7548076923076923
0 0.014423076923076966 0.3004807692307692 3.6798281224379606e-17 0.3004807692307692 4.106688184640764e-17 0.3701923076923077 0.01442307692307697 0.3701923076923077
0 0.8918269230769231 0.8461538461538461 0.84375 0.8461538461538461 0.84375 0.8846153846153846 0.8918269230769231 0.8846153846153846
0 0.9086538461538461 0.7788461538461539 0.8533653846153846 0.7788461538461539 0.8533653846153846 0.8149038461538461 0.9086538461538461 0.8149038461538461
0 0.9423076923076923 0.7884615384615384 0.8653846153846154 0.7884615384615384 0.8653846153846154 0.8365384615384616 0.9423076923076923 0.8365384615384616