0 0.9014423076923077 0.34855769230769246 0.8798076923076923 0.34855769230769246 0.8798076923076923 0.3870192307692309 0.9014423076923077 0.3870192307692309
0 0.9278846153846154 0.38942307692307704 0.9014423076923077 0.38942307692307704 0.9014423076923077 0.45192307692307704 0.9278846153846154 0.45192307692307704
0 0.9903846153846154 0.4086538461538463 0.9663461538461539 0.4086538461538463 0.9663461538461539 0.45432692307692324 0.9903846153846154 0.45432692307692324
0 0.8221153846153846 0.4326923076923078 0.7980769230769231 0.4326923076923078 0.7980769230769231 0.4879807692307694 0.8221153846153846 0.4879807692307694
0 0.9254807692307693 0.45192307692307704 0.9014423076923077 0.45192307692307704 0.9014423076923077 0.4927884615384617 0.9254807692307693 0.4927884615384617
0 0.9759615384615384 0.45432692307692324 0.9519230769230769 0.45432692307692324 0.9519230769230769 0.5096153846153848 0.9759615384615384 0.5096153846153848
0 0.9783653846153846 0.5096153846153848 0.9591346153846154 0.5096153846153848 0.9591346153846154 0.5456730769230771 0.9783653846153846 0.5456730769230771
0 0.7860576923076923 0.5264423076923078 0.7596153846153846 0.5264423076923078 0.7596153846153846 0.5817307692307694 0.7860576923076923 0.5817307692307694
0 0.8557692307692307 0.5480769230769232 0.8317307692307693 0.5480769230769232 0.8317307692307693 0.605769230769231 0.8557692307692307 0.605769230769231
0 0.7475961538461539 0.5649038461538463 0.71875 0.5649038461538463 0.71875 0.6153846153846154 0.7475961538461539 0.6153846153846154
0 0.9158653846153846 0.5649038461538463 0.8894230769230769 0.5649038461538463 0.8894230769230769 0.6274038461538461 0.9158653846153846 0.6274038461538461
0 0.5793269230769232 0.5937500000000001 0.5576923076923078 0.59375 0.5576923076923078 0.6346153846153846 0.5793269230769232 0.6346153846153846
0 0.6730769230769231 0.605769230769231 0.6538461538461539 0.605769230769231 0.6538461538461539 0.6418269230769231 0.6730769230769231 0.6418269230769231
0 0.4951923076923078 0.6129807692307693 0.48317307692307704 0.6129807692307693 0.48317307692307704 0.6538461538461539 0.4951923076923078 0.6538461538461539
0 0.6177884615384616 0.6081730769230771 0.5985576923076924 0.6081730769230771 0.5985576923076924 0.6466346153846154 0.6177884615384616 0.6466346153846154
0 0.5264423076923078 0.6274038461538461 0.512019230769231 0.6274038461538461 0.512019230769231 0.65625 0.5264423076923078 0.65625
0 0.8605769230769231 0.6153846153846154 0.8365384615384616 0.6153846153846154 0.8365384615384616 0.6826923076923077 0.8605769230769231 0.6826923076923077
0 0.560096153846154 0.6418269230769231 0.543269230769231 0.6418269230769231 0.543269230769231 0.6778846153846154 0.560096153846154 0.6778846153846154
0 0.8966346153846154 0.6394230769230769 0.8701923076923077 0.6394230769230769 0.8701923076923077 0.6706730769230769 0.8966346153846154 0.6706730769230769
0 0.24278846153846162 0.6610576923076923 0.21875000000000006 0.6610576923076923 0.21875000000000006 0.7067307692307693 0.24278846153846162 0.7067307692307693
0 0.4182692307692309 0.6634615384615384 0.40384615384615397 0.6634615384615384 0.40384615384615397 0.6995192307692307 0.4182692307692309 0.6995192307692307
0 0.5504807692307694 0.6634615384615384 0.5384615384615385 0.6634615384615384 0.5384615384615385 0.6971153846153846 0.5504807692307694 0.6971153846153846
0 0.5168269230769232 0.6634615384615384 0.49759615384615397 0.6634615384615384 0.49759615384615397 0.7139423076923077 0.5168269230769232 0.7139423076923077
0 0.5673076923076924 0.6754807692307693 0.5504807692307694 0.6754807692307693 0.5504807692307694 0.7067307692307693 0.5673076923076924 0.7067307692307693
0 0.49038461538461553 0.6778846153846154 0.4711538461538463 0.6778846153846154 0.4711538461538463 0.7163461538461539 0.49038461538461553 0.7163461538461539
0 0.4254807692307694 0.6899038461538461 0.41105769230769246 0.6899038461538461 0.41105769230769246 0.7139423076923077 0.4254807692307694 0.7139423076923077
0 0.3677884615384617 0.6923076923076923 0.35336538461538475 0.6923076923076923 0.35336538461538475 0.71875 0.3677884615384617 0.71875
0 0.7067307692307693 0.6778846153846154 0.6826923076923077 0.6778846153846154 0.6826923076923077 0.7139423076923077 0.7067307692307693 0.7139423076923077
0 0.5961538461538463 0.6875 0.5769230769230771 0.6875 0.5769230769230771 0.71875 0.5961538461538463 0.71875
0 0.41105769230769246 0.7115384615384616 0.39663461538461553 0.7115384615384616 0.39663461538461553 0.75 0.41105769230769246 0.75
0 0.5625000000000001 0.7115384615384616 0.5408653846153848 0.7115384615384616 0.5408653846153848 0.7427884615384616 0.5625000000000001 0.7427884615384616
0 0.05288461538461548 0.7379807692307693 0.03365384615384625 0.7379807692307693 0.03365384615384625 0.7740384615384616 0.05288461538461549 0.7740384615384616
0 0.3197115384615386 0.7331730769230769 0.295673076923077 0.7331730769230769 0.295673076923077 0.7668269230769231 0.3197115384615386 0.7668269230769231
0 0.09855769230769242 0.7427884615384616 0.07451923076923085 0.7427884615384616 0.07451923076923087 0.7740384615384616 0.09855769230769242 0.7740384615384616
0 0.3004807692307693 0.7451923076923077 0.2692307692307693 0.7451923076923077 0.2692307692307693 0.7740384615384616 0.3004807692307693 0.7740384615384616
0 0.16105769230769237 0.7620192307692307 0.13701923076923087 0.7620192307692307 0.13701923076923087 0.7980769230769231 0.16105769230769237 0.7980769230769231
0 0.045673076923077024 0.7836538461538461 0.024038461538461633 0.7836538461538461 0.024038461538461637 0.8269230769230769 0.045673076923077024 0.8269230769230769
0 0.20192307692307698 0.7836538461538461 0.1754807692307693 0.7836538461538461 0.1754807692307693 0.8221153846153846 0.20192307692307698 0.8221153846153846
0 0.3004807692307693 0.7139423076923077 0.27644230769230776 0.7139423076923077 0.27644230769230776 0.7403846153846154 0.3004807692307693 0.7403846153846154