0 0.12259615384615388 0.3485576923076923 0.09855769230769235 0.3485576923076923 0.09855769230769235 0.3870192307692308 0.12259615384615388 0.3870192307692308
0 0.10336538461538466 0.3894230769230769 0.06971153846153852 0.3894230769230769 0.06971153846153852 0.4543269230769231 0.10336538461538468 0.4543269230769231
0 0.03365384615384621 0.40865384615384615 0.009615384615384666 0.40865384615384615 0.009615384615384668 0.4543269230769231 0.033653846153846215 0.4543269230769231
0 0.2067307692307693 0.4326923076923077 0.17788461538461545 0.4326923076923077 0.17788461538461545 0.4879807692307692 0.2067307692307693 0.4879807692307692
0 0.10096153846153853 0.4519230769230769 0.07451923076923082 0.4519230769230769 0.07451923076923082 0.4951923076923077 0.10096153846153853 0.4951923076923077
0 0.05048076923076929 0.4543269230769231 0.021634615384615443 0.4543269230769231 0.021634615384615443 0.5120192307692307 0.0504807692307693 0.5120192307692307
0 0.040865384615384685 0.5096153846153846 0.021634615384615443 0.5096153846153846 0.02163461538461545 0.5456730769230769 0.040865384615384685 0.5456730769230769
0 0.24278846153846162 0.5264423076923077 0.21394230769230776 0.5264423076923077 0.21394230769230776 0.5841346153846154 0.24278846153846162 0.5841346153846154
0 0.17307692307692316 0.5480769230769231 0.14182692307692316 0.5480769230769231 0.14182692307692316 0.6057692307692307 0.17307692307692316 0.6057692307692307
0 0.2836538461538462 0.5649038461538461 0.2524038461538462 0.5649038461538461 0.2524038461538462 0.6177884615384616 0.2836538461538462 0.6177884615384616
0 0.1129807692307693 0.5649038461538461 0.0817307692307693 0.5649038461538461 0.0817307692307693 0.6274038461538461 0.1129807692307693 0.6274038461538461
0 0.4447115384615386 0.59375 0.42067307692307704 0.59375 0.42067307692307704 0.6370192307692307 0.4447115384615386 0.6370192307692307
0 0.34855769230769246 0.6057692307692307 0.3245192307692309 0.6057692307692307 0.3245192307692309 0.6418269230769231 0.34855769230769246 0.6418269230769231
0 0.5192307692307694 0.6105769230769231 0.5048076923076924 0.6105769230769231 0.5048076923076924 0.6538461538461539 0.5192307692307694 0.6538461538461539
0 0.4014423076923078 0.6081730769230769 0.3822115384615386 0.6081730769230769 0.3822115384615386 0.6466346153846154 0.4014423076923078 0.6466346153846154
0 0.4879807692307694 0.6274038461538461 0.47355769230769246 0.6274038461538461 0.47355769230769246 0.65625 0.4879807692307694 0.65625
0 0.16826923076923084 0.6153846153846154 0.13701923076923084 0.6153846153846154 0.13701923076923084 0.6826923076923077 0.16826923076923084 0.6826923076923077
0 0.4567307692307694 0.6418269230769231 0.4399038461538463 0.6418269230769231 0.4399038461538463 0.6778846153846154 0.4567307692307694 0.6778846153846154
0 0.13221153846153852 0.6394230769230769 0.10576923076923084 0.6394230769230769 0.10576923076923084 0.6730769230769231 0.13221153846153852 0.6730769230769231
0 0.7836538461538461 0.6610576923076923 0.7572115384615384 0.6610576923076923 0.7572115384615384 0.7091346153846154 0.7836538461538461 0.7091346153846154
0 0.5985576923076924 0.6634615384615384 0.5841346153846155 0.6634615384615384 0.5841346153846155 0.6995192307692307 0.5985576923076924 0.6995192307692307
0 0.4639423076923078 0.6634615384615384 0.4495192307692309 0.6634615384615384 0.4495192307692309 0.6971153846153846 0.4639423076923078 0.6971153846153846
0 0.5048076923076924 0.6634615384615384 0.48317307692307704 0.6634615384615384 0.48317307692307704 0.7139423076923077 0.5048076923076924 0.7139423076923077
0 0.4495192307692309 0.6754807692307693 0.4326923076923078 0.6754807692307693 0.4326923076923078 0.7067307692307693 0.4495192307692309 0.7067307692307693
0 0.5312500000000001 0.6778846153846154 0.5096153846153848 0.6778846153846154 0.5096153846153848 0.7163461538461539 0.5312500000000001 0.7163461538461539
0 0.591346153846154 0.6899038461538461 0.574519230769231 0.6899038461538461 0.574519230769231 0.7163461538461539 0.591346153846154 0.7163461538461539
0 0.6490384615384616 0.6923076923076923 0.6322115384615384 0.6923076923076923 0.6322115384615384 0.7163461538461539 0.6490384615384616 0.7163461538461539
0 0.3197115384615386 0.6778846153846154 0.29326923076923084 0.6778846153846154 0.29326923076923084 0.7163461538461539 0.3197115384615386 0.7163461538461539
0 0.4254807692307694 0.6875 0.40384615384615397 0.6875 0.40384615384615397 0.7211538461538461 0.4254807692307694 0.7211538461538461
0 0.605769230769231 0.7115384615384616 0.5889423076923078 0.7115384615384616 0.5889423076923078 0.75 0.605769230769231 0.75
0 0.45913461538461553 0.7115384615384616 0.4375000000000001 0.7115384615384616 0.4375000000000001 0.7427884615384616 0.45913461538461553 0.7427884615384616
0 0.96875 0.7379807692307693 0.9447115384615384 0.7379807692307693 0.9447115384615384 0.7740384615384616 0.96875 0.7740384615384616
0 0.7067307692307693 0.7331730769230769 0.6802884615384616 0.7331730769230769 0.6802884615384616 0.7692307692307693 0.7067307692307693 0.7692307692307693
0 0.9254807692307693 0.7427884615384616 0.9014423076923077 0.7427884615384616 0.9014423076923077 0.7740384615384616 0.9254807692307693 0.7740384615384616
0 0.7307692307692307 0.7451923076923077 0.6995192307692307 0.7451923076923077 0.6995192307692307 0.7740384615384616 0.7307692307692307 0.7740384615384616
0 0.8629807692307693 0.7620192307692307 0.8389423076923077 0.7620192307692307 0.8389423076923077 0.7980769230769231 0.8629807692307693 0.7980769230769231
0 0.9783653846153846 0.7836538461538461 0.9543269230769231 0.7836538461538461 0.9543269230769231 0.8269230769230769 0.9783653846153846 0.8269230769230769
0 0.8269230769230769 0.7836538461538461 0.7980769230769231 0.7836538461538461 0.7980769230769231 0.8221153846153846 0.8269230769230769 0.8221153846153846
0 0.7235576923076923 0.7139423076923077 0.6995192307692307 0.7139423076923077 0.6995192307692307 0.7403846153846154 0.7235576923076923 0.7403846153846154