0 0.8004807692307693 0.17307692307692316 0.7524038461538461 0.17307692307692316 0.7524038461538461 0.21394230769230776 0.8004807692307693 0.21394230769230776
0 0.7716346153846154 0.1250000000000001 0.6995192307692307 0.1250000000000001 0.6995192307692307 0.17788461538461545 0.7716346153846154 0.17788461538461545
0 0.7788461538461539 0.06490384615384624 0.7235576923076923 0.06490384615384624 0.7235576923076923 0.10576923076923087 0.7788461538461539 0.10576923076923087
0 0.6923076923076923 0.20913461538461545 0.6274038461538461 0.20913461538461545 0.6274038461538461 0.2548076923076924 0.6923076923076923 0.2548076923076924
0 0.7163461538461539 0.11057692307692316 0.6610576923076923 0.11057692307692314 0.6610576923076923 0.1538461538461539 0.7163461538461539 0.1538461538461539
0 0.7307692307692307 0.05769230769230778 0.6658653846153846 0.05769230769230778 0.6658653846153846 0.10576923076923085 0.7307692307692307 0.10576923076923087
0 0.6826923076923077 0.0408653846153847 0.6370192307692307 0.0408653846153847 0.6370192307692307 0.07932692307692314 0.6826923076923077 0.07932692307692314
0 0.5889423076923077 0.2067307692307693 0.5240384615384616 0.2067307692307693 0.5240384615384616 0.2548076923076924 0.5889423076923077 0.2548076923076924
0 0.5961538461538461 0.12980769230769237 0.5288461538461539 0.12980769230769237 0.5288461538461539 0.18028846153846162 0.5961538461538461 0.18028846153846162
0 0.5408653846153846 0.22596153846153852 0.47596153846153844 0.22596153846153852 0.47596153846153844 0.27644230769230776 0.5408653846153846 0.27644230769230776
0 0.6081730769230769 0.06490384615384623 0.53125 0.06490384615384623 0.53125 0.12019230769230776 0.6081730769230769 0.12019230769230776
0 0.44711538461538464 0.37259615384615385 0.39663461538461536 0.37259615384615385 0.39663461538461536 0.41346153846153844 0.44711538461538464 0.41346153846153844
0 0.4735576923076923 0.2836538461538462 0.42788461538461536 0.2836538461538462 0.42788461538461536 0.32211538461538464 0.4735576923076923 0.32211538461538464
0 0.39903846153846156 0.44471153846153844 0.35096153846153844 0.44471153846153844 0.35096153846153844 0.47596153846153844 0.39903846153846156 0.47596153846153844
0 0.4495192307692308 0.3317307692307692 0.4014423076923077 0.3317307692307692 0.4014423076923077 0.3701923076923077 0.4495192307692308 0.3701923076923077
0 0.39663461538461536 0.41346153846153844 0.3581730769230769 0.41346153846153844 0.3581730769230769 0.4423076923076923 0.39663461538461536 0.4423076923076923
0 0.5408653846153846 0.09615384615384623 0.46153846153846156 0.09615384615384623 0.46153846153846156 0.14903846153846162 0.5408653846153846 0.14903846153846162
0 0.39663461538461536 0.375 0.35336538461538464 0.375 0.35336538461538464 0.40625 0.39663461538461536 0.40625
0 0.5288461538461539 0.06971153846153852 0.4831730769230769 0.06971153846153852 0.4831730769230769 0.108173076923077 0.5288461538461539 0.108173076923077
0 0.2548076923076924 0.6538461538461539 0.1971153846153847 0.6538461538461539 0.1971153846153847 0.6971153846153846 0.2548076923076924 0.6971153846153846
0 0.3173076923076923 0.49759615384615385 0.2788461538461539 0.49759615384615385 0.2788461538461539 0.5264423076923077 0.3173076923076923 0.5264423076923077
0 0.3701923076923077 0.37740384615384615 0.33413461538461536 0.37740384615384615 0.33413461538461536 0.40384615384615385 0.3701923076923077 0.40384615384615385
0 0.3581730769230769 0.4014423076923077 0.3004807692307693 0.4014423076923077 0.3004807692307693 0.4423076923076923 0.3581730769230769 0.4423076923076923
0 0.36778846153846156 0.3581730769230769 0.3293269230769231 0.3581730769230769 0.3293269230769231 0.3870192307692308 0.36778846153846156 0.3870192307692308
0 0.33653846153846156 0.4230769230769231 0.2908653846153847 0.4230769230769231 0.2908653846153847 0.46153846153846156 0.33653846153846156 0.46153846153846156
0 0.29807692307692313 0.4855769230769231 0.26682692307692313 0.4855769230769231 0.26682692307692313 0.5096153846153846 0.29807692307692313 0.5096153846153846
0 0.2740384615384616 0.5360576923076923 0.24278846153846162 0.5360576923076923 0.24278846153846162 0.5600961538461539 0.2740384615384616 0.5600961538461539
0 0.4182692307692308 0.2283653846153847 0.37259615384615385 0.2283653846153847 0.37259615384615385 0.26682692307692313 0.4182692307692308 0.26682692307692313
0 0.36778846153846156 0.3245192307692308 0.3269230769230769 0.3245192307692308 0.3269230769230769 0.3605769230769231 0.36778846153846156 0.3605769230769231
0 0.2716346153846155 0.4855769230769231 0.2283653846153847 0.4855769230769231 0.2283653846153847 0.5168269230769231 0.2716346153846155 0.5168269230769231
0 0.3293269230769231 0.34615384615384615 0.2908653846153847 0.34615384615384615 0.2908653846153847 0.38221153846153844 0.3293269230769231 0.38221153846153844
0 0.10817307692307702 0.8028846153846154 0.06490384615384626 0.8028846153846154 0.06490384615384626 0.8389423076923077 0.10817307692307702 0.8389423076923077
0 0.21875000000000006 0.5600961538461539 0.17307692307692316 0.5600961538461539 0.17307692307692316 0.5985576923076923 0.21875000000000006 0.5985576923076923
0 0.12259615384615395 0.7620192307692307 0.07932692307692318 0.7620192307692307 0.07932692307692318 0.8004807692307693 0.12259615384615395 0.8004807692307693
0 0.19951923076923084 0.5769230769230769 0.15865384615384623 0.5769230769230769 0.15865384615384623 0.6177884615384616 0.19951923076923084 0.6177884615384616
0 0.12740384615384623 0.6923076923076923 0.0817307692307693 0.6923076923076923 0.08173076923076932 0.7331730769230769 0.12740384615384626 0.7331730769230769
0 0.0625000000000001 0.7908653846153846 0.012019230769230867 0.7908653846153846 0.012019230769230869 0.8293269230769231 0.0625000000000001 0.8293269230769231
0 0.12500000000000006 0.6466346153846154 0.076923076923077 0.6466346153846154 0.076923076923077 0.6899038461538461 0.12500000000000006 0.6899038461538461
0 0.2283653846153847 0.5865384615384616 0.19230769230769237 0.5865384615384616 0.19230769230769237 0.6225961538461539 0.2283653846153847 0.6225961538461539