0 0.3125000000000001 0.8389423076923077 0.26682692307692324 0.8389423076923077 0.26682692307692324 0.8701923076923077 0.3125000000000001 0.8701923076923077
0 0.3701923076923078 0.8677884615384616 0.3004807692307694 0.8677884615384616 0.3004807692307694 0.9086538461538461 0.3701923076923078 0.9086538461538461
0 0.36057692307692324 0.9375 0.3076923076923078 0.9375 0.3076923076923078 0.9711538461538461 0.36057692307692324 0.9711538461538461
0 0.4254807692307694 0.7740384615384616 0.3629807692307694 0.7740384615384616 0.3629807692307694 0.8125 0.4254807692307694 0.8125
0 0.41105769230769246 0.8798076923076923 0.3629807692307694 0.8798076923076923 0.3629807692307694 0.9158653846153846 0.41105769230769246 0.9158653846153846
0 0.4182692307692309 0.9278846153846154 0.3557692307692309 0.9278846153846154 0.3557692307692309 0.9711538461538461 0.4182692307692309 0.9711538461538461
0 0.4495192307692309 0.9495192307692307 0.4086538461538463 0.9495192307692307 0.4086538461538463 0.9807692307692307 0.4495192307692309 0.9807692307692307
0 0.5264423076923078 0.7596153846153846 0.46634615384615397 0.7596153846153846 0.46634615384615397 0.7980769230769231 0.5264423076923078 0.7980769230769231
0 0.5360576923076924 0.8341346153846154 0.47355769230769246 0.8341346153846154 0.47355769230769246 0.8725961538461539 0.5360576923076924 0.8725961538461539
0 0.5697115384615385 0.7259615384615384 0.512019230769231 0.7259615384615384 0.512019230769231 0.7668269230769231 0.5697115384615385 0.7668269230769231
0 0.543269230769231 0.8918269230769231 0.4759615384615386 0.8918269230769231 0.4759615384615386 0.9375 0.543269230769231 0.9375
0 0.6177884615384616 0.574519230769231 0.574519230769231 0.574519230769231 0.574519230769231 0.605769230769231 0.6177884615384616 0.605769230769231
0 0.6081730769230771 0.6706730769230769 0.5673076923076924 0.6706730769230769 0.5673076923076924 0.6995192307692307 0.6081730769230771 0.6995192307692307
0 0.65625 0.5048076923076924 0.6105769230769231 0.5048076923076924 0.6105769230769231 0.5264423076923078 0.65625 0.5264423076923078
0 0.625 0.6153846153846154 0.5793269230769232 0.6153846153846154 0.5793269230769232 0.6466346153846154 0.625 0.6466346153846154
0 0.6538461538461539 0.5384615384615385 0.6201923076923077 0.5384615384615385 0.6201923076923077 0.560096153846154 0.6538461538461539 0.560096153846154
0 0.6081730769230771 0.8509615384615384 0.5360576923076924 0.8509615384615384 0.5360576923076924 0.8918269230769231 0.6081730769230771 0.8918269230769231
0 0.6658653846153846 0.5697115384615385 0.625 0.5697115384615385 0.625 0.5961538461538463 0.6658653846153846 0.5961538461538463
0 0.591346153846154 0.8894230769230769 0.5528846153846155 0.8894230769230769 0.5528846153846155 0.9230769230769231 0.591346153846154 0.9230769230769231
0 0.7620192307692307 0.25721153846153855 0.7091346153846154 0.25721153846153855 0.7091346153846154 0.29326923076923084 0.7620192307692307 0.29326923076923084
0 0.7163461538461539 0.4399038461538463 0.6802884615384616 0.4399038461538463 0.6802884615384616 0.45913461538461553 0.7163461538461539 0.45913461538461553
0 0.6850961538461539 0.5697115384615385 0.6514423076923077 0.5697115384615385 0.6514423076923077 0.591346153846154 0.6850961538461539 0.591346153846154
0 0.7115384615384616 0.5312500000000001 0.6586538461538461 0.5312500000000001 0.6586538461538461 0.5625000000000001 0.7115384615384616 0.5625000000000001
0 0.6899038461538461 0.5841346153846155 0.65625 0.5841346153846155 0.65625 0.6081730769230771 0.6899038461538461 0.6081730769230771
0 0.7163461538461539 0.5096153846153848 0.6754807692307693 0.5096153846153848 0.6754807692307693 0.5360576923076924 0.7163461538461539 0.5360576923076924
0 0.7283653846153846 0.45192307692307704 0.7019230769230769 0.45192307692307704 0.7019230769230769 0.47355769230769246 0.7283653846153846 0.47355769230769246
0 0.7427884615384616 0.39663461538461553 0.7163461538461539 0.39663461538461553 0.7163461538461539 0.4182692307692309 0.7427884615384616 0.4182692307692309
0 0.6730769230769231 0.7139423076923077 0.6322115384615384 0.7139423076923077 0.6322115384615384 0.7451923076923077 0.6730769230769231 0.7451923076923077
0 0.6995192307692307 0.6129807692307694 0.6610576923076923 0.6129807692307694 0.6610576923076923 0.6418269230769231 0.6995192307692307 0.6418269230769231
0 0.7668269230769231 0.44230769230769246 0.7283653846153846 0.44230769230769246 0.7283653846153846 0.4639423076923078 0.7668269230769231 0.4639423076923078
0 0.7307692307692307 0.5817307692307694 0.6923076923076923 0.5817307692307694 0.6923076923076923 0.6153846153846154 0.7307692307692307 0.6153846153846154
0 0.8653846153846154 0.0937500000000001 0.8245192307692307 0.0937500000000001 0.8245192307692307 0.12259615384615395 0.8653846153846154 0.12259615384615395
0 0.8052884615384616 0.3461538461538463 0.7620192307692307 0.3461538461538463 0.7620192307692307 0.3822115384615386 0.8052884615384616 0.3822115384615386
0 0.8581730769230769 0.13461538461538472 0.8221153846153846 0.13461538461538472 0.8221153846153846 0.16586538461538472 0.8581730769230769 0.16586538461538475
0 0.8149038461538461 0.32692307692307704 0.78125 0.32692307692307704 0.78125 0.3629807692307694 0.8149038461538461 0.3629807692307694
0 0.8701923076923077 0.19711538461538472 0.8269230769230769 0.1971153846153847 0.8269230769230769 0.23317307692307704 0.8701923076923077 0.23317307692307707
0 0.9206730769230769 0.08894230769230779 0.8725961538461539 0.08894230769230779 0.8725961538461539 0.1250000000000001 0.9206730769230769 0.1250000000000001
0 0.8822115384615384 0.24038461538461553 0.8389423076923077 0.24038461538461553 0.8389423076923077 0.2764423076923078 0.8822115384615384 0.2764423076923078
0 0.7836538461538461 0.3245192307692309 0.75 0.3245192307692309 0.75 0.35817307692307704 0.7836538461538461 0.35817307692307704