0 0.9567307692307693 0.3509615384615386 0.9254807692307693 0.3509615384615386 0.9254807692307693 0.4302884615384617 0.9567307692307693 0.4302884615384617
0 0.8004807692307693 0.39663461538461553 0.7620192307692307 0.39663461538461553 0.7620192307692307 0.45913461538461553 0.8004807692307693 0.45913461538461553
0 0.5480769230769231 0.4879807692307692 0.5120192307692307 0.4879807692307692 0.5120192307692307 0.5264423076923077 0.5480769230769231 0.5264423076923077
0 0.8485576923076923 0.4879807692307694 0.8197115384615384 0.4879807692307694 0.8197115384615384 0.5408653846153848 0.8485576923076923 0.5408653846153848
0 1 0.48557692307692324 0.9735576923076923 0.48557692307692324 0.9735576923076923 0.5528846153846155 1 0.5528846153846155
0 0.22355769230769237 0.5865384615384616 0.19951923076923084 0.5865384615384616 0.19951923076923084 0.6153846153846154 0.22355769230769237 0.6153846153846154
0 0.3942307692307694 0.5889423076923077 0.3677884615384617 0.5889423076923077 0.3677884615384617 0.6298076923076923 0.3942307692307694 0.6298076923076923
0 0.32211538461538475 0.6225961538461539 0.3004807692307693 0.6225961538461539 0.3004807692307693 0.6610576923076923 0.32211538461538475 0.6610576923076923
0 0.04567307692307701 0.6466346153846154 0.02163461538461546 0.6466346153846154 0.021634615384615467 0.6899038461538461 0.04567307692307701 0.6899038461538461
0 0.5673076923076924 0.6057692307692308 0.543269230769231 0.6057692307692307 0.543269230769231 0.6418269230769231 0.5673076923076924 0.6418269230769231
0 0.5144230769230771 0.6153846153846154 0.4879807692307694 0.6153846153846154 0.4879807692307694 0.6466346153846154 0.5144230769230771 0.6466346153846154
0 0.4447115384615386 0.625 0.4182692307692309 0.625 0.4182692307692309 0.6706730769230769 0.4447115384615386 0.6706730769230769
0 0.2740384615384616 0.6610576923076923 0.25000000000000006 0.6610576923076923 0.25000000000000006 0.6923076923076923 0.2740384615384616 0.6923076923076923
0 0.5817307692307694 0.6466346153846154 0.5504807692307694 0.6466346153846154 0.5504807692307694 0.6875 0.5817307692307694 0.6875
0 0.06490384615384624 0.7307692307692307 0.03365384615384624 0.7307692307692307 0.03365384615384624 0.7764423076923077 0.06490384615384626 0.7764423076923077
0 0.10336538461538472 0.7692307692307693 0.07692307692307702 0.7692307692307693 0.07692307692307702 0.8004807692307693 0.10336538461538472 0.8004807692307693
0 0.0625000000000001 0.7764423076923077 0.03846153846153856 0.7764423076923077 0.03846153846153856 0.8197115384615384 0.0625000000000001 0.8197115384615384
0 0.15865384615384623 0.7716346153846154 0.13701923076923087 0.7716346153846154 0.13701923076923087 0.8100961538461539 0.15865384615384623 0.8100961538461539