0 0.90625 0.0937500000000001 0.8653846153846154 0.0937500000000001 0.8653846153846154 0.1634615384615386 0.90625 0.1634615384615386
0 0.9014423076923077 0.1730769230769232 0.8605769230769231 0.1730769230769232 0.8605769230769231 0.24278846153846168 0.9014423076923077 0.24278846153846168
0 0.9399038461538461 0.2307692307692309 0.8990384615384616 0.2307692307692309 0.8990384615384616 0.3052884615384617 0.9399038461538461 0.3052884615384617
0 0.9447115384615384 0.27884615384615397 0.90625 0.27884615384615397 0.90625 0.3461538461538463 0.9447115384615384 0.3461538461538463
0 0.8389423076923077 0.4086538461538463 0.7884615384615384 0.4086538461538463 0.7884615384615384 0.47836538461538475 0.8389423076923077 0.47836538461538475
0 0.6778846153846154 0.47836538461538475 0.6370192307692307 0.47836538461538475 0.6370192307692307 0.5144230769230771 0.6778846153846154 0.5144230769230771
0 0.4615384615384617 0.5793269230769231 0.43509615384615397 0.5793269230769231 0.43509615384615397 0.6274038461538461 0.4615384615384617 0.6274038461538461
0 0.7211538461538461 0.5336538461538463 0.6826923076923077 0.5336538461538463 0.6826923076923077 0.5889423076923078 0.7211538461538461 0.5889423076923078
0 0.13942307692307704 0.6995192307692307 0.11298076923076933 0.6995192307692307 0.11298076923076933 0.7475961538461539 0.13942307692307704 0.7475961538461539
0 0.29326923076923084 0.6778846153846154 0.25721153846153855 0.6778846153846154 0.25721153846153855 0.7259615384615384 0.29326923076923084 0.7259615384615384
0 0.8822115384615384 0.5336538461538463 0.84375 0.5336538461538463 0.84375 0.5937500000000001 0.8822115384615384 0.5937500000000001
0 0.2163461538461539 0.7091346153846154 0.18269230769230776 0.7091346153846154 0.18269230769230776 0.7572115384615384 0.2163461538461539 0.7572115384615384
0 0.32932692307692324 0.6850961538461539 0.28846153846153855 0.6850961538461539 0.28846153846153855 0.7475961538461539 0.32932692307692324 0.7475961538461539
0 0.4086538461538463 0.6730769230769231 0.3774038461538463 0.6730769230769231 0.3774038461538463 0.71875 0.4086538461538463 0.71875
0 0.47355769230769246 0.6826923076923077 0.42067307692307704 0.6826923076923077 0.42067307692307704 0.7451923076923077 0.47355769230769246 0.7451923076923077
0 0.1850961538461539 0.78125 0.13942307692307704 0.78125 0.13942307692307704 0.8341346153846154 0.1850961538461539 0.8341346153846154
0 0.26442307692307704 0.7980769230769231 0.21875000000000006 0.7980769230769231 0.2187500000000001 0.8605769230769231 0.26442307692307704 0.8605769230769231