0 0.3557692307692308 0.3557692307692308 0.3052884615384616 0.3557692307692308 0.3052884615384616 0.39663461538461536 0.3557692307692308 0.39663461538461536
0 0.3605769230769231 0.050480769230769273 0.3076923076923077 0.05048076923076927 0.3076923076923077 0.09134615384615388 0.3605769230769231 0.09134615384615388
0 0.4543269230769231 0.34134615384615385 0.40865384615384615 0.34134615384615385 0.40865384615384615 0.38221153846153844 0.4543269230769231 0.38221153846153844
0 0.41586538461538464 0.10336538461538465 0.34615384615384615 0.10336538461538465 0.34615384615384615 0.13942307692307696 0.41586538461538464 0.13942307692307696
0 0.40625 0.08653846153846158 0.3557692307692308 0.08653846153846158 0.3557692307692308 0.12019230769230772 0.40625 0.12019230769230772
0 0.4735576923076923 0.24038461538461545 0.41346153846153844 0.24038461538461545 0.41346153846153844 0.28846153846153855 0.4735576923076923 0.28846153846153855
0 0.5072115384615384 0.3004807692307693 0.44471153846153844 0.3004807692307693 0.44471153846153844 0.3389423076923077 0.5072115384615384 0.3389423076923077
0 0.5120192307692307 0.2596153846153847 0.4519230769230769 0.2596153846153847 0.4519230769230769 0.295673076923077 0.5120192307692307 0.295673076923077
0 0.5216346153846154 0.3125 0.4807692307692308 0.3125 0.4807692307692308 0.34615384615384615 0.5216346153846154 0.34615384615384615
0 0.6971153846153846 0.5625000000000001 0.6394230769230769 0.5625000000000001 0.6394230769230769 0.605769230769231 0.6971153846153846 0.605769230769231
0 0.6923076923076923 0.49759615384615397 0.6370192307692307 0.49759615384615397 0.6370192307692307 0.5504807692307694 0.6923076923076923 0.5504807692307694
0 0.7524038461538461 0.7427884615384616 0.7115384615384616 0.7427884615384616 0.7115384615384616 0.7764423076923077 0.7524038461538461 0.7764423076923077
0 0.033653846153846194 0.25 3.061616997868383e-17 0.25 3.4590384350916826e-17 0.31490384615384615 0.033653846153846194 0.31490384615384615
0 0.8509615384615384 0.8822115384615384 0.8028846153846154 0.8822115384615384 0.8028846153846154 0.9206730769230769 0.8509615384615384 0.9206730769230769
0 0.8725961538461539 0.8197115384615384 0.8197115384615384 0.8197115384615384 0.8197115384615384 0.8509615384615384 0.8725961538461539 0.8509615384615384
0 0.90625 0.8293269230769231 0.8317307692307693 0.8293269230769231 0.8317307692307693 0.875 0.90625 0.875