0 0.5504807692307694 0.9278846153846154 0.4639423076923078 0.9278846153846154 0.4639423076923078 0.9807692307692307 0.5504807692307694 0.9807692307692307
0 0.543269230769231 0.7644230769230769 0.47355769230769246 0.7644230769230769 0.47355769230769246 0.8149038461538461 0.543269230769231 0.8149038461538461
0 0.5096153846153846 0.5072115384615384 0.4639423076923077 0.5072115384615384 0.4639423076923077 0.5504807692307693 0.5096153846153846 0.5504807692307693
0 0.44230769230769246 0.8004807692307693 0.3822115384615386 0.8004807692307693 0.3822115384615386 0.8461538461538461 0.44230769230769246 0.8461538461538461
0 0.4086538461538463 0.9471153846153846 0.3365384615384617 0.9471153846153846 0.3365384615384617 0.9903846153846154 0.4086538461538463 0.9903846153846154
0 0.4831730769230769 0.18269230769230776 0.4495192307692308 0.18269230769230776 0.4495192307692308 0.21153846153846162 0.4831730769230769 0.21153846153846162
0 0.44471153846153844 0.34134615384615385 0.39663461538461536 0.34134615384615385 0.39663461538461536 0.3798076923076923 0.44471153846153844 0.3798076923076923
0 0.4254807692307692 0.2692307692307693 0.38221153846153844 0.2692307692307693 0.38221153846153844 0.29807692307692313 0.4254807692307692 0.29807692307692313
0 0.46634615384615385 5.416706996228678e-17 0.4182692307692308 5.122320746433641e-17 0.4182692307692308 0.024038461538461595 0.46634615384615385 0.0240384615384616
0 0.3894230769230769 0.5096153846153846 0.3485576923076923 0.5096153846153846 0.3485576923076923 0.5408653846153846 0.3894230769230769 0.5408653846153846
0 0.3918269230769231 0.4543269230769231 0.3557692307692308 0.4543269230769231 0.3557692307692308 0.49038461538461536 0.3918269230769231 0.49038461538461536
0 0.39663461538461536 0.38221153846153844 0.3485576923076923 0.38221153846153844 0.3485576923076923 0.4182692307692308 0.39663461538461536 0.4182692307692308
0 0.4014423076923077 0.21153846153846162 0.3629807692307692 0.21153846153846162 0.3629807692307692 0.24519230769230776 0.4014423076923077 0.24519230769230776
0 0.3485576923076923 0.5048076923076923 0.29807692307692313 0.5048076923076923 0.29807692307692313 0.5480769230769231 0.3485576923076923 0.5480769230769231
0 0.3798076923076923 4.342197184476793e-17 0.3293269230769231 4.033091622192004e-17 0.3293269230769231 0.02403846153846158 0.3798076923076923 0.02403846153846158
0 0.33413461538461536 0.01923076923076927 0.2956730769230769 0.019230769230769267 0.2956730769230769 0.05528846153846157 0.33413461538461536 0.05528846153846157
0 0.33413461538461536 3.797582622355976e-17 0.2860576923076923 3.5031963725609385e-17 0.2860576923076923 0.012019230769230808 0.33413461538461536 0.012019230769230812
0 0.31971153846153844 0.07451923076923081 0.2764423076923077 0.07451923076923081 0.2764423076923077 0.10576923076923081 0.31971153846153844 0.10576923076923081