0 0.6682692307692307 0.33413461538461553 0.625 0.33413461538461553 0.625 0.3629807692307694 0.6682692307692307 0.3629807692307694
0 0.6129807692307693 0.03125000000000007 0.5697115384615384 0.03125000000000007 0.5697115384615384 0.06250000000000007 0.6129807692307693 0.06250000000000007
0 0.5649038461538461 0.3341346153846155 0.5264423076923077 0.33413461538461536 0.5264423076923077 0.3653846153846155 0.5649038461538461 0.36538461538461553
0 0.5841346153846154 0.09134615384615391 0.5168269230769231 0.09134615384615391 0.5168269230769231 0.12259615384615391 0.5841346153846154 0.12259615384615391
0 0.5745192307692307 0.07451923076923084 0.5264423076923077 0.07451923076923084 0.5264423076923077 0.10576923076923084 0.5745192307692307 0.10576923076923084
0 0.5456730769230769 0.2379807692307693 0.4855769230769231 0.2379807692307693 0.4855769230769231 0.2788461538461539 0.5456730769230769 0.2788461538461539
0 0.5240384615384616 0.3052884615384616 0.46634615384615385 0.3052884615384616 0.46634615384615385 0.3317307692307692 0.5240384615384616 0.3317307692307692
0 0.5072115384615384 0.264423076923077 0.4495192307692308 0.264423076923077 0.4495192307692308 0.2908653846153847 0.5072115384615384 0.2908653846153847
0 0.49038461538461536 0.31490384615384615 0.4519230769230769 0.31490384615384615 0.4519230769230769 0.34615384615384615 0.49038461538461536 0.34615384615384615
0 0.3774038461538463 0.59375 0.3245192307692309 0.59375 0.3245192307692309 0.6298076923076923 0.3774038461538463 0.6298076923076923
0 0.3653846153846155 0.5288461538461539 0.3173076923076923 0.5288461538461539 0.3173076923076924 0.5745192307692307 0.36538461538461553 0.5745192307692307
0 0.3365384615384617 0.78125 0.3004807692307693 0.78125 0.3004807692307693 0.8100961538461539 0.3365384615384617 0.8100961538461539
0 1 0.1682692307692309 0.9206730769230769 0.1682692307692309 0.9206730769230769 0.22355769230769246 1 0.22355769230769246
0 0.2692307692307694 0.9375 0.2307692307692309 0.9375 0.2307692307692309 0.9639423076923077 0.2692307692307694 0.9639423076923077
0 0.24278846153846168 0.8774038461538461 0.19230769230769246 0.8774038461538461 0.19230769230769246 0.9038461538461539 0.24278846153846168 0.9038461538461539
0 0.23317307692307707 0.8966346153846154 0.1634615384615386 0.8966346153846154 0.1634615384615386 0.9254807692307693 0.23317307692307707 0.9254807692307693