0 0.9951923076923077 0.3870192307692309 0.9543269230769231 0.3870192307692309 0.9543269230769231 0.45432692307692324 0.9951923076923077 0.45432692307692324
0 1 0.45432692307692324 0.9567307692307693 0.45432692307692324 0.9567307692307693 0.528846153846154 1 0.528846153846154
0 0.9831730769230769 0.5000000000000001 0.9447115384615384 0.5000000000000001 0.9447115384615384 0.5697115384615385 0.9831730769230769 0.5697115384615385
0 0.8293269230769231 0.5625000000000001 0.7788461538461539 0.5625000000000001 0.7788461538461539 0.6322115384615384 0.8293269230769231 0.6322115384615384
0 0.6610576923076923 0.5552884615384617 0.6177884615384616 0.5552884615384617 0.6177884615384616 0.5889423076923078 0.6610576923076923 0.5889423076923078
0 0.41826923076923084 0.5408653846153846 0.3918269230769231 0.5408653846153846 0.39182692307692313 0.5889423076923077 0.4182692307692309 0.5889423076923077
0 0.6682692307692307 0.6225961538461539 0.6298076923076923 0.6225961538461539 0.6298076923076923 0.6778846153846154 0.6682692307692307 0.6778846153846154
0 0.07932692307692314 0.49759615384615385 0.052884615384615453 0.49759615384615385 0.052884615384615453 0.5456730769230769 0.07932692307692314 0.5456730769230769
0 0.22596153846153852 0.5480769230769231 0.18750000000000006 0.5480769230769231 0.18750000000000006 0.5961538461538461 0.22596153846153852 0.5961538461538461
0 0.8100961538461539 0.6971153846153846 0.7716346153846154 0.6971153846153846 0.7716346153846154 0.7548076923076923 0.8100961538461539 0.7548076923076923
0 0.1442307692307693 0.5408653846153846 0.108173076923077 0.5408653846153846 0.108173076923077 0.5889423076923077 0.1442307692307693 0.5889423076923077
0 0.25000000000000006 0.5697115384615384 0.20913461538461545 0.5697115384615384 0.20913461538461545 0.6322115384615384 0.25000000000000006 0.6322115384615384
0 0.3317307692307694 0.6009615384615384 0.29807692307692313 0.6009615384615384 0.29807692307692313 0.6466346153846154 0.3317307692307694 0.6466346153846154
0 0.37980769230769246 0.6322115384615384 0.32692307692307704 0.6322115384615384 0.32692307692307704 0.6947115384615384 0.37980769230769246 0.6947115384615384
0 0.07932692307692314 0.5865384615384616 0.03365384615384622 0.5865384615384616 0.03365384615384623 0.6394230769230769 0.07932692307692314 0.6394230769230769
0 0.139423076923077 0.6370192307692307 0.09375000000000007 0.6370192307692307 0.09375000000000008 0.6995192307692307 0.13942307692307704 0.6995192307692307