0 0.6538461538461539 0.3197115384615386 0.6225961538461539 0.3197115384615386 0.6225961538461539 0.36538461538461553 0.6538461538461539 0.36538461538461553
0 0.9591346153846154 0.34855769230769246 0.9278846153846154 0.34855769230769246 0.9278846153846154 0.39663461538461553 0.9591346153846154 0.39663461538461553
0 0.6610576923076923 0.42307692307692324 0.6274038461538461 0.42307692307692324 0.6274038461538461 0.4639423076923078 0.6610576923076923 0.4639423076923078
0 0.9038461538461539 0.3822115384615386 0.8725961538461539 0.3822115384615386 0.8725961538461539 0.4495192307692309 0.9038461538461539 0.4495192307692309
0 0.9182692307692307 0.39182692307692324 0.8918269230769231 0.39182692307692324 0.8918269230769231 0.4399038461538463 0.9182692307692307 0.4399038461538463
0 0.7596153846153846 0.43509615384615397 0.71875 0.43509615384615397 0.71875 0.4927884615384617 0.7596153846153846 0.4927884615384617
0 0.6971153846153846 0.4615384615384617 0.6682692307692307 0.4615384615384617 0.6682692307692307 0.5192307692307694 0.6971153846153846 0.5192307692307694
0 0.7355769230769231 0.47355769230769246 0.7115384615384616 0.47355769230769246 0.7115384615384616 0.528846153846154 0.7355769230769231 0.528846153846154
0 0.6850961538461539 0.4951923076923078 0.65625 0.4951923076923078 0.65625 0.5336538461538463 0.6850961538461539 0.5336538461538463
0 0.42307692307692324 0.6322115384615384 0.38461538461538475 0.6322115384615384 0.38461538461538475 0.6875 0.42307692307692324 0.6875
0 0.48557692307692324 0.6394230769230769 0.4399038461538463 0.6394230769230769 0.4399038461538463 0.6875 0.48557692307692324 0.6875
0 0.23557692307692316 0.6875 0.2067307692307693 0.6875 0.2067307692307693 0.7259615384615384 0.23557692307692316 0.7259615384615384
0 0.7884615384615384 9.302605493523162e-17 0.7307692307692307 8.94934199376912e-17 0.7307692307692307 0.05048076923076932 0.7884615384615384 0.050480769230769336
0 0.08653846153846165 0.7692307692307693 0.05769230769230779 0.7692307692307693 0.05769230769230779 0.8125 0.08653846153846165 0.8125
0 0.14903846153846165 0.7908653846153846 0.12259615384615395 0.7908653846153846 0.12259615384615395 0.8413461538461539 0.14903846153846165 0.8413461538461539
0 0.13461538461538472 0.8004807692307693 0.10096153846153856 0.8004807692307693 0.10096153846153856 0.8725961538461539 0.13461538461538472 0.8725961538461539