0 0.35817307692307704 0.9134615384615384 0.2764423076923078 0.9134615384615384 0.2764423076923078 0.9759615384615384 0.35817307692307704 0.9759615384615384
0 0.4254807692307694 0.9326923076923077 0.3389423076923078 0.9326923076923077 0.3389423076923078 0.9951923076923077 0.4254807692307694 0.9951923076923077
0 0.4687500000000001 0.9326923076923077 0.38942307692307704 0.9326923076923077 0.38942307692307704 0.9903846153846154 0.4687500000000001 0.9903846153846154
0 0.5649038461538463 0.7860576923076923 0.48557692307692324 0.7860576923076923 0.48557692307692324 0.8533653846153846 0.5649038461538463 0.8533653846153846
0 0.5625000000000001 0.6274038461538461 0.5168269230769232 0.6274038461538461 0.5168269230769232 0.6802884615384616 0.5625000000000001 0.6802884615384616
0 0.6105769230769231 0.4038461538461539 0.5576923076923077 0.40384615384615385 0.5576923076923077 0.4423076923076924 0.6105769230769231 0.44230769230769246
0 0.6442307692307693 0.6514423076923077 0.5793269230769232 0.6514423076923077 0.5793269230769232 0.7067307692307693 0.6442307692307693 0.7067307692307693
0 0.6466346153846154 0.06250000000000008 0.59375 0.06250000000000007 0.59375 0.10336538461538468 0.6466346153846154 0.10336538461538468
0 0.6658653846153846 0.2067307692307693 0.6081730769230769 0.2067307692307693 0.6081730769230769 0.25721153846153855 0.6658653846153846 0.25721153846153855
0 0.6899038461538461 0.8052884615384616 0.6225961538461539 0.8052884615384616 0.6225961538461539 0.8605769230769231 0.6899038461538461 0.8605769230769231
0 0.6754807692307693 0.12740384615384623 0.6201923076923077 0.12740384615384623 0.6201923076923077 0.17307692307692316 0.6754807692307693 0.17307692307692316
0 0.6971153846153846 0.2283653846153847 0.6225961538461539 0.2283653846153847 0.6225961538461539 0.2908653846153847 0.6971153846153846 0.2908653846153847
0 0.6875 0.32692307692307704 0.6370192307692307 0.32692307692307704 0.6370192307692307 0.3701923076923078 0.6875 0.3701923076923078
0 0.7307692307692307 0.36057692307692324 0.65625 0.36057692307692324 0.65625 0.42788461538461553 0.7307692307692307 0.42788461538461553
0 0.7451923076923077 0.06250000000000008 0.6778846153846154 0.06250000000000008 0.6778846153846154 0.12500000000000008 0.7451923076923077 0.1250000000000001
0 0.7884615384615384 0.1298076923076924 0.7115384615384616 0.1298076923076924 0.7115384615384616 0.1971153846153847 0.7884615384615384 0.1971153846153847