0 0.9663461538461539 0.7980769230769231 0.8894230769230769 0.7980769230769231 0.8894230769230769 0.8509615384615384 0.9663461538461539 0.8509615384615384
0 0.8870192307692307 0.8052884615384616 0.8125 0.8052884615384616 0.8125 0.8581730769230769 0.8870192307692307 0.8581730769230769
0 0.8389423076923077 0.8485576923076923 0.7548076923076923 0.8485576923076923 0.7548076923076923 0.90625 0.8389423076923077 0.90625
0 0.7884615384615384 0.8653846153846154 0.7139423076923077 0.8653846153846154 0.7139423076923077 0.9158653846153846 0.7884615384615384 0.9158653846153846
0 0.6442307692307693 0.7692307692307693 0.5649038461538463 0.7692307692307693 0.5649038461538463 0.8341346153846154 0.6442307692307693 0.8341346153846154
0 0.5480769230769232 0.6322115384615384 0.5072115384615385 0.6322115384615384 0.5072115384615385 0.6778846153846154 0.5480769230769232 0.6778846153846154
0 0.4182692307692308 0.44711538461538464 0.36538461538461536 0.44711538461538464 0.36538461538461536 0.4831730769230769 0.4182692307692308 0.4831730769230769
0 0.5024038461538463 0.6850961538461539 0.44230769230769246 0.6850961538461539 0.44230769230769246 0.7307692307692307 0.5024038461538463 0.7307692307692307
0 0.24759615384615385 0.14903846153846156 0.19471153846153846 0.14903846153846156 0.19471153846153846 0.18509615384615385 0.24759615384615385 0.18509615384615385
0 0.29326923076923084 0.2884615384615385 0.24038461538461545 0.28846153846153844 0.24038461538461545 0.33413461538461536 0.29326923076923084 0.33413461538461536
0 0.528846153846154 0.8413461538461539 0.4615384615384617 0.8413461538461539 0.4615384615384617 0.8942307692307693 0.528846153846154 0.8942307692307693
0 0.25 0.21875 0.1971153846153846 0.21875 0.1971153846153846 0.2620192307692308 0.25 0.2620192307692308
0 0.2908653846153847 0.3173076923076923 0.22355769230769237 0.3173076923076923 0.22355769230769237 0.3701923076923077 0.2908653846153847 0.3701923076923077
0 0.31490384615384615 0.40625 0.26682692307692313 0.40625 0.26682692307692313 0.44471153846153844 0.31490384615384615 0.44471153846153844
0 0.31971153846153844 0.4495192307692308 0.24519230769230776 0.4495192307692308 0.24519230769230776 0.5144230769230769 0.31971153846153844 0.5144230769230769
0 0.17548076923076922 0.1875 0.11298076923076926 0.1875 0.11298076923076926 0.24278846153846154 0.17548076923076922 0.24278846153846154
0 0.17067307692307696 0.2668269230769231 0.10096153846153849 0.2668269230769231 0.10096153846153849 0.3245192307692308 0.17067307692307698 0.3245192307692308