0 0.9807692307692307 0.1634615384615386 0.9014423076923077 0.1634615384615386 0.9014423076923077 0.22115384615384628 0.9807692307692307 0.22115384615384628
0 0.8990384615384616 0.15384615384615394 0.8197115384615384 0.1538461538461539 0.8197115384615384 0.21153846153846165 0.8990384615384616 0.21153846153846168
0 0.8485576923076923 0.10576923076923087 0.7692307692307693 0.10576923076923087 0.7692307692307693 0.15865384615384626 0.8485576923076923 0.15865384615384628
0 0.8052884615384616 0.08894230769230779 0.7259615384615384 0.08894230769230779 0.7259615384615384 0.14663461538461547 0.8052884615384616 0.14663461538461547
0 0.65625 0.17067307692307698 0.5745192307692307 0.17067307692307698 0.5745192307692307 0.2379807692307693 0.65625 0.2379807692307693
0 0.5576923076923077 0.32211538461538464 0.5120192307692307 0.32211538461538464 0.5120192307692307 0.37259615384615385 0.5576923076923077 0.37259615384615385
0 0.4182692307692308 0.5120192307692307 0.3629807692307692 0.5120192307692307 0.3629807692307692 0.5552884615384616 0.4182692307692308 0.5552884615384616
0 0.5120192307692307 0.264423076923077 0.44711538461538464 0.264423076923077 0.44711538461538464 0.3173076923076923 0.5120192307692307 0.3173076923076923
0 0.23557692307692318 0.8076923076923077 0.18269230769230776 0.8076923076923077 0.1826923076923078 0.84375 0.2355769230769232 0.84375
0 0.28846153846153855 0.6586538461538461 0.2283653846153847 0.6586538461538461 0.2283653846153847 0.7091346153846154 0.28846153846153855 0.7091346153846154
0 0.5408653846153846 0.10576923076923084 0.47115384615384615 0.10576923076923084 0.47115384615384615 0.16105769230769237 0.5408653846153846 0.16105769230769237
0 0.24038461538461545 0.7283653846153846 0.18750000000000006 0.7283653846153846 0.18750000000000006 0.7740384615384616 0.24038461538461545 0.7740384615384616
0 0.2860576923076924 0.6201923076923077 0.2163461538461539 0.6201923076923077 0.2163461538461539 0.6754807692307693 0.2860576923076924 0.6754807692307693
0 0.3149038461538462 0.5456730769230769 0.26201923076923084 0.5456730769230769 0.26201923076923084 0.5913461538461539 0.3149038461538463 0.5913461538461539
0 0.31971153846153844 0.47836538461538464 0.24519230769230776 0.47836538461538464 0.24519230769230776 0.5456730769230769 0.31971153846153844 0.5456730769230769
0 0.1658653846153847 0.7427884615384616 0.10096153846153856 0.7427884615384616 0.10096153846153856 0.8028846153846154 0.1658653846153847 0.8028846153846154
0 0.1658653846153847 0.6610576923076923 0.09134615384615391 0.6610576923076923 0.09134615384615394 0.7235576923076923 0.1658653846153847 0.7235576923076923