0 0.3389423076923077 0.36538461538461536 0.3052884615384616 0.36538461538461536 0.3052884615384616 0.40865384615384615 0.3389423076923077 0.40865384615384615
0 0.0552884615384616 0.47596153846153844 0.021634615384615443 0.47596153846153844 0.02163461538461545 0.5240384615384616 0.055288461538461606 0.5240384615384616
0 0.3629807692307692 0.4639423076923077 0.3293269230769231 0.4639423076923077 0.3293269230769231 0.5072115384615384 0.3629807692307692 0.5072115384615384
0 0.12019230769230776 0.49278846153846156 0.08894230769230776 0.49278846153846156 0.08894230769230776 0.5600961538461539 0.12019230769230776 0.5600961538461539
0 0.10096153846153853 0.5072115384615384 0.07451923076923084 0.5072115384615384 0.07451923076923084 0.5528846153846154 0.10096153846153853 0.5528846153846154
0 0.28125000000000006 0.5024038461538461 0.24038461538461545 0.5024038461538461 0.24038461538461545 0.5600961538461539 0.28125000000000006 0.5600961538461539
0 0.3341346153846155 0.5120192307692307 0.31009615384615385 0.5120192307692307 0.3100961538461539 0.5697115384615384 0.33413461538461553 0.5697115384615384
0 0.3004807692307693 0.5360576923076923 0.2740384615384616 0.5360576923076923 0.2740384615384616 0.59375 0.3004807692307693 0.59375
0 0.35576923076923084 0.5432692307692307 0.3245192307692308 0.5432692307692307 0.32451923076923084 0.5817307692307693 0.3557692307692309 0.5817307692307693
0 0.6610576923076923 0.5985576923076924 0.6177884615384616 0.5985576923076924 0.6177884615384616 0.65625 0.6610576923076923 0.65625
0 0.6009615384615385 0.625 0.5576923076923078 0.625 0.5576923076923078 0.6682692307692307 0.6009615384615385 0.6682692307692307
0 0.8389423076923077 0.6033653846153848 0.8100961538461539 0.6033653846153848 0.8100961538461539 0.6418269230769231 0.8389423076923077 0.6418269230769231
0 0.14423076923076925 0.06250000000000001 0.08653846153846154 0.06250000000000001 0.08653846153846155 0.14423076923076925 0.14423076923076927 0.14423076923076927
0 1 0.6370192307692307 0.9783653846153846 0.6370192307692307 0.9783653846153846 0.6802884615384616 1 0.6802884615384616
0 0.9495192307692307 0.6778846153846154 0.9230769230769231 0.6778846153846154 0.9230769230769231 0.7307692307692307 0.9495192307692307 0.7307692307692307
0 0.9783653846153846 0.6826923076923077 0.9447115384615384 0.6826923076923077 0.9447115384615384 0.7548076923076923 0.9783653846153846 0.7548076923076923