0 0.6947115384615384 0.36538461538461553 0.6634615384615384 0.36538461538461553 0.6634615384615384 0.4086538461538463 0.6947115384615384 0.4086538461538463
0 0.9759615384615384 0.4759615384615386 0.9471153846153846 0.4759615384615386 0.9471153846153846 0.5216346153846155 0.9759615384615384 0.5216346153846155
0 0.6706730769230769 0.4639423076923078 0.6394230769230769 0.4639423076923078 0.6394230769230769 0.5048076923076924 0.6706730769230769 0.5048076923076924
0 0.9086538461538461 0.4927884615384617 0.8822115384615384 0.4927884615384617 0.8822115384615384 0.560096153846154 0.9086538461538461 0.560096153846154
0 0.9254807692307693 0.5072115384615385 0.8990384615384616 0.5072115384615385 0.8990384615384616 0.5528846153846155 0.9254807692307693 0.5528846153846155
0 0.7596153846153846 0.5024038461538463 0.7211538461538461 0.5024038461538463 0.7211538461538461 0.5576923076923078 0.7596153846153846 0.5576923076923078
0 0.6923076923076923 0.512019230769231 0.6682692307692307 0.512019230769231 0.6682692307692307 0.5697115384615385 0.6923076923076923 0.5697115384615385
0 0.7259615384615384 0.5360576923076924 0.7043269230769231 0.5360576923076924 0.7043269230769231 0.591346153846154 0.7259615384615384 0.591346153846154
0 0.6754807692307693 0.543269230769231 0.6466346153846154 0.543269230769231 0.6466346153846154 0.5793269230769232 0.6754807692307693 0.5793269230769232
0 0.37980769230769246 0.5985576923076923 0.3437500000000001 0.5985576923076923 0.3437500000000001 0.6538461538461539 0.37980769230769246 0.6538461538461539
0 0.44230769230769246 0.625 0.3990384615384617 0.625 0.3990384615384617 0.6706730769230769 0.44230769230769246 0.6706730769230769
0 0.18990384615384623 0.6033653846153846 0.16346153846153852 0.6033653846153846 0.16346153846153852 0.6394230769230769 0.18990384615384623 0.6394230769230769
0 0.9134615384615384 0.06250000000000011 0.8605769230769231 0.0625000000000001 0.8605769230769231 0.14182692307692318 0.9134615384615384 0.14182692307692318
0 0.021634615384615467 0.6394230769230769 7.830674244547979e-17 0.6394230769230769 8.080902556873762e-17 0.6802884615384616 0.02163461538461547 0.6802884615384616
0 0.07692307692307701 0.6778846153846154 0.050480769230769315 0.6778846153846154 0.050480769230769315 0.7307692307692307 0.07692307692307702 0.7307692307692307
0 0.05528846153846163 0.6826923076923077 0.024038461538461623 0.6826923076923077 0.024038461538461627 0.7548076923076923 0.05528846153846163 0.7548076923076923