0 0.9519230769230769 0.32211538461538475 0.9134615384615384 0.32211538461538475 0.9134615384615384 0.4014423076923078 0.9519230769230769 0.4014423076923078
0 0.7956730769230769 0.37980769230769246 0.7524038461538461 0.37980769230769246 0.7524038461538461 0.44230769230769246 0.7956730769230769 0.44230769230769246
0 0.5504807692307693 0.4855769230769231 0.5120192307692307 0.4855769230769231 0.5120192307692307 0.5264423076923077 0.5504807692307693 0.5264423076923077
0 0.8509615384615384 0.4639423076923078 0.8173076923076923 0.4639423076923078 0.8173076923076923 0.5192307692307694 0.8509615384615384 0.5192307692307694
0 1 0.4495192307692309 0.9735576923076923 0.4495192307692309 0.9735576923076923 0.5192307692307694 1 0.5192307692307694
0 0.23076923076923084 0.6057692307692307 0.2067307692307693 0.6057692307692307 0.2067307692307693 0.6346153846153846 0.23076923076923084 0.6346153846153846
0 0.40384615384615397 0.5985576923076923 0.3750000000000001 0.5985576923076923 0.3750000000000001 0.6394230769230769 0.40384615384615397 0.6394230769230769
0 0.33413461538461553 0.6322115384615384 0.3125000000000001 0.6322115384615384 0.3125000000000001 0.6730769230769231 0.33413461538461553 0.6730769230769231
0 0.05769230769230778 0.6778846153846154 0.03125000000000008 0.6778846153846154 0.03125000000000008 0.7211538461538461 0.05769230769230778 0.7211538461538461
0 0.574519230769231 0.6033653846153847 0.5504807692307694 0.6033653846153846 0.5504807692307694 0.6394230769230769 0.574519230769231 0.6394230769230769
0 0.5240384615384617 0.6153846153846154 0.4951923076923078 0.6153846153846154 0.4951923076923078 0.6466346153846154 0.5240384615384617 0.6466346153846154
0 0.4567307692307694 0.6274038461538461 0.4254807692307694 0.6274038461538461 0.4254807692307694 0.6730769230769231 0.4567307692307694 0.6730769230769231
0 0.28846153846153855 0.6754807692307693 0.26201923076923084 0.6754807692307693 0.26201923076923084 0.7067307692307693 0.28846153846153855 0.7067307692307693
0 0.5937500000000001 0.6418269230769231 0.560096153846154 0.6418269230769231 0.560096153846154 0.6826923076923077 0.5937500000000001 0.6826923076923077
0 0.08413461538461549 0.7620192307692307 0.05288461538461547 0.7620192307692307 0.05288461538461548 0.8076923076923077 0.08413461538461549 0.8076923076923077
0 0.1250000000000001 0.7980769230769231 0.09855769230769242 0.7980769230769231 0.09855769230769242 0.8293269230769231 0.1250000000000001 0.8293269230769231
0 0.08413461538461549 0.8052884615384616 0.05769230769230779 0.8052884615384616 0.05769230769230779 0.8485576923076923 0.08413461538461549 0.8485576923076923
0 0.18028846153846162 0.7932692307692307 0.15625000000000006 0.7932692307692307 0.15625000000000006 0.8341346153846154 0.18028846153846162 0.8341346153846154