0 0.07211538461538468 0.4423076923076923 0.021634615384615436 0.4423076923076923 0.021634615384615443 0.5264423076923077 0.07211538461538468 0.5264423076923077
0 0.24038461538461545 0.4519230769230769 0.1850961538461539 0.4519230769230769 0.1850961538461539 0.5240384615384616 0.24038461538461545 0.5240384615384616
0 0.4951923076923077 0.49038461538461536 0.4495192307692308 0.49038461538461536 0.4495192307692308 0.5360576923076923 0.4951923076923077 0.5360576923076923
0 0.19951923076923084 0.5552884615384616 0.15625000000000006 0.5552884615384616 0.15625000000000006 0.6129807692307693 0.19951923076923084 0.6129807692307693
0 0.05048076923076931 0.5817307692307693 0.007211538461538532 0.5817307692307693 0.007211538461538537 0.65625 0.050480769230769315 0.65625
0 0.8173076923076923 0.5216346153846155 0.7884615384615384 0.5216346153846155 0.7884615384615384 0.5552884615384617 0.8173076923076923 0.5552884615384617
0 0.6586538461538461 0.5576923076923078 0.6225961538461539 0.5576923076923078 0.6225961538461539 0.605769230769231 0.6586538461538461 0.605769230769231
0 0.7307692307692307 0.5793269230769232 0.6995192307692307 0.5793269230769232 0.6995192307692307 0.6225961538461539 0.7307692307692307 0.6225961538461539
0 1 0.5408653846153848 0.9735576923076923 0.5408653846153848 0.9735576923076923 0.5889423076923078 1 0.5889423076923078
0 0.49038461538461553 0.6105769230769231 0.4567307692307694 0.6105769230769231 0.4567307692307694 0.6538461538461539 0.49038461538461553 0.6538461538461539
0 0.5456730769230771 0.6105769230769231 0.5096153846153848 0.6105769230769231 0.5096153846153848 0.6490384615384616 0.5456730769230771 0.6490384615384616
0 0.6177884615384616 0.6033653846153848 0.5769230769230771 0.6033653846153848 0.5769230769230771 0.6538461538461539 0.6177884615384616 0.6538461538461539
0 0.7860576923076923 0.6033653846153848 0.7548076923076923 0.6033653846153848 0.7548076923076923 0.6418269230769231 0.7860576923076923 0.6418269230769231
0 0.49038461538461553 0.6514423076923077 0.4495192307692309 0.6514423076923077 0.4495192307692309 0.7019230769230769 0.49038461538461553 0.7019230769230769
0 1 0.6274038461538461 0.9735576923076923 0.6274038461538461 0.9735576923076923 0.6778846153846154 1 0.6778846153846154
0 0.9759615384615384 0.6754807692307693 0.9447115384615384 0.6754807692307693 0.9447115384615384 0.7115384615384616 0.9759615384615384 0.7115384615384616
0 1 0.6730769230769231 0.9831730769230769 0.6730769230769231 0.9831730769230769 0.7211538461538461 1 0.7211538461538461
0 0.9230769230769231 0.6899038461538461 0.8918269230769231 0.6899038461538461 0.8918269230769231 0.7331730769230769 0.9230769230769231 0.7331730769230769