0 0.9158653846153846 0.20913461538461553 0.8509615384615384 0.20913461538461553 0.8509615384615384 0.3004807692307694 0.9158653846153846 0.3004807692307694
0 0.7740384615384616 0.3052884615384616 0.7091346153846154 0.3052884615384616 0.7091346153846154 0.3822115384615386 0.7740384615384616 0.3822115384615386
0 0.5552884615384616 0.47115384615384615 0.5072115384615384 0.47115384615384615 0.5072115384615384 0.5240384615384616 0.5552884615384616 0.5240384615384616
0 0.8461538461538461 0.37259615384615397 0.7932692307692307 0.37259615384615397 0.7932692307692307 0.4375000000000001 0.8461538461538461 0.4375000000000001
0 0.9879807692307693 0.32211538461538475 0.9423076923076923 0.32211538461538475 0.9423076923076923 0.3942307692307694 0.9879807692307693 0.3942307692307694
0 0.27644230769230776 0.6730769230769231 0.24519230769230776 0.6730769230769231 0.24519230769230776 0.7067307692307693 0.27644230769230776 0.7067307692307693
0 0.4447115384615386 0.6177884615384616 0.40384615384615397 0.6177884615384616 0.40384615384615397 0.6682692307692307 0.4447115384615386 0.6682692307692307
0 0.3822115384615386 0.6730769230769231 0.35336538461538475 0.6730769230769231 0.35336538461538475 0.7163461538461539 0.3822115384615386 0.7163461538461539
0 0.13221153846153857 0.7836538461538461 0.09134615384615395 0.7836538461538461 0.09134615384615395 0.8365384615384616 0.13221153846153857 0.8365384615384616
0 0.6105769230769232 0.5793269230769232 0.574519230769231 0.5793269230769232 0.574519230769231 0.6225961538461539 0.6105769230769232 0.6225961538461539
0 0.5625000000000001 0.6033653846153847 0.5240384615384617 0.6033653846153846 0.5240384615384617 0.6442307692307693 0.5625000000000001 0.6442307692307693
0 0.5048076923076924 0.6322115384615384 0.45913461538461553 0.6322115384615384 0.45913461538461553 0.6875 0.5048076923076924 0.6875
0 0.3509615384615386 0.7235576923076923 0.31730769230769246 0.7235576923076923 0.31730769230769246 0.7620192307692307 0.3509615384615386 0.7620192307692307
0 0.6394230769230769 0.6129807692307694 0.5937500000000001 0.6129807692307694 0.5937500000000001 0.6634615384615384 0.6394230769230769 0.6634615384615384
0 0.18269230769230782 0.8605769230769231 0.13461538461538472 0.8605769230769231 0.13461538461538472 0.9158653846153846 0.18269230769230782 0.9158653846153846
0 0.22355769230769246 0.8870192307692307 0.18990384615384628 0.8870192307692307 0.18990384615384628 0.9230769230769231 0.22355769230769246 0.9230769230769231
0 0.18990384615384628 0.9038461538461539 0.1514423076923078 0.9038461538461539 0.1514423076923078 0.9519230769230769 0.18990384615384628 0.9519230769230769
0 0.27884615384615397 0.8653846153846154 0.24278846153846168 0.8653846153846154 0.24278846153846168 0.9134615384615384 0.27884615384615397 0.9134615384615384