0 0.6706730769230769 0.3389423076923078 0.6442307692307693 0.3389423076923078 0.6442307692307693 0.3822115384615386 0.6706730769230769 0.3822115384615386
0 0.9711538461538461 0.40384615384615397 0.9423076923076923 0.40384615384615397 0.9423076923076923 0.4495192307692309 0.9711538461538461 0.4495192307692309
0 0.6658653846153846 0.44230769230769246 0.6370192307692307 0.44230769230769246 0.6370192307692307 0.4807692307692309 0.6658653846153846 0.4807692307692309
0 0.9086538461538461 0.4302884615384617 0.8822115384615384 0.4302884615384617 0.8822115384615384 0.4951923076923078 0.9086538461538461 0.4951923076923078
0 0.9230769230769231 0.4399038461538463 0.9014423076923077 0.4399038461538463 0.9014423076923077 0.4879807692307694 0.9230769230769231 0.4879807692307694
0 0.7596153846153846 0.46634615384615397 0.7259615384615384 0.46634615384615397 0.7259615384615384 0.5216346153846155 0.7596153846153846 0.5216346153846155
0 0.6923076923076923 0.48317307692307704 0.6706730769230769 0.48317307692307704 0.6706730769230769 0.5408653846153848 0.6923076923076923 0.5408653846153848
0 0.7331730769230769 0.5024038461538463 0.7139423076923077 0.5024038461538463 0.7139423076923077 0.5576923076923078 0.7331730769230769 0.5576923076923078
0 0.6826923076923077 0.5168269230769232 0.65625 0.5168269230769232 0.65625 0.5528846153846155 0.6826923076923077 0.5528846153846155
0 0.3990384615384617 0.6201923076923077 0.3677884615384617 0.6201923076923077 0.3677884615384617 0.6730769230769231 0.3990384615384617 0.6730769230769231
0 0.4639423076923078 0.6346153846153846 0.42307692307692324 0.6346153846153846 0.42307692307692324 0.6778846153846154 0.4639423076923078 0.6778846153846154
0 0.21394230769230776 0.6538461538461539 0.18750000000000006 0.6538461538461539 0.18750000000000006 0.6875 0.21394230769230776 0.6875
0 0.84375 0.009615384615384717 0.7956730769230769 0.009615384615384713 0.7956730769230769 0.08653846153846165 0.84375 0.08653846153846165
0 0.05288461538461547 0.7163461538461539 0.02884615384615393 0.7163461538461539 0.028846153846153934 0.7572115384615384 0.05288461538461547 0.7572115384615384
0 0.11057692307692318 0.7451923076923077 0.08894230769230779 0.7451923076923077 0.08894230769230779 0.7956730769230769 0.11057692307692318 0.7956730769230769
0 0.0937500000000001 0.7524038461538461 0.06730769230769239 0.7524038461538461 0.0673076923076924 0.8221153846153846 0.0937500000000001 0.8221153846153846