0 0.8966346153846154 0.33413461538461553 0.8725961538461539 0.33413461538461553 0.8725961538461539 0.3750000000000001 0.8966346153846154 0.3750000000000001
0 0.9254807692307693 0.37259615384615397 0.8942307692307693 0.37259615384615397 0.8942307692307693 0.4375000000000001 0.9254807692307693 0.4375000000000001
0 0.9879807692307693 0.39182692307692324 0.9639423076923077 0.39182692307692324 0.9639423076923077 0.4399038461538463 0.9879807692307693 0.4399038461538463
0 0.8197115384615384 0.42067307692307704 0.7956730769230769 0.42067307692307704 0.7956730769230769 0.4759615384615386 0.8197115384615384 0.4759615384615386
0 0.9230769230769231 0.43509615384615397 0.8966346153846154 0.43509615384615397 0.8966346153846154 0.47836538461538475 0.9230769230769231 0.47836538461538475
0 0.9759615384615384 0.4399038461538463 0.9495192307692307 0.4399038461538463 0.9495192307692307 0.4951923076923078 0.9759615384615384 0.4951923076923078
0 0.9807692307692307 0.4927884615384617 0.9591346153846154 0.4927884615384617 0.9591346153846154 0.528846153846154 0.9807692307692307 0.528846153846154
0 0.7884615384615384 0.5168269230769232 0.7596153846153846 0.5168269230769232 0.7596153846153846 0.5721153846153848 0.7884615384615384 0.5721153846153848
0 0.8605769230769231 0.5360576923076924 0.8341346153846154 0.5360576923076924 0.8341346153846154 0.5937500000000001 0.8605769230769231 0.5937500000000001
0 0.7524038461538461 0.5552884615384617 0.7211538461538461 0.5552884615384617 0.7211538461538461 0.6081730769230771 0.7524038461538461 0.6081730769230771
0 0.9206730769230769 0.5504807692307694 0.8894230769230769 0.5504807692307694 0.8894230769230769 0.6129807692307694 0.9206730769230769 0.6129807692307694
0 0.5841346153846155 0.591346153846154 0.5625000000000001 0.591346153846154 0.5625000000000001 0.6322115384615384 0.5841346153846155 0.6322115384615384
0 0.6778846153846154 0.6009615384615385 0.65625 0.6009615384615385 0.65625 0.6370192307692307 0.6778846153846154 0.6370192307692307
0 0.5000000000000001 0.6129807692307693 0.48557692307692324 0.6129807692307693 0.48557692307692324 0.6538461538461539 0.5000000000000001 0.6538461538461539
0 0.6225961538461539 0.6033653846153848 0.6009615384615385 0.6033653846153848 0.6009615384615385 0.6442307692307693 0.6225961538461539 0.6442307692307693
0 0.5336538461538463 0.6274038461538461 0.5168269230769232 0.6274038461538461 0.5168269230769232 0.65625 0.5336538461538463 0.65625
0 0.8677884615384616 0.6009615384615385 0.8413461538461539 0.6009615384615385 0.8413461538461539 0.6682692307692307 0.8677884615384616 0.6682692307692307
0 0.5649038461538463 0.6394230769230769 0.5480769230769232 0.6394230769230769 0.5480769230769232 0.6754807692307693 0.5649038461538463 0.6754807692307693
0 0.9014423076923077 0.625 0.8725961538461539 0.625 0.8725961538461539 0.6586538461538461 0.9014423076923077 0.6586538461538461
0 0.25000000000000006 0.6706730769230769 0.22596153846153852 0.6706730769230769 0.22596153846153852 0.7163461538461539 0.25000000000000006 0.7163461538461539
0 0.42307692307692324 0.6682692307692307 0.4086538461538463 0.6682692307692307 0.4086538461538463 0.7043269230769231 0.42307692307692324 0.7043269230769231
0 0.5576923076923078 0.6634615384615384 0.543269230769231 0.6634615384615384 0.543269230769231 0.6947115384615384 0.5576923076923078 0.6947115384615384
0 0.5264423076923078 0.6634615384615384 0.5048076923076924 0.6634615384615384 0.5048076923076924 0.7139423076923077 0.5264423076923078 0.7139423076923077
0 0.574519230769231 0.6730769230769231 0.5576923076923078 0.6730769230769231 0.5576923076923078 0.7043269230769231 0.574519230769231 0.7043269230769231
0 0.49759615384615397 0.6778846153846154 0.47836538461538475 0.6778846153846154 0.47836538461538475 0.7163461538461539 0.49759615384615397 0.7163461538461539
0 0.43509615384615397 0.6923076923076923 0.4182692307692309 0.6923076923076923 0.4182692307692309 0.7163461538461539 0.43509615384615397 0.7163461538461539
0 0.3774038461538463 0.6971153846153846 0.36057692307692324 0.6971153846153846 0.36057692307692324 0.7235576923076923 0.3774038461538463 0.7235576923076923
0 0.7115384615384616 0.6706730769230769 0.6850961538461539 0.6706730769230769 0.6850961538461539 0.7067307692307693 0.7115384615384616 0.7067307692307693
0 0.6033653846153848 0.6850961538461539 0.5817307692307694 0.6850961538461539 0.5817307692307694 0.7163461538461539 0.6033653846153848 0.7163461538461539
0 0.4182692307692309 0.7163461538461539 0.40384615384615397 0.7163461538461539 0.40384615384615397 0.7524038461538461 0.4182692307692309 0.7524038461538461
0 0.5721153846153848 0.7091346153846154 0.5480769230769232 0.7091346153846154 0.5480769230769232 0.7403846153846154 0.5721153846153848 0.7403846153846154
0 0.06490384615384624 0.7548076923076923 0.04326923076923085 0.7548076923076923 0.043269230769230865 0.7884615384615384 0.06490384615384626 0.7884615384615384
0 0.32932692307692324 0.7379807692307693 0.3028846153846155 0.7379807692307693 0.3028846153846155 0.7740384615384616 0.32932692307692324 0.7740384615384616
0 0.10817307692307702 0.7572115384615384 0.08173076923076933 0.7572115384615384 0.08173076923076933 0.7884615384615384 0.10817307692307702 0.7884615384615384
0 0.31009615384615397 0.7524038461538461 0.2788461538461539 0.7524038461538461 0.2788461538461539 0.78125 0.31009615384615397 0.78125
0 0.17307692307692316 0.7764423076923077 0.14663461538461547 0.7764423076923077 0.14663461538461547 0.8125 0.17307692307692316 0.8125
0 0.05769230769230779 0.8004807692307693 0.03365384615384625 0.8004807692307693 0.03365384615384625 0.84375 0.05769230769230779 0.84375
0 0.21394230769230776 0.7956730769230769 0.1850961538461539 0.7956730769230769 0.1850961538461539 0.8341346153846154 0.21394230769230776 0.8341346153846154
0 0.31009615384615397 0.7235576923076923 0.2836538461538462 0.7235576923076923 0.2836538461538462 0.75 0.31009615384615397 0.75