0 0.7115384615384616 0.05528846153846161 0.6274038461538461 0.055288461538461606 0.6274038461538461 0.1033653846153847 0.7115384615384616 0.10336538461538472
0 0.6418269230769231 0.20913461538461545 0.5769230769230769 0.20913461538461545 0.5769230769230769 0.25721153846153855 0.6418269230769231 0.25721153846153855
0 0.5192307692307693 0.4495192307692308 0.4735576923076923 0.4495192307692308 0.4735576923076923 0.49038461538461536 0.5192307692307693 0.49038461538461536
0 0.5625 0.14663461538461545 0.5024038461538461 0.14663461538461545 0.5024038461538461 0.18750000000000006 0.5625 0.18750000000000006
0 0.5889423076923077 6.756164432796096e-17 0.5144230769230769 6.299865745613789e-17 0.5144230769230769 0.036057692307692374 0.5889423076923077 0.036057692307692374
0 0.3774038461538463 0.7572115384615384 0.3461538461538463 0.7572115384615384 0.3461538461538463 0.7860576923076923 0.3774038461538463 0.7860576923076923
0 0.3990384615384617 0.5865384615384616 0.35336538461538475 0.5865384615384616 0.35336538461538475 0.6201923076923077 0.3990384615384617 0.6201923076923077
0 0.35817307692307704 0.6538461538461539 0.3125000000000001 0.6538461538461539 0.3125000000000001 0.6802884615384616 0.35817307692307704 0.6802884615384616
0 0.2932692307692309 0.9254807692307693 0.247596153846154 0.9254807692307693 0.247596153846154 0.9567307692307693 0.2932692307692309 0.9567307692307693
0 0.40384615384615385 0.41586538461538464 0.3629807692307692 0.41586538461538464 0.3629807692307692 0.44471153846153844 0.40384615384615385 0.44471153846153844
0 0.3870192307692308 0.46634615384615385 0.35336538461538464 0.46634615384615385 0.35336538461538464 0.49759615384615385 0.3870192307692308 0.49759615384615385
0 0.3725961538461539 0.5288461538461539 0.32211538461538464 0.5288461538461539 0.3221153846153847 0.5673076923076923 0.37259615384615397 0.5673076923076923
0 0.3125000000000001 0.6947115384615384 0.27644230769230776 0.6947115384615384 0.27644230769230776 0.7259615384615384 0.3125000000000001 0.7259615384615384
0 0.36538461538461536 0.3942307692307692 0.32211538461538464 0.3942307692307692 0.32211538461538464 0.4326923076923077 0.36538461538461536 0.4326923076923077
0 0.21153846153846168 0.8942307692307693 0.16105769230769246 0.8942307692307693 0.16105769230769246 0.9302884615384616 0.21153846153846168 0.9302884615384616
0 0.17788461538461553 0.8509615384615384 0.14182692307692318 0.8509615384615384 0.14182692307692318 0.8822115384615384 0.17788461538461553 0.8822115384615384
0 0.1682692307692309 0.8894230769230769 0.12259615384615395 0.8894230769230769 0.12259615384615395 0.9206730769230769 0.1682692307692309 0.9206730769230769
0 0.18750000000000006 0.7956730769230769 0.14182692307692318 0.7956730769230769 0.14182692307692318 0.8245192307692307 0.18750000000000006 0.8245192307692307