0 0.6322115384615384 0.6634615384615384 0.5841346153846155 0.6634615384615384 0.5841346153846155 0.6995192307692307 0.6322115384615384 0.6995192307692307
0 0.5096153846153848 0.9447115384615384 0.4615384615384617 0.9447115384615384 0.4615384615384617 0.9807692307692307 0.5096153846153848 0.9807692307692307
0 0.5312500000000001 0.6370192307692307 0.4879807692307694 0.6370192307692307 0.4879807692307694 0.6754807692307693 0.5312500000000001 0.6754807692307693
0 0.49759615384615397 0.875 0.4254807692307694 0.875 0.4254807692307694 0.9182692307692307 0.49759615384615397 0.9182692307692307
0 0.48317307692307704 0.8918269230769231 0.4302884615384617 0.8918269230769231 0.4302884615384617 0.9278846153846154 0.48317307692307704 0.9278846153846154
0 0.49038461538461553 0.7163461538461539 0.4302884615384617 0.7163461538461539 0.4302884615384617 0.7620192307692307 0.49038461538461553 0.7620192307692307
0 0.48557692307692324 0.6586538461538461 0.42307692307692324 0.6586538461538461 0.42307692307692324 0.6947115384615384 0.48557692307692324 0.6947115384615384
0 0.45913461538461553 0.6971153846153846 0.3990384615384617 0.6971153846153846 0.3990384615384617 0.7307692307692307 0.45913461538461553 0.7307692307692307
0 0.45432692307692324 0.6442307692307693 0.4134615384615386 0.6442307692307693 0.4134615384615386 0.6778846153846154 0.45432692307692324 0.6778846153846154
0 0.4110576923076923 0.33413461538461536 0.3485576923076923 0.33413461538461536 0.3485576923076923 0.38221153846153844 0.4110576923076923 0.38221153846153844
0 0.38461538461538464 0.3894230769230769 0.3293269230769231 0.3894230769230769 0.3293269230769231 0.4423076923076923 0.38461538461538464 0.4423076923076923
0 0.40865384615384615 0.15865384615384623 0.3701923076923077 0.15865384615384623 0.3701923076923077 0.18750000000000006 0.40865384615384615 0.18750000000000006
0 0.9254807692307693 0.8677884615384616 0.8413461538461539 0.8677884615384616 0.8413461538461539 0.9326923076923077 0.9254807692307693 0.9326923076923077
0 0.37740384615384615 4.342197184476793e-17 0.3317307692307692 4.0625302471715086e-17 0.3317307692307692 0.021634615384615426 0.37740384615384615 0.021634615384615426
0 0.3389423076923077 0.0384615384615385 0.28365384615384615 0.0384615384615385 0.28365384615384615 0.07211538461538465 0.3389423076923077 0.07211538461538465
0 0.33653846153846156 0.014423076923076962 0.2620192307692308 0.014423076923076957 0.2620192307692308 0.05288461538461542 0.33653846153846156 0.05288461538461542