0 0.4375 0.2908653846153847 0.3894230769230769 0.2908653846153847 0.3894230769230769 0.3269230769230769 0.4375 0.3269230769230769
0 0.5865384615384616 0.02644230769230776 0.5384615384615384 0.02644230769230776 0.5384615384615384 0.06250000000000007 0.5865384615384616 0.06250000000000007
0 0.5288461538461539 0.3269230769230769 0.4831730769230769 0.3269230769230769 0.4831730769230769 0.3629807692307692 0.5288461538461539 0.3629807692307692
0 0.6177884615384616 0.09134615384615391 0.5456730769230769 0.09134615384615391 0.5456730769230769 0.13221153846153852 0.6177884615384616 0.13221153846153852
0 0.6129807692307693 0.076923076923077 0.5600961538461539 0.076923076923077 0.5600961538461539 0.11538461538461545 0.6129807692307693 0.11538461538461545
0 0.5961538461538461 0.24038461538461545 0.5336538461538461 0.24038461538461545 0.5336538461538461 0.2908653846153847 0.5961538461538461 0.2908653846153847
0 0.59375 0.31250000000000006 0.5336538461538461 0.3125 0.5336538461538461 0.34375000000000006 0.59375 0.3437500000000001
0 0.6225961538461539 0.28125000000000006 0.5625 0.28125000000000006 0.5625 0.3149038461538463 0.6225961538461539 0.3149038461538463
0 0.6057692307692307 0.3317307692307694 0.5625 0.3317307692307694 0.5625 0.3677884615384617 0.6057692307692307 0.3677884615384617
0 0.6370192307692307 0.6322115384615384 0.5769230769230771 0.6322115384615384 0.5769230769230771 0.6754807692307693 0.6370192307692307 0.6754807692307693
0 0.6586538461538461 0.574519230769231 0.6105769230769232 0.574519230769231 0.6105769230769232 0.6225961538461539 0.6586538461538461 0.6225961538461539
0 0.5961538461538463 0.8221153846153846 0.5576923076923078 0.8221153846153846 0.5576923076923078 0.8533653846153846 0.5961538461538463 0.8533653846153846
0 0.20432692307692307 0.02884615384615387 0.11538461538461539 0.02884615384615386 0.11538461538461539 0.09615384615384617 0.20432692307692307 0.09615384615384619
0 0.6105769230769232 0.9927884615384616 0.5649038461538463 0.9927884615384616 0.5649038461538463 1 0.6105769230769232 1
0 0.6706730769230769 0.9423076923076923 0.6153846153846154 0.9423076923076923 0.6153846153846154 0.9783653846153846 0.6706730769230769 0.9783653846153846
0 0.6899038461538461 0.9639423076923077 0.6129807692307694 0.9639423076923077 0.6129807692307694 1 0.6899038461538461 1