0 0.875 0.27884615384615397 0.8461538461538461 0.27884615384615397 0.8461538461538461 0.32211538461538475 0.875 0.32211538461538475
0 0.9110576923076923 0.31730769230769246 0.8725961538461539 0.31730769230769246 0.8725961538461539 0.3822115384615386 0.9110576923076923 0.3822115384615386
0 0.9759615384615384 0.3245192307692309 0.9447115384615384 0.3245192307692309 0.9447115384615384 0.3750000000000001 0.9759615384615384 0.3750000000000001
0 0.8149038461538461 0.3774038461538463 0.78125 0.3774038461538463 0.78125 0.43509615384615397 0.8149038461538461 0.43509615384615397
0 0.9158653846153846 0.3774038461538463 0.8846153846153846 0.3774038461538463 0.8846153846153846 0.42307692307692324 0.9158653846153846 0.42307692307692324
0 0.96875 0.3750000000000001 0.9350961538461539 0.3750000000000001 0.9350961538461539 0.4326923076923078 0.96875 0.4326923076923078
0 0.9783653846153846 0.4254807692307694 0.9519230769230769 0.4254807692307694 0.9519230769230769 0.4639423076923078 0.9783653846153846 0.4639423076923078
0 0.7932692307692307 0.47836538461538475 0.7596153846153846 0.47836538461538475 0.7596153846153846 0.5360576923076924 0.7932692307692307 0.5360576923076924
0 0.8677884615384616 0.4879807692307694 0.8341346153846154 0.4879807692307694 0.8341346153846154 0.5456730769230771 0.8677884615384616 0.5456730769230771
0 0.7644230769230769 0.5216346153846155 0.7259615384615384 0.5216346153846155 0.7259615384615384 0.5769230769230771 0.7644230769230769 0.5769230769230771
0 0.9302884615384616 0.49038461538461553 0.8942307692307693 0.49038461538461553 0.8942307692307693 0.5576923076923078 0.9302884615384616 0.5576923076923078
0 0.6009615384615385 0.5793269230769232 0.5721153846153848 0.5793269230769232 0.5721153846153848 0.6225961538461539 0.6009615384615385 0.6225961538461539
0 0.6947115384615384 0.574519230769231 0.6682692307692307 0.574519230769231 0.6682692307692307 0.6129807692307694 0.6947115384615384 0.6129807692307694
0 0.5192307692307694 0.6105769230769231 0.5000000000000001 0.6105769230769231 0.5000000000000001 0.6538461538461539 0.5192307692307694 0.6538461538461539
0 0.6418269230769231 0.5865384615384617 0.6153846153846154 0.5865384615384617 0.6153846153846154 0.6274038461538461 0.6418269230769231 0.6274038461538461
0 0.5528846153846155 0.6201923076923077 0.5336538461538463 0.6201923076923077 0.5336538461538463 0.6514423076923077 0.5528846153846155 0.6514423076923077
0 0.8870192307692307 0.5504807692307694 0.8509615384615384 0.5504807692307694 0.8509615384615384 0.6201923076923077 0.8870192307692307 0.6201923076923077
0 0.5889423076923078 0.6298076923076923 0.5673076923076924 0.6298076923076923 0.5673076923076924 0.6658653846153846 0.5889423076923078 0.6658653846153846
0 0.9182692307692307 0.5697115384615385 0.8870192307692307 0.5697115384615385 0.8870192307692307 0.605769230769231 0.9182692307692307 0.605769230769231
0 0.28125000000000006 0.7043269230769231 0.2524038461538462 0.7043269230769231 0.2524038461538462 0.7548076923076923 0.28125000000000006 0.7548076923076923
0 0.45432692307692324 0.6778846153846154 0.4326923076923078 0.6778846153846154 0.4326923076923078 0.7139423076923077 0.45432692307692324 0.7139423076923077
0 0.5841346153846155 0.6538461538461539 0.5649038461538463 0.6538461538461539 0.5649038461538463 0.6875 0.5841346153846155 0.6875
0 0.5528846153846155 0.6586538461538461 0.5240384615384617 0.6586538461538461 0.5240384615384617 0.7115384615384616 0.5528846153846155 0.7115384615384616
0 0.6009615384615385 0.6610576923076923 0.5793269230769232 0.6610576923076923 0.5793269230769232 0.6947115384615384 0.6009615384615385 0.6947115384615384
0 0.528846153846154 0.6778846153846154 0.5024038461538463 0.6778846153846154 0.5024038461538463 0.7163461538461539 0.528846153846154 0.7163461538461539
0 0.4639423076923078 0.6995192307692307 0.4447115384615386 0.6995192307692307 0.4447115384615386 0.7259615384615384 0.4639423076923078 0.7259615384615384
0 0.4086538461538463 0.7115384615384616 0.38942307692307704 0.7115384615384616 0.38942307692307704 0.7379807692307693 0.4086538461538463 0.7379807692307693
0 0.7379807692307693 0.6394230769230769 0.7067307692307693 0.6394230769230769 0.7067307692307693 0.6778846153846154 0.7379807692307693 0.6778846153846154
0 0.6322115384615384 0.6682692307692307 0.6081730769230771 0.6682692307692307 0.6081730769230771 0.7019230769230769 0.6322115384615384 0.7019230769230769
0 0.45432692307692324 0.7259615384615384 0.4326923076923078 0.7259615384615384 0.4326923076923078 0.7644230769230769 0.45432692307692324 0.7644230769230769
0 0.6033653846153848 0.6995192307692307 0.5769230769230771 0.6995192307692307 0.5769230769230771 0.7307692307692307 0.6033653846153848 0.7307692307692307
0 0.10817307692307702 0.8125 0.08173076923076933 0.8125 0.08173076923076933 0.8509615384615384 0.10817307692307702 0.8509615384615384
0 0.3677884615384617 0.7620192307692307 0.3389423076923078 0.7620192307692307 0.3389423076923078 0.7980769230769231 0.3677884615384617 0.7980769230769231
0 0.1514423076923078 0.8100961538461539 0.12259615384615395 0.8100961538461539 0.12259615384615395 0.84375 0.1514423076923078 0.84375
0 0.3509615384615386 0.7740384615384616 0.31730769230769246 0.7740384615384616 0.31730769230769246 0.8076923076923077 0.3509615384615386 0.8076923076923077
0 0.2187500000000001 0.8197115384615384 0.18750000000000006 0.8197115384615384 0.1875000000000001 0.8581730769230769 0.21875000000000014 0.8581730769230769
0 0.10817307692307702 0.8581730769230769 0.07932692307692318 0.8581730769230769 0.07932692307692318 0.9038461538461539 0.10817307692307702 0.9038461538461539
0 0.26442307692307704 0.8317307692307693 0.2283653846153847 0.8317307692307693 0.22836538461538472 0.8725961538461539 0.26442307692307704 0.8725961538461539
0 0.3461538461538463 0.7451923076923077 0.3197115384615386 0.7451923076923077 0.3197115384615386 0.7740384615384616 0.3461538461538463 0.7740384615384616