0 0.1658653846153846 0.04086538461538463 0.11538461538461539 0.04086538461538463 0.11538461538461539 0.08653846153846155 0.1658653846153846 0.08653846153846158
0 0.71875 0.8076923076923077 0.5504807692307694 0.8076923076923077 0.5504807692307694 0.9350961538461539 0.71875 0.9350961538461539
0 0.8052884615384616 0.23557692307692316 0.6274038461538461 0.23557692307692316 0.6274038461538461 0.34134615384615397 0.8052884615384616 0.34134615384615397
0 0.6754807692307693 0.75 0.37259615384615397 0.75 0.37259615384615397 1 0.6754807692307693 1
0 0.7403846153846154 0.14423076923076933 0.5408653846153846 0.1442307692307693 0.5408653846153846 0.28125000000000006 0.7403846153846154 0.28125000000000006
0 0.6177884615384616 0.6057692307692308 0.4326923076923078 0.6057692307692307 0.4326923076923078 0.7307692307692307 0.6177884615384616 0.7307692307692307
0 0.6466346153846154 0.07451923076923084 0.45913461538461536 0.07451923076923082 0.45913461538461536 0.18990384615384623 0.6466346153846154 0.18990384615384623
0 0.41105769230769246 0.6033653846153846 0.35336538461538475 0.6033653846153846 0.35336538461538475 0.6586538461538461 0.41105769230769246 0.6586538461538461
0 0.3870192307692308 0.4423076923076923 0.32211538461538464 0.4423076923076923 0.32211538461538464 0.4951923076923077 0.3870192307692308 0.4951923076923077
0 0.32211538461538475 0.8269230769230769 0.20913461538461545 0.8269230769230769 0.20913461538461547 0.9278846153846154 0.32211538461538475 0.9278846153846154
0 1 0.4687500000000001 0.8533653846153846 0.4687500000000001 0.8533653846153846 0.5865384615384617 1 0.5865384615384617
0 0.2716346153846155 0.6899038461538461 0.1850961538461539 0.6899038461538461 0.1850961538461539 0.7548076923076923 0.2716346153846155 0.7548076923076923
0 0.31490384615384615 0.295673076923077 0.28846153846153855 0.295673076923077 0.28846153846153855 0.3245192307692308 0.31490384615384615 0.3245192307692308
0 0.11057692307692318 0.7331730769230769 0.04567307692307701 0.7331730769230769 0.04567307692307702 0.7836538461538461 0.11057692307692318 0.7836538461538461
0 0.8990384615384616 0.9278846153846154 0.7211538461538461 0.9278846153846154 0.7211538461538461 1 0.8990384615384616 1