0 0.19951923076923084 0.5144230769230769 6.299865745613789e-17 0.5144230769230769 7.241901744957906e-17 0.6682692307692307 0.19951923076923084 0.6682692307692307
0 0.3894230769230769 0.34134615384615385 0.07932692307692311 0.34134615384615385 0.07932692307692313 0.5288461538461539 0.3894230769230769 0.5288461538461539
0 0.5144230769230769 0.2548076923076924 0.3004807692307692 0.2548076923076924 0.3004807692307693 0.3894230769230769 0.5144230769230769 0.3894230769230769
0 0.4735576923076923 0.42788461538461536 0.3870192307692308 0.42788461538461536 0.3870192307692308 0.5096153846153846 0.4735576923076923 0.5096153846153846
0 0.5240384615384617 0.7956730769230769 0.32692307692307704 0.7956730769230769 0.32692307692307704 0.9230769230769231 0.5240384615384617 0.9230769230769231
0 0.5432692307692307 0.46634615384615385 0.4543269230769231 0.46634615384615385 0.4543269230769231 0.5288461538461539 0.5432692307692307 0.5288461538461539
0 0.7019230769230769 0.7427884615384616 0.6538461538461539 0.7427884615384616 0.6538461538461539 0.7836538461538461 0.7019230769230769 0.7836538461538461
0 0.7475961538461539 0.2716346153846155 0.6923076923076923 0.2716346153846155 0.6923076923076923 0.3149038461538463 0.7475961538461539 0.3149038461538463
0 0.17307692307692307 0.08653846153846155 0.04086538461538463 0.08653846153846154 0.040865384615384644 0.22115384615384615 0.17307692307692307 0.22115384615384615
0 0.8533653846153846 0.04086538461538472 0.7884615384615384 0.04086538461538472 0.7884615384615384 0.09134615384615395 0.8533653846153846 0.09134615384615395
0 0.8942307692307693 0.7884615384615384 0.8389423076923077 0.7884615384615384 0.8389423076923077 0.8509615384615384 0.8942307692307693 0.8509615384615384