0 0.14903846153846165 0.9014423076923077 0.09855769230769242 0.9014423076923077 0.09855769230769242 0.9471153846153846 0.14903846153846165 0.9471153846153846
0 0.7307692307692307 0.07451923076923085 0.5649038461538461 0.07451923076923084 0.5649038461538461 0.19471153846153852 0.7307692307692307 0.19471153846153852
0 0.8004807692307693 0.6658653846153846 0.6201923076923077 0.6658653846153846 0.6201923076923077 0.7740384615384616 0.8004807692307693 0.7740384615384616
0 0.6899038461538461 6.594251995408825e-17 0.3870192307692308 4.739618621700093e-17 0.3870192307692308 0.25000000000000006 0.6899038461538461 0.25000000000000006
0 0.7283653846153846 0.7307692307692307 0.5336538461538463 0.7307692307692307 0.5336538461538463 0.8557692307692307 0.7283653846153846 0.8557692307692307
0 0.6225961538461539 0.27644230769230776 0.43990384615384615 0.27644230769230776 0.43990384615384615 0.39182692307692313 0.6225961538461539 0.39182692307692324
0 0.6370192307692307 0.8052884615384616 0.4447115384615386 0.8052884615384616 0.4447115384615386 0.9326923076923077 0.6370192307692307 0.9326923076923077
0 0.41586538461538464 0.33653846153846156 0.3581730769230769 0.33653846153846156 0.3581730769230769 0.3942307692307692 0.41586538461538464 0.3942307692307692
0 0.3870192307692308 0.5024038461538461 0.32211538461538464 0.5024038461538461 0.32211538461538464 0.5528846153846154 0.3870192307692308 0.5528846153846154
0 0.33413461538461536 0.06971153846153849 0.22596153846153846 0.06971153846153849 0.22596153846153846 0.1634615384615385 0.33413461538461536 0.16346153846153852
0 1 0.42307692307692324 0.8509615384615384 0.42307692307692324 0.8509615384615384 0.5480769230769232 1 0.5480769230769232
0 0.27884615384615385 0.23798076923076922 0.18990384615384615 0.23798076923076922 0.1899038461538462 0.30528846153846156 0.2788461538461539 0.30528846153846156
0 0.31009615384615397 0.6682692307692307 0.2836538461538462 0.6682692307692307 0.2836538461538462 0.6971153846153846 0.31009615384615397 0.6971153846153846
0 0.12019230769230772 0.20192307692307693 0.05528846153846156 0.20192307692307693 0.055288461538461564 0.25240384615384615 0.12019230769230772 0.25240384615384615
0 0.9134615384615384 1.0112167680459515e-16 0.7379807692307693 9.03765786870763e-17 0.7379807692307693 0.07932692307692318 0.9134615384615384 0.07932692307692318