0 0.7211538461538461 0.02163461538461546 0.5288461538461539 0.021634615384615453 0.5288461538461539 0.2740384615384616 0.7211538461538461 0.2740384615384616
0 0.43509615384615385 0.3052884615384616 0.34134615384615385 0.3052884615384616 0.34134615384615385 0.43509615384615385 0.43509615384615385 0.43509615384615385
0 0.33653846153846156 0.3894230769230769 0.24038461538461545 0.3894230769230769 0.24038461538461545 0.5048076923076923 0.33653846153846156 0.5048076923076923
0 0.7572115384615384 0.2596153846153847 0.5288461538461539 0.2596153846153847 0.5288461538461539 0.5240384615384616 0.7572115384615384 0.5240384615384617
0 0.6225961538461539 0.3846153846153847 0.5024038461538461 0.38461538461538464 0.5024038461538461 0.5360576923076924 0.6225961538461539 0.5360576923076924
0 0.2860576923076924 0.625 0.15144230769230776 0.625 0.15144230769230776 0.8173076923076923 0.2860576923076924 0.8173076923076923
0 0.8509615384615384 0.4447115384615386 0.7740384615384616 0.4447115384615386 0.7740384615384616 0.5456730769230771 0.8509615384615384 0.5456730769230771
0 0.8076923076923077 0.574519230769231 0.6875 0.574519230769231 0.6875 0.7043269230769231 0.8076923076923077 0.7043269230769231
0 0.2043269230769232 0.8677884615384616 0.11778846153846165 0.8677884615384616 0.11778846153846165 0.9711538461538461 0.2043269230769232 0.9711538461538461
0 0.8341346153846154 9.302605493523162e-17 0.6850961538461539 8.390008119158549e-17 0.6850961538461539 0.0312500000000001 0.8341346153846154 0.031250000000000104
0 0.6225961538461539 0.4278846153846155 0.5456730769230769 0.42788461538461536 0.5456730769230769 0.5312500000000001 0.6225961538461539 0.5312500000000001