0 0.17067307692307693 0.18509615384615385 0.09855769230769235 0.18509615384615385 0.09855769230769235 0.25961538461538464 0.17067307692307693 0.25961538461538464
0 0.8942307692307693 0.7379807692307693 0.591346153846154 0.7379807692307693 0.591346153846154 0.9543269230769231 0.8942307692307693 0.9543269230769231
0 0.9014423076923077 0.3389423076923078 0.6995192307692307 0.3389423076923078 0.6995192307692307 0.5024038461538463 0.9014423076923077 0.5024038461538463
0 0.8197115384615384 0.2163461538461539 0.5120192307692307 0.2163461538461539 0.5120192307692307 0.43750000000000006 0.8197115384615384 0.4375000000000001
0 0.38942307692307704 0.75 0.2067307692307693 0.75 0.20673076923076933 0.8822115384615384 0.38942307692307704 0.8822115384615384
0 0.6682692307692307 0.09134615384615391 0.5240384615384616 0.09134615384615391 0.5240384615384616 0.21394230769230776 0.6682692307692307 0.21394230769230776
0 0.6009615384615384 6.829760995244854e-17 0.5144230769230769 6.299865745613789e-17 0.5144230769230769 0.03365384615384622 0.6009615384615384 0.03365384615384623
0 0.5673076923076923 0.028846153846153903 0.33653846153846156 0.02884615384615389 0.33653846153846156 0.23076923076923084 0.5673076923076923 0.23076923076923084
0 0.3317307692307692 0.34615384615384615 0.17788461538461545 0.34615384615384615 0.17788461538461545 0.47115384615384615 0.3317307692307692 0.47115384615384615
0 0.22355769230769237 0.45913461538461536 0.06971153846153852 0.45913461538461536 0.06971153846153852 0.5985576923076923 0.22355769230769237 0.5985576923076923
0 0.9855769230769231 0.5793269230769232 0.8004807692307693 0.5793269230769232 0.8004807692307693 0.71875 0.9855769230769231 0.71875