0 0.591346153846154 0.9375 0.5360576923076924 0.9375 0.5360576923076924 1 0.591346153846154 1
0 0.24038461538461553 0.8822115384615384 0.1995192307692309 0.8822115384615384 0.1995192307692309 0.9447115384615384 0.24038461538461553 0.9447115384615384
0 0.7740384615384616 0.11538461538461547 0.6754807692307693 0.11538461538461545 0.6754807692307693 0.29326923076923084 0.7740384615384616 0.29326923076923084
0 0.3557692307692308 3.429599810112179e-17 0.20432692307692307 2.502283123257813e-17 0.20432692307692307 0.2620192307692308 0.3557692307692308 0.26201923076923084
0 0.11778846153846155 0.0985576923076923 0.05528846153846156 0.0985576923076923 0.055288461538461564 0.2283653846153846 0.11778846153846158 0.2283653846153846
0 0.18028846153846154 0.19471153846153846 0.10576923076923081 0.19471153846153846 0.10576923076923081 0.27884615384615385 0.18028846153846154 0.27884615384615385
0 0.7019230769230769 0.33413461538461553 0.6274038461538461 0.33413461538461553 0.6274038461538461 0.45432692307692324 0.7019230769230769 0.45432692307692324
0 0.18750000000000003 0.19951923076923078 0.012019230769230794 0.19951923076923078 0.012019230769230808 0.42788461538461536 0.18750000000000006 0.42788461538461536
0 0.9927884615384616 0.543269230769231 0.9543269230769231 0.543269230769231 0.9543269230769231 0.5817307692307694 0.9927884615384616 0.5817307692307694
0 0.6298076923076923 0.47355769230769246 0.5673076923076923 0.47355769230769246 0.5673076923076923 0.5408653846153848 0.6298076923076923 0.5408653846153848
0 0.6466346153846154 0.47596153846153855 0.5528846153846154 0.47596153846153844 0.5528846153846154 0.6057692307692308 0.6466346153846154 0.605769230769231
0 0.43750000000000006 0.46153846153846156 0.3629807692307692 0.46153846153846156 0.3629807692307693 0.5793269230769231 0.4375000000000001 0.5793269230769231
0 0.9350961538461539 0.6298076923076923 0.8413461538461539 0.6298076923076923 0.8413461538461539 0.7716346153846154 0.9350961538461539 0.7716346153846154
0 0.18028846153846162 0.5480769230769231 0.12019230769230776 0.5480769230769231 0.12019230769230776 0.6370192307692307 0.18028846153846162 0.6370192307692307
0 0.8533653846153846 0.7355769230769231 0.8100961538461539 0.7355769230769231 0.8100961538461539 0.7908653846153846 0.8533653846153846 0.7908653846153846
0 0.6514423076923077 7.241901744957905e-17 0.53125 6.505936120470313e-17 0.53125 0.15865384615384623 0.6514423076923077 0.15865384615384623
0 0.4447115384615386 0.7307692307692307 0.3701923076923078 0.7307692307692307 0.3701923076923078 0.8028846153846154 0.4447115384615386 0.8028846153846154
0 0.5336538461538463 0.8245192307692307 0.5000000000000001 0.8245192307692307 0.5000000000000001 0.8557692307692307 0.5336538461538463 0.8557692307692307
0 0.375 0.004807692307692345 0.21875 0.004807692307692336 0.21875 0.20913461538461542 0.375 0.20913461538461545