0 1 0.8942307692307693 0.9326923076923077 0.8942307692307693 0.9326923076923077 0.9831730769230769 1 0.9831730769230769
0 0.28605769230769235 0.12980769230769235 0.1971153846153846 0.12980769230769235 0.19711538461538464 0.33413461538461536 0.2860576923076924 0.33413461538461536
0 0.5697115384615384 0.2788461538461539 0.5216346153846154 0.2788461538461539 0.5216346153846154 0.389423076923077 0.5697115384615384 0.38942307692307704
0 0.6971153846153846 0.31730769230769246 0.6418269230769231 0.31730769230769246 0.6418269230769231 0.4086538461538463 0.6971153846153846 0.4086538461538463
0 0.3990384615384616 0.3557692307692308 0.2548076923076924 0.3557692307692308 0.2548076923076924 0.5625 0.3990384615384617 0.5625
0 0.46634615384615385 0.42788461538461536 0.3870192307692308 0.42788461538461536 0.3870192307692308 0.5576923076923077 0.46634615384615385 0.5576923076923077
0 0.8846153846153846 0.5000000000000001 0.8149038461538461 0.5000000000000001 0.8149038461538461 0.6658653846153846 0.8846153846153846 0.6658653846153846
0 0.2379807692307693 0.5841346153846154 0.19230769230769237 0.5841346153846154 0.19230769230769237 0.6682692307692307 0.2379807692307693 0.6682692307692307
0 0.3750000000000001 0.6826923076923077 0.29326923076923084 0.6826923076923077 0.29326923076923084 0.7764423076923077 0.3750000000000001 0.7764423076923077
0 1 0.6923076923076923 0.9591346153846154 0.6923076923076923 0.9591346153846154 0.7764423076923077 1 0.7764423076923077
0 0.08653846153846155 0.014423076923076927 1.766317498770221e-18 0.014423076923076924 1.133387061710892e-17 0.17067307692307693 0.08653846153846158 0.17067307692307693
0 0.4350961538461539 0.47115384615384615 0.39663461538461536 0.47115384615384615 0.3966346153846155 0.5600961538461539 0.43509615384615397 0.5600961538461539