0 0.7980769230769231 0.96875 0.7596153846153846 0.96875 0.7596153846153846 1 0.7980769230769231 1
0 0.2524038461538462 0.1658653846153846 0.14663461538461542 0.1658653846153846 0.14663461538461542 0.32211538461538464 0.2524038461538462 0.32211538461538464
0 0.8125 0.2908653846153847 0.7379807692307693 0.2908653846153847 0.7379807692307693 0.4567307692307694 0.8125 0.4567307692307694
0 0.2692307692307693 0.20192307692307693 0.024038461538461564 0.20192307692307693 0.02403846153846158 0.47596153846153844 0.2692307692307693 0.47596153846153844
0 0.875 0.37980769230769246 0.7644230769230769 0.37980769230769246 0.7644230769230769 0.5673076923076924 0.875 0.5673076923076924
0 0.39663461538461536 0.33413461538461536 0.3076923076923077 0.33413461538461536 0.3076923076923077 0.5048076923076923 0.39663461538461536 0.5048076923076923
0 0.9086538461538461 0.4951923076923078 0.8149038461538461 0.4951923076923078 0.8149038461538461 0.6730769230769231 0.9086538461538461 0.6730769230769231
0 0.36057692307692313 0.5384615384615384 0.3125 0.5384615384615384 0.31250000000000006 0.5889423076923077 0.36057692307692324 0.5889423076923077
0 0.5000000000000001 0.6201923076923077 0.4567307692307694 0.6201923076923077 0.4567307692307694 0.6778846153846154 0.5000000000000001 0.6778846153846154
0 0.10576923076923084 0.5360576923076923 0.02644230769230776 0.5360576923076923 0.026442307692307765 0.6322115384615384 0.10576923076923084 0.6322115384615384
0 0.6778846153846154 0.012019230769230846 0.5841346153846154 0.012019230769230841 0.5841346153846154 0.16105769230769237 0.6778846153846154 0.16105769230769237
0 0.22355769230769237 0.6370192307692307 0.16826923076923084 0.6370192307692307 0.16826923076923084 0.7163461538461539 0.22355769230769237 0.7163461538461539
0 0.6177884615384616 0.7427884615384616 0.5937500000000001 0.7427884615384616 0.5937500000000001 0.7668269230769231 0.6177884615384616 0.7668269230769231
0 0.12740384615384626 0.7716346153846154 0.08653846153846165 0.7716346153846154 0.08653846153846165 0.8317307692307693 0.12740384615384626 0.8317307692307693
0 0.20432692307692307 1.7957561237497243e-17 0.0889423076923077 1.0892291242416363e-17 0.0889423076923077 0.11298076923076925 0.20432692307692307 0.11298076923076926