0 0.6923076923076923 0.9158653846153846 0.6538461538461539 0.9158653846153846 0.6538461538461539 0.9927884615384616 0.6923076923076923 0.9927884615384616
0 0.3317307692307694 0.9375 0.3052884615384617 0.9375 0.3052884615384617 0.9951923076923077 0.3317307692307694 0.9951923076923077
0 0.6826923076923077 0.076923076923077 0.6225961538461539 0.076923076923077 0.6225961538461539 0.2475961538461539 0.6826923076923077 0.2475961538461539
0 0.24519230769230774 0.038461538461538484 0.15384615384615385 0.03846153846153848 0.15384615384615388 0.31490384615384615 0.24519230769230776 0.31490384615384615
0 0.040865384615384644 0.20432692307692307 0.0024038461538461783 0.20432692307692307 0.0024038461538461865 0.3293269230769231 0.04086538461538465 0.3293269230769231
0 0.12259615384615388 0.28846153846153844 0.06009615384615388 0.28846153846153844 0.06009615384615389 0.3605769230769231 0.12259615384615388 0.3605769230769231
0 0.6634615384615384 0.3028846153846155 0.6129807692307693 0.3028846153846155 0.6129807692307693 0.4182692307692309 0.6634615384615384 0.4182692307692309
0 0.13461538461538466 0.30528846153846156 3.7387053723969676e-17 0.30528846153846156 5.0045662465156266e-17 0.5120192307692307 0.1346153846153847 0.5120192307692307
0 0.9903846153846154 0.4399038461538463 0.9591346153846154 0.4399038461538463 0.9591346153846154 0.4711538461538463 0.9903846153846154 0.4711538461538463
0 0.6225961538461539 0.45432692307692324 0.5721153846153846 0.45432692307692324 0.5721153846153846 0.512019230769231 0.6225961538461539 0.512019230769231
0 0.6394230769230769 0.45913461538461553 0.5721153846153846 0.45913461538461553 0.5721153846153847 0.5769230769230771 0.6394230769230769 0.5769230769230771
0 0.43269230769230776 0.4855769230769231 0.38221153846153844 0.4855769230769231 0.38221153846153855 0.5985576923076923 0.4326923076923078 0.5985576923076923
0 0.9567307692307693 0.5408653846153848 0.8894230769230769 0.5408653846153848 0.8894230769230769 0.6706730769230769 0.9567307692307693 0.6706730769230769
0 0.20192307692307698 0.6274038461538461 0.15865384615384623 0.6274038461538461 0.15865384615384623 0.7091346153846154 0.20192307692307698 0.7091346153846154
0 0.8990384615384616 0.6586538461538461 0.8629807692307693 0.6586538461538461 0.8629807692307693 0.7067307692307693 0.8990384615384616 0.7067307692307693
0 0.5360576923076923 6.020198808308503e-17 0.44711538461538464 5.4755842461876846e-17 0.44711538461538464 0.13942307692307698 0.5360576923076923 0.13942307692307698
0 0.5000000000000001 0.7524038461538461 0.43509615384615397 0.7524038461538461 0.43509615384615397 0.8100961538461539 0.5000000000000001 0.8100961538461539
0 0.6081730769230771 0.8173076923076923 0.5769230769230771 0.8173076923076923 0.5769230769230771 0.84375 0.6081730769230771 0.84375
0 0.27163461538461536 0.07211538461538464 0.15384615384615385 0.07211538461538464 0.15384615384615385 0.2548076923076923 0.27163461538461536 0.2548076923076923