0 0.9855769230769231 0.7836538461538461 0.9519230769230769 0.7836538461538461 0.9519230769230769 0.8245192307692307 0.9855769230769231 0.8245192307692307
0 0.34134615384615385 0.1274038461538462 0.1778846153846154 0.1274038461538462 0.1778846153846154 0.24519230769230774 0.34134615384615385 0.24519230769230776
0 0.4495192307692309 0.71875 0.2716346153846155 0.71875 0.2716346153846155 0.8197115384615384 0.4495192307692309 0.8197115384615384
0 0.5096153846153846 4.3863551219460483e-17 0.20673076923076922 2.5317217482373165e-17 0.20673076923076922 0.2764423076923077 0.5096153846153846 0.27644230769230776
0 0.5576923076923078 0.7475961538461539 0.35336538461538475 0.7475961538461539 0.35336538461538475 0.8894230769230769 0.5576923076923078 0.8894230769230769
0 0.5192307692307693 0.29326923076923084 0.33653846153846156 0.29326923076923084 0.33653846153846156 0.40384615384615385 0.5192307692307693 0.40384615384615385
0 0.65625 0.8149038461538461 0.47355769230769246 0.8149038461538461 0.47355769230769246 0.9182692307692307 0.65625 0.9182692307692307
0 0.6009615384615384 0.31250000000000006 0.5456730769230769 0.3125 0.5456730769230769 0.3677884615384616 0.6009615384615384 0.3677884615384617
0 0.6802884615384616 0.4639423076923078 0.6201923076923077 0.4639423076923078 0.6201923076923077 0.5096153846153848 0.6802884615384616 0.5096153846153848
0 0.6610576923076923 0.024038461538461613 0.5528846153846154 0.024038461538461606 0.5528846153846154 0.11538461538461545 0.6610576923076923 0.11538461538461545
0 0.15865384615384623 0.5528846153846154 6.770883745285847e-17 0.5528846153846154 7.462691432304184e-17 0.6658653846153846 0.15865384615384623 0.6658653846153846
0 0.7355769230769231 0.17307692307692316 0.6490384615384616 0.17307692307692316 0.6490384615384616 0.24038461538461545 0.7355769230769231 0.24038461538461545
0 0.7620192307692307 0.605769230769231 0.7355769230769231 0.605769230769231 0.7355769230769231 0.6322115384615384 0.7620192307692307 0.6322115384615384
0 0.8557692307692307 0.10096153846153856 0.7908653846153846 0.10096153846153856 0.7908653846153846 0.14903846153846165 0.8557692307692307 0.14903846153846165
0 0.13942307692307693 0.060096153846153855 0.016826923076923087 0.06009615384615385 0.016826923076923093 0.1875 0.13942307692307696 0.1875