0 0.6778846153846154 0.004807692307692384 0.5793269230769231 0.004807692307692378 0.5793269230769231 0.1971153846153847 0.6778846153846154 0.1971153846153847
0 0.5096153846153846 0.08894230769230774 0.40384615384615385 0.08894230769230772 0.40384615384615385 0.36778846153846156 0.5096153846153846 0.36778846153846156
0 0.375 0.295673076923077 0.28846153846153855 0.295673076923077 0.28846153846153855 0.4879807692307692 0.375 0.4879807692307692
0 0.5048076923076923 0.3942307692307692 0.44471153846153844 0.3942307692307692 0.44471153846153844 0.46153846153846156 0.5048076923076923 0.46153846153846156
0 0.9038461538461539 0.3677884615384617 0.8221153846153846 0.3677884615384617 0.8221153846153846 0.543269230769231 0.9038461538461539 0.543269230769231
0 0.5168269230769231 0.46153846153846156 0.47836538461538464 0.46153846153846156 0.47836538461538464 0.5384615384615384 0.5168269230769231 0.5384615384615384
0 0.7620192307692307 0.6802884615384616 0.7307692307692307 0.6802884615384616 0.7307692307692307 0.7163461538461539 0.7620192307692307 0.7163461538461539
0 0.29326923076923084 0.6778846153846154 0.25721153846153855 0.6778846153846154 0.25721153846153855 0.7259615384615384 0.29326923076923084 0.7259615384615384
0 0.24278846153846154 2.3256513733807906e-17 0.13701923076923078 1.6780016238317098e-17 0.13701923076923078 0.1322115384615385 0.24278846153846154 0.1322115384615385
0 0.057692307692307786 0.7572115384615384 9.27316686854366e-17 0.7572115384615384 9.611711055807952e-17 0.8125 0.05769230769230779 0.8125
0 0.8100961538461539 0.8725961538461539 0.7620192307692307 0.8725961538461539 0.7620192307692307 0.9134615384615384 0.8100961538461539 0.9134615384615384