0 0.9663461538461539 0.31730769230769246 0.9038461538461539 0.31730769230769246 0.9038461538461539 0.38461538461538475 0.9663461538461539 0.38461538461538475
0 0.3052884615384617 0.9350961538461539 0.07932692307692318 0.9350961538461539 0.0793269230769232 0.9879807692307693 0.3052884615384617 0.9879807692307693
0 0.3028846153846155 0.6682692307692307 0.02163461538461547 0.6682692307692307 0.021634615384615478 0.8389423076923077 0.30288461538461553 0.8389423076923077
0 0.3317307692307692 0.2692307692307693 0.15144230769230774 0.2692307692307692 0.15144230769230774 0.39663461538461536 0.3317307692307692 0.39663461538461536
0 0.5384615384615384 0.19711538461538464 0.2548076923076923 0.1971153846153846 0.25480769230769235 0.375 0.5384615384615384 0.375
0 0.6826923076923077 0.8052884615384616 0.5072115384615385 0.8052884615384616 0.5072115384615385 0.9230769230769231 0.6826923076923077 0.9230769230769231
0 0.5841346153846154 0.0865384615384616 0.4495192307692308 0.0865384615384616 0.4495192307692308 0.19471153846153852 0.5841346153846154 0.19471153846153852
0 0.6394230769230769 0.004807692307692382 0.5552884615384616 0.004807692307692376 0.5552884615384616 0.03605769230769238 0.6394230769230769 0.03605769230769239
0 0.7692307692307693 0.0721153846153847 0.5528846153846154 0.07211538461538468 0.5528846153846154 0.2548076923076924 0.7692307692307693 0.2548076923076924
0 0.8317307692307693 0.4375000000000001 0.6923076923076923 0.4375000000000001 0.6923076923076923 0.5384615384615385 0.8317307692307693 0.5384615384615385
0 0.8942307692307693 0.5817307692307694 0.7620192307692307 0.5817307692307694 0.7620192307692307 0.6947115384615384 0.8942307692307693 0.6947115384615384
0 0.16346153846153852 0.46634615384615385 5.711093246023714e-17 0.46634615384615385 6.358742995572795e-17 0.5721153846153846 0.16346153846153852 0.5721153846153846