0 0.6778846153846154 7.609884557201702e-17 0.5649038461538461 6.918076870183365e-17 0.5649038461538461 0.1971153846153847 0.6778846153846154 0.1971153846153847
0 0.5144230769230769 0.08894230769230774 0.3894230769230769 0.08894230769230772 0.3894230769230769 0.37259615384615385 0.5144230769230769 0.37259615384615385
0 0.38221153846153844 0.295673076923077 0.2788461538461539 0.2956730769230769 0.2788461538461539 0.4951923076923077 0.38221153846153844 0.4951923076923077
0 0.5048076923076923 0.3942307692307692 0.4423076923076923 0.3942307692307692 0.4423076923076923 0.4639423076923077 0.5048076923076923 0.4639423076923077
0 0.9038461538461539 0.35817307692307704 0.8197115384615384 0.35817307692307704 0.8197115384615384 0.5384615384615385 0.9038461538461539 0.5384615384615385
0 0.5192307692307693 0.46153846153846156 0.4735576923076923 0.46153846153846156 0.4735576923076923 0.5408653846153846 0.5192307692307693 0.5408653846153846
0 0.7668269230769231 0.6754807692307693 0.7331730769230769 0.6754807692307693 0.7331730769230769 0.7139423076923077 0.7668269230769231 0.7139423076923077
0 0.3004807692307693 0.6778846153846154 0.25721153846153855 0.6778846153846154 0.25721153846153855 0.7307692307692307 0.3004807692307693 0.7307692307692307
0 0.24278846153846154 0.0048076923076923305 0.12259615384615384 0.004807692307692323 0.12259615384615387 0.1418269230769231 0.24278846153846154 0.1418269230769231
0 0.06490384615384624 0.7620192307692307 0.004807692307692402 0.7620192307692307 0.004807692307692405 0.8245192307692307 0.06490384615384626 0.8245192307692307
0 0.8197115384615384 0.8653846153846154 0.7668269230769231 0.8653846153846154 0.7668269230769231 0.9110576923076923 0.8197115384615384 0.9110576923076923