0 0.8990384615384616 0.7475961538461539 0.8269230769230769 0.7475961538461539 0.8269230769230769 0.8221153846153846 0.8990384615384616 0.8221153846153846
0 0.46875 4.356916496966545e-17 0.24278846153846154 2.9733011229298717e-17 0.24278846153846154 0.019230769230769273 0.46875 0.01923076923076929
0 0.4182692307692308 0.0384615384615385 0.11057692307692307 0.03846153846153848 0.1105769230769231 0.264423076923077 0.4182692307692308 0.264423076923077
0 0.3028846153846155 0.49278846153846156 0.09615384615384623 0.49278846153846156 0.09615384615384623 0.6610576923076923 0.3028846153846155 0.6610576923076923
0 0.4903846153846155 0.5528846153846154 0.17307692307692316 0.5528846153846154 0.17307692307692316 0.7908653846153846 0.49038461538461553 0.7908653846153846
0 0.8004807692307693 0.11778846153846162 0.6129807692307693 0.1177884615384616 0.6129807692307693 0.2596153846153847 0.8004807692307693 0.2596153846153847
0 0.47355769230769246 0.78125 0.3245192307692309 0.78125 0.3245192307692309 0.9110576923076923 0.47355769230769246 0.9110576923076923
0 0.47836538461538475 0.9591346153846154 0.38942307692307704 0.9591346153846154 0.38942307692307704 1 0.47836538461538475 1
0 0.6610576923076923 0.7644230769230769 0.42067307692307704 0.7644230769230769 0.42067307692307704 0.9783653846153846 0.6610576923076923 0.9783653846153846
0 0.8221153846153846 0.5312500000000001 0.6658653846153846 0.5312500000000001 0.6658653846153846 0.6634615384615384 0.8221153846153846 0.6634615384615384
0 0.9230769230769231 0.4134615384615386 0.7836538461538461 0.4134615384615386 0.7836538461538461 0.5408653846153848 0.9230769230769231 0.5408653846153848
0 0.19951923076923084 0.28125 0.01682692307692311 0.28125 0.01682692307692312 0.4110576923076923 0.19951923076923084 0.4110576923076923