0 0.3221153846153847 0.5144230769230769 0.07211538461538468 0.5144230769230769 0.07211538461538469 0.6442307692307693 0.32211538461538475 0.6442307692307693
0 0.35096153846153844 0.29086538461538464 0.15625000000000006 0.29086538461538464 0.15625000000000006 0.4206730769230769 0.35096153846153844 0.4206730769230769
0 0.4567307692307694 0.7331730769230769 0.08173076923076933 0.7331730769230769 0.08173076923076933 0.9206730769230769 0.4567307692307694 0.9206730769230769
0 0.40865384615384615 0.08653846153846158 0.21634615384615385 0.08653846153846158 0.21634615384615385 0.19230769230769235 0.40865384615384615 0.19230769230769237
0 0.4567307692307694 0.84375 0.17788461538461553 0.84375 0.17788461538461553 1 0.4567307692307694 1
0 0.43028846153846156 0.41586538461538464 0.2908653846153847 0.41586538461538464 0.2908653846153847 0.5120192307692307 0.43028846153846156 0.5120192307692307
0 0.6298076923076923 0.5312500000000001 0.44711538461538464 0.53125 0.4471153846153847 0.6274038461538461 0.6298076923076923 0.6274038461538461
0 0.7596153846153846 8.06618324438401e-17 0.5576923076923077 6.829760995244854e-17 0.5576923076923077 0.09134615384615394 0.7596153846153846 0.09134615384615395
0 0.7836538461538461 0.20913461538461545 0.6033653846153846 0.20913461538461545 0.6033653846153846 0.31730769230769246 0.7836538461538461 0.31730769230769246
0 0.6947115384615384 0.7908653846153846 0.6466346153846154 0.7908653846153846 0.6466346153846154 0.8293269230769231 0.6947115384615384 0.8293269230769231
0 0.7740384615384616 0.8653846153846154 0.71875 0.8653846153846154 0.71875 0.9158653846153846 0.7740384615384616 0.9158653846153846