0 0.4639423076923077 4.886811746597612e-17 0.33413461538461536 4.0919688721510124e-17 0.33413461538461536 0.19471153846153852 0.4639423076923077 0.19471153846153852
0 0.6298076923076923 0.08894230769230776 0.4951923076923077 0.08894230769230776 0.4951923076923077 0.3774038461538462 0.6298076923076923 0.3774038461538463
0 0.7379807692307693 0.3004807692307693 0.6153846153846154 0.3004807692307693 0.6153846153846154 0.5072115384615385 0.7379807692307693 0.5072115384615385
0 0.5649038461538461 0.39182692307692313 0.4951923076923077 0.3918269230769231 0.4951923076923077 0.46875000000000006 0.5649038461538461 0.4687500000000001
0 0.18990384615384623 0.3389423076923077 0.09375000000000003 0.3389423076923077 0.09375000000000006 0.5216346153846154 0.18990384615384623 0.5216346153846154
0 0.5288461538461539 0.45913461538461536 0.4807692307692308 0.45913461538461536 0.4807692307692308 0.5408653846153846 0.5288461538461539 0.5408653846153846
0 0.2596153846153847 0.6610576923076923 0.22355769230769237 0.6610576923076923 0.22355769230769237 0.6995192307692307 0.2596153846153847 0.6995192307692307
0 0.7331730769230769 0.6923076923076923 0.6923076923076923 0.6923076923076923 0.6923076923076923 0.7427884615384616 0.7331730769230769 0.7427884615384616
0 0.9014423076923077 0.019230769230769332 0.7788461538461539 0.019230769230769326 0.7788461538461539 0.1610576923076924 0.9014423076923077 0.16105769230769246
0 0.9831730769230769 0.7836538461538461 0.9206730769230769 0.7836538461538461 0.9206730769230769 0.8485576923076923 0.9831730769230769 0.8485576923076923
0 0.21394230769230782 0.8485576923076923 0.1634615384615386 0.8485576923076923 0.1634615384615386 0.8942307692307693 0.21394230769230782 0.8942307692307693