0 1 0.37259615384615397 0.9302884615384616 0.37259615384615397 0.9302884615384616 0.4302884615384617 1 0.4302884615384617
0 0.9639423076923077 0.7307692307692307 0.9014423076923077 0.7307692307692307 0.9014423076923077 0.7716346153846154 0.9639423076923077 0.7716346153846154
0 0.2836538461538462 0.24519230769230774 0.10096153846153849 0.24519230769230768 0.10096153846153849 0.3485576923076923 0.2836538461538462 0.3485576923076923
0 0.28125000000000006 0.6634615384615384 8.125060494343017e-17 0.6634615384615384 9.155412368625644e-17 0.8317307692307693 0.28125000000000006 0.8317307692307693
0 0.2620192307692309 0.9014423076923077 0.12740384615384626 0.9014423076923077 0.12740384615384626 0.96875 0.2620192307692309 0.96875
0 0.3052884615384617 0.8389423076923077 0.22115384615384628 0.8389423076923077 0.22115384615384628 0.9158653846153846 0.3052884615384617 0.9158653846153846
0 0.4423076923076923 0.31009615384615385 0.3245192307692308 0.31009615384615385 0.3245192307692308 0.37740384615384615 0.4423076923076923 0.37740384615384615
0 0.4615384615384617 0.8173076923076923 0.21875000000000006 0.8173076923076923 0.2187500000000001 1 0.4615384615384617 1
0 0.5504807692307693 0.004807692307692373 0.5120192307692307 0.0048076923076923695 0.5120192307692307 0.04326923076923084 0.5504807692307693 0.04326923076923084
0 0.53125 0.3701923076923077 0.46634615384615385 0.3701923076923077 0.46634615384615385 0.43028846153846156 0.53125 0.43028846153846156
0 0.6009615384615384 0.3485576923076924 0.46634615384615385 0.3485576923076923 0.46634615384615385 0.4471153846153847 0.6009615384615384 0.44711538461538475
0 0.5889423076923078 0.560096153846154 0.46634615384615397 0.5600961538461539 0.46634615384615397 0.6346153846153846 0.5889423076923078 0.6346153846153846
0 0.7451923076923077 0.05528846153846161 0.6009615384615384 0.055288461538461606 0.6009615384615384 0.14663461538461547 0.7451923076923077 0.14663461538461547
0 0.6610576923076923 0.8100961538461539 0.5697115384615385 0.8100961538461539 0.5697115384615385 0.8798076923076923 0.6610576923076923 0.8798076923076923
0 0.7668269230769231 0.12740384615384626 0.7115384615384616 0.12740384615384626 0.7115384615384616 0.17307692307692316 0.7668269230769231 0.17307692307692316
0 0.15144230769230774 0.38461538461538464 4.7101799967205894e-17 0.38461538461538464 5.4461456212081815e-17 0.5048076923076923 0.15144230769230776 0.5048076923076923
0 0.8100961538461539 0.5360576923076924 0.7355769230769231 0.5360576923076924 0.7355769230769231 0.6153846153846154 0.8100961538461539 0.6153846153846154
0 0.8557692307692307 0.4447115384615386 0.8245192307692307 0.4447115384615386 0.8245192307692307 0.47836538461538475 0.8557692307692307 0.47836538461538475
0 0.22355769230769237 0.6586538461538461 0.02163461538461546 0.6586538461538461 0.021634615384615474 0.8052884615384616 0.22355769230769237 0.8052884615384616