0 0.5865384615384616 0.05288461538461545 0.39903846153846156 0.05288461538461543 0.39903846153846156 0.3221153846153847 0.5865384615384616 0.32211538461538475
0 0.37740384615384615 0.1947115384615385 0.2091346153846154 0.19471153846153846 0.20913461538461542 0.4110576923076923 0.37740384615384615 0.4110576923076923
0 0.8605769230769231 0.0024038461538462464 0.6418269230769231 0.002403846153846233 0.6418269230769231 0.37980769230769246 0.8605769230769231 0.37980769230769246
0 0.17307692307692316 0.31490384615384615 0.02884615384615389 0.31490384615384615 0.028846153846153903 0.5240384615384616 0.17307692307692316 0.5240384615384616
0 0.9591346153846154 0.05769230769230779 0.75 0.05769230769230778 0.75 0.3557692307692309 0.9591346153846154 0.3557692307692309
0 0.4855769230769231 0.3004807692307693 0.36778846153846156 0.3004807692307693 0.36778846153846156 0.4519230769230769 0.4855769230769231 0.4519230769230769
0 0.6514423076923077 0.4158653846153847 0.5216346153846154 0.41586538461538464 0.5216346153846154 0.6129807692307693 0.6514423076923077 0.6129807692307694
0 0.17067307692307704 0.6730769230769231 0.036057692307692395 0.6730769230769231 0.03605769230769241 0.8870192307692307 0.17067307692307707 0.8870192307692307
0 0.3990384615384617 0.6514423076923077 0.2524038461538462 0.6514423076923077 0.25240384615384626 0.8509615384615384 0.3990384615384617 0.8509615384615384
0 0.8701923076923077 0.5528846153846155 0.8245192307692307 0.5528846153846155 0.8245192307692307 0.6033653846153848 0.8701923076923077 0.6033653846153848
0 0.9711538461538461 0.5985576923076924 0.9158653846153846 0.5985576923076924 0.9158653846153846 0.6610576923076923 0.9711538461538461 0.6610576923076923