0 0.10817307692307696 0.2548076923076923 0.02403846153846157 0.2548076923076923 0.02403846153846157 0.30528846153846156 0.10817307692307696 0.30528846153846156
0 0.045673076923077 0.6153846153846154 7.536287994752943e-17 0.6153846153846154 7.742358369609469e-17 0.6490384615384616 0.04567307692307701 0.6490384615384616
0 0.9423076923076923 0.3365384615384617 0.7620192307692307 0.3365384615384617 0.7620192307692307 0.4326923076923078 0.9423076923076923 0.4326923076923078
0 0.9350961538461539 0.7644230769230769 0.6442307692307693 0.7644230769230769 0.6442307692307693 0.9038461538461539 0.9350961538461539 0.9038461538461539
0 0.7451923076923077 0.9735576923076923 0.6177884615384616 0.9735576923076923 0.6177884615384616 1 0.7451923076923077 1
0 0.6730769230769231 0.8894230769230769 0.5937500000000001 0.8894230769230769 0.5937500000000001 0.9591346153846154 0.6730769230769231 0.9591346153846154
0 0.7139423076923077 0.3461538461538463 0.59375 0.3461538461538463 0.59375 0.4134615384615386 0.7139423076923077 0.4134615384615386
0 0.6634615384615384 0.8533653846153846 0.4326923076923078 0.8533653846153846 0.4326923076923078 1 0.6634615384615384 1
0 0.6105769230769231 0.016826923076923152 0.5769230769230769 0.01682692307692315 0.5769230769230769 0.0504807692307693 0.6105769230769231 0.0504807692307693
0 0.5600961538461539 0.37500000000000006 0.49278846153846156 0.375 0.49278846153846156 0.43750000000000006 0.5600961538461539 0.4375000000000001
0 0.5600961538461539 0.3461538461538462 0.42788461538461536 0.34615384615384615 0.42788461538461536 0.4399038461538462 0.5600961538461539 0.4399038461538463
0 0.5072115384615385 0.5552884615384616 0.3894230769230769 0.5552884615384616 0.389423076923077 0.6201923076923077 0.5072115384615385 0.6201923076923077
0 0.5096153846153846 0.02403846153846159 0.36778846153846156 0.02403846153846158 0.36778846153846156 0.11298076923076929 0.5096153846153846 0.1129807692307693
0 0.3461538461538463 0.7716346153846154 0.25721153846153855 0.7716346153846154 0.25721153846153855 0.8317307692307693 0.3461538461538463 0.8317307692307693
0 0.3870192307692308 0.08173076923076926 0.3317307692307692 0.08173076923076926 0.3317307692307692 0.12500000000000003 0.3870192307692308 0.12500000000000003
0 1 0.5000000000000001 0.8509615384615384 0.5000000000000001 0.8509615384615384 0.605769230769231 1 0.605769230769231
0 0.2524038461538462 0.4639423076923077 0.18028846153846162 0.4639423076923077 0.18028846153846162 0.5408653846153846 0.2524038461538462 0.5408653846153846
0 0.1971153846153847 0.3581730769230769 0.16826923076923084 0.3581730769230769 0.16826923076923084 0.3918269230769231 0.1971153846153847 0.3918269230769231
0 0.9038461538461539 0.7475961538461539 0.7043269230769231 0.7475961538461539 0.7043269230769231 0.8942307692307693 0.9038461538461539 0.8942307692307693