0 0.6346153846153846 0.9326923076923077 0.5841346153846155 0.9326923076923077 0.5841346153846155 1 0.6346153846153846 1
0 0.2740384615384617 0.90625 0.23798076923076936 0.90625 0.23798076923076936 0.9663461538461539 0.2740384615384617 0.9663461538461539
0 0.7379807692307693 0.10096153846153855 0.65625 0.10096153846153853 0.65625 0.27644230769230776 0.7379807692307693 0.27644230769230776
0 0.31009615384615385 3.0174590603991277e-17 0.18269230769230768 2.23733549844228e-17 0.18269230769230774 0.28125000000000006 0.31009615384615385 0.28125000000000006
0 0.08894230769230771 0.13701923076923078 0.03365384615384617 0.13701923076923078 0.03365384615384618 0.2668269230769231 0.08894230769230772 0.2668269230769231
0 0.15384615384615388 0.23076923076923078 0.08413461538461542 0.23076923076923078 0.08413461538461542 0.31009615384615385 0.1538461538461539 0.31009615384615385
0 0.6875 0.32211538461538475 0.6225961538461539 0.32211538461538475 0.6225961538461539 0.4399038461538463 0.6875 0.4399038461538463
0 0.16586538461538464 0.23557692307692307 0.0048076923076923374 0.23557692307692307 0.0048076923076923505 0.45913461538461536 0.1658653846153847 0.45913461538461536
0 0.9951923076923077 0.5048076923076924 0.9591346153846154 0.5048076923076924 0.9591346153846154 0.5408653846153848 0.9951923076923077 0.5408653846153848
0 0.6298076923076923 0.46634615384615397 0.5721153846153846 0.46634615384615397 0.5721153846153846 0.528846153846154 0.6298076923076923 0.528846153846154
0 0.6442307692307693 0.4711538461538463 0.5600961538461539 0.4711538461538463 0.560096153846154 0.5961538461538463 0.6442307692307693 0.5961538461538463
0 0.4350961538461539 0.47115384615384615 0.37259615384615385 0.47115384615384615 0.3725961538461539 0.5889423076923077 0.43509615384615397 0.5889423076923077
0 0.9447115384615384 0.5961538461538463 0.8605769230769231 0.5961538461538463 0.8605769230769231 0.7355769230769231 0.9447115384615384 0.7355769230769231
0 0.18750000000000006 0.5793269230769231 0.13221153846153852 0.5793269230769231 0.13221153846153852 0.6658653846153846 0.18750000000000006 0.6658653846153846
0 0.875 0.7067307692307693 0.8341346153846154 0.7067307692307693 0.8341346153846154 0.7596153846153846 0.875 0.7596153846153846
0 0.6057692307692307 6.741445120306342e-17 0.4951923076923077 6.064356745777758e-17 0.4951923076923077 0.14903846153846162 0.6057692307692307 0.14903846153846162
0 0.46634615384615397 0.7403846153846154 0.3942307692307694 0.7403846153846154 0.3942307692307694 0.8076923076923077 0.46634615384615397 0.8076923076923077
0 0.5625000000000001 0.8221153846153846 0.528846153846154 0.8221153846153846 0.528846153846154 0.8533653846153846 0.5625000000000001 0.8533653846153846
0 0.33413461538461536 0.026442307692307727 0.19230769230769232 0.026442307692307716 0.19230769230769232 0.2259615384615385 0.33413461538461536 0.22596153846153852