0 0.8245192307692307 0.9519230769230769 0.7788461538461539 0.9519230769230769 0.7788461538461539 0.9927884615384616 0.8245192307692307 0.9927884615384616
0 0.24759615384615388 0.17548076923076922 0.12980769230769235 0.17548076923076922 0.12980769230769235 0.34134615384615385 0.2475961538461539 0.34134615384615385
0 0.8173076923076923 0.2716346153846155 0.7211538461538461 0.2716346153846155 0.7211538461538461 0.44711538461538475 0.8173076923076923 0.44711538461538475
0 0.28125000000000006 0.20192307692307696 2.4728444982783092e-17 0.20192307692307693 4.356916496966545e-17 0.5096153846153846 0.28125000000000006 0.5096153846153846
0 0.8798076923076923 0.35817307692307704 0.7572115384615384 0.35817307692307704 0.7572115384615384 0.5528846153846155 0.8798076923076923 0.5528846153846155
0 0.4014423076923077 0.3389423076923077 0.295673076923077 0.3389423076923077 0.295673076923077 0.5144230769230769 0.4014423076923077 0.5144230769230769
0 0.9230769230769231 0.4711538461538463 0.8100961538461539 0.4711538461538463 0.8100961538461539 0.6586538461538461 0.9230769230769231 0.6586538461538461
0 0.3677884615384616 0.5480769230769231 0.31490384615384615 0.5480769230769231 0.3149038461538462 0.6009615384615384 0.3677884615384617 0.6009615384615384
0 0.5096153846153848 0.6177884615384616 0.4615384615384617 0.6177884615384616 0.4615384615384617 0.6802884615384616 0.5096153846153848 0.6802884615384616
0 0.1177884615384616 0.5552884615384616 0.024038461538461606 0.5552884615384616 0.024038461538461616 0.6634615384615384 0.1177884615384616 0.6634615384615384
0 0.6634615384615384 0.002403846153846228 0.5528846153846154 0.002403846153846221 0.5528846153846154 0.16105769230769237 0.6634615384615384 0.16105769230769237
0 0.2379807692307693 0.6490384615384616 0.1754807692307693 0.6490384615384616 0.1754807692307693 0.7355769230769231 0.2379807692307693 0.7355769230769231
0 0.6322115384615384 0.7379807692307693 0.6081730769230771 0.7379807692307693 0.6081730769230771 0.7620192307692307 0.6322115384615384 0.7620192307692307
0 0.14423076923076933 0.7908653846153846 0.09855769230769242 0.7908653846153846 0.09855769230769242 0.8533653846153846 0.14423076923076933 0.8533653846153846
0 0.18269230769230768 0.012019230769230784 0.06009615384615385 0.012019230769230779 0.060096153846153855 0.13701923076923078 0.18269230769230768 0.1370192307692308