0 0.7043269230769231 0.09615384615384624 0.5769230769230769 0.09615384615384623 0.5769230769230769 0.34134615384615397 0.7043269230769231 0.34134615384615397
0 0.46875 0.13461538461538466 0.35096153846153844 0.13461538461538464 0.35096153846153844 0.32211538461538464 0.46875 0.32211538461538464
0 0.9471153846153846 0.16346153846153857 0.7884615384615384 0.16346153846153852 0.7884615384615384 0.5240384615384617 0.9471153846153846 0.5240384615384617
0 0.2355769230769231 0.1466346153846154 0.1370192307692308 0.1466346153846154 0.1370192307692308 0.33653846153846156 0.23557692307692316 0.33653846153846156
0 1 0.2740384615384617 0.8774038461538461 0.2740384615384617 0.8774038461538461 0.543269230769231 1 0.543269230769231
0 0.5384615384615384 0.28846153846153855 0.4495192307692308 0.28846153846153855 0.4495192307692308 0.4230769230769231 0.5384615384615384 0.4230769230769231
0 0.6153846153846154 0.4615384615384616 0.5240384615384616 0.46153846153846156 0.5240384615384616 0.6442307692307693 0.6153846153846154 0.6442307692307693
0 0.06250000000000007 0.46153846153846156 5.652215996064707e-17 0.46153846153846156 6.859199620224358e-17 0.6586538461538461 0.06250000000000008 0.6586538461538461
0 0.27644230769230776 0.5528846153846154 0.18028846153846162 0.5528846153846154 0.18028846153846162 0.7283653846153846 0.27644230769230776 0.7283653846153846
0 0.7884615384615384 0.7091346153846154 0.7524038461538461 0.7091346153846154 0.7524038461538461 0.7524038461538461 0.7884615384615384 0.7524038461538461
0 0.8533653846153846 0.7932692307692307 0.8052884615384616 0.7932692307692307 0.8052884615384616 0.8485576923076923 0.8533653846153846 0.8485576923076923