0 0.038461538461538554 0.7644230769230769 9.361482743482171e-17 0.7644230769230769 9.611711055807952e-17 0.8052884615384616 0.03846153846153856 0.8052884615384616
0 0.8365384615384616 0.139423076923077 0.6730769230769231 0.13942307692307698 0.6730769230769231 0.2548076923076924 0.8365384615384616 0.2548076923076924
0 0.7163461538461539 0.7379807692307693 0.5480769230769232 0.7379807692307693 0.5480769230769232 0.8125 0.7163461538461539 0.8125
0 0.8004807692307693 0.014423076923077004 0.5120192307692307 0.014423076923076986 0.5120192307692307 0.27644230769230776 0.8004807692307693 0.27644230769230776
0 0.6298076923076923 0.7596153846153846 0.4375000000000001 0.7596153846153846 0.4375000000000001 0.8798076923076923 0.6298076923076923 0.8798076923076923
0 0.6634615384615384 0.3052884615384616 0.4951923076923077 0.3052884615384616 0.4951923076923077 0.3942307692307693 0.6634615384615384 0.3942307692307694
0 0.5144230769230771 0.8125 0.3317307692307694 0.8125 0.3317307692307694 0.9134615384615384 0.5144230769230771 0.9134615384615384
0 0.45913461538461536 0.3125 0.40625 0.3125 0.40625 0.36538461538461536 0.45913461538461536 0.36538461538461536
0 0.38221153846153844 0.45913461538461536 0.32211538461538464 0.45913461538461536 0.32211538461538464 0.5048076923076923 0.38221153846153844 0.5048076923076923
0 0.45913461538461536 0.026442307692307744 0.3581730769230769 0.026442307692307734 0.3581730769230769 0.10817307692307697 0.45913461538461536 0.108173076923077
0 0.9951923076923077 0.5697115384615385 0.8389423076923077 0.5697115384615385 0.8389423076923077 0.6754807692307693 0.9951923076923077 0.6754807692307693
0 0.3629807692307692 0.17067307692307696 0.27884615384615385 0.17067307692307693 0.27884615384615385 0.2307692307692308 0.3629807692307692 0.23076923076923084
0 0.2596153846153847 0.5985576923076923 0.23557692307692316 0.5985576923076923 0.23557692307692316 0.6225961538461539 0.2596153846153847 0.6225961538461539
0 0.22355769230769232 0.08894230769230772 0.16346153846153846 0.08894230769230772 0.16346153846153846 0.1322115384615385 0.22355769230769232 0.1322115384615385
0 1 0.07451923076923088 0.8774038461538461 0.07451923076923087 0.8774038461538461 0.19711538461538475 1 0.19711538461538475