0 0.8052884615384616 0.9639423076923077 0.7668269230769231 0.9639423076923077 0.7668269230769231 1 0.8052884615384616 1
0 0.24759615384615388 0.16826923076923078 0.14423076923076927 0.16826923076923078 0.14423076923076927 0.3245192307692308 0.2475961538461539 0.3245192307692308
0 0.8100961538461539 0.2860576923076924 0.7379807692307693 0.2860576923076924 0.7379807692307693 0.45192307692307704 0.8100961538461539 0.45192307692307704
0 0.26682692307692313 0.2091346153846154 0.021634615384615412 0.2091346153846154 0.021634615384615426 0.4807692307692308 0.26682692307692313 0.4807692307692308
0 0.875 0.37259615384615397 0.7668269230769231 0.37259615384615397 0.7668269230769231 0.560096153846154 0.875 0.560096153846154
0 0.3942307692307692 0.33653846153846156 0.3052884615384616 0.33653846153846156 0.3052884615384616 0.5048076923076923 0.3942307692307692 0.5048076923076923
0 0.9086538461538461 0.49038461538461553 0.8197115384615384 0.49038461538461553 0.8197115384615384 0.6682692307692307 0.9086538461538461 0.6682692307692307
0 0.3629807692307693 0.5456730769230769 0.31490384615384615 0.5456730769230769 0.3149038461538462 0.59375 0.3629807692307694 0.59375
0 0.5024038461538463 0.6201923076923077 0.45913461538461553 0.6201923076923077 0.45913461538461553 0.6778846153846154 0.5024038461538463 0.6778846153846154
0 0.10576923076923084 0.5432692307692307 0.02644230769230776 0.5432692307692307 0.026442307692307765 0.6418269230769231 0.10576923076923084 0.6418269230769231
0 0.6682692307692307 0.009615384615384692 0.5769230769230769 0.009615384615384689 0.5769230769230769 0.15865384615384623 0.6682692307692307 0.15865384615384623
0 0.22596153846153852 0.6418269230769231 0.17307692307692316 0.6418269230769231 0.17307692307692316 0.7211538461538461 0.22596153846153852 0.7211538461538461
0 0.6225961538461539 0.7403846153846154 0.5985576923076924 0.7403846153846154 0.5985576923076924 0.7644230769230769 0.6225961538461539 0.7644230769230769
0 0.13221153846153857 0.7788461538461539 0.09134615384615395 0.7788461538461539 0.09134615384615395 0.8365384615384616 0.13221153846153857 0.8365384615384616
0 0.19230769230769232 1.6780016238317098e-17 0.08173076923076923 1.0009132493031251e-17 0.08173076923076923 0.11778846153846155 0.19230769230769232 0.11778846153846158