0 0.7115384615384616 0.012019230769230848 0.6009615384615384 0.012019230769230841 0.6009615384615384 0.20913461538461545 0.7115384615384616 0.20913461538461545
0 0.5384615384615384 0.08413461538461543 0.41346153846153844 0.08413461538461542 0.41346153846153844 0.36778846153846156 0.5384615384615384 0.36778846153846156
0 0.3894230769230769 0.28125000000000006 0.28846153846153855 0.28125000000000006 0.28846153846153855 0.47836538461538464 0.3894230769230769 0.47836538461538464
0 0.5120192307692307 0.3894230769230769 0.4495192307692308 0.3894230769230769 0.4495192307692308 0.46153846153846156 0.5120192307692307 0.46153846153846156
0 0.9134615384615384 0.39182692307692324 0.8197115384615384 0.39182692307692324 0.8197115384615384 0.5721153846153848 0.9134615384615384 0.5721153846153848
0 0.5192307692307693 0.45913461538461536 0.47596153846153844 0.45913461538461536 0.47596153846153844 0.5384615384615384 0.5192307692307693 0.5384615384615384
0 0.7475961538461539 0.6947115384615384 0.7163461538461539 0.6947115384615384 0.7163461538461539 0.7355769230769231 0.7475961538461539 0.7355769230769231
0 0.2788461538461539 0.6586538461538461 0.24278846153846162 0.6586538461538461 0.24278846153846162 0.7091346153846154 0.2788461538461539 0.7091346153846154
0 0.27884615384615385 2.708353498114339e-17 0.16346153846153846 2.0018264986062502e-17 0.16346153846153846 0.11538461538461542 0.27884615384615385 0.11538461538461542
0 0.040865384615384706 0.7211538461538461 8.831587493851104e-17 0.7211538461538461 9.184850993605148e-17 0.7788461538461539 0.04086538461538472 0.7788461538461539
0 0.7836538461538461 0.8894230769230769 0.7307692307692307 0.8894230769230769 0.7307692307692307 0.9326923076923077 0.7836538461538461 0.9326923076923077