0 0.8533653846153846 0.9350961538461539 0.8197115384615384 0.9350961538461539 0.8197115384615384 0.9759615384615384 0.8533653846153846 0.9759615384615384
0 0.21634615384615388 0.20673076923076922 0.1274038461538462 0.20673076923076922 0.1274038461538462 0.3557692307692308 0.2163461538461539 0.3557692307692308
0 0.7860576923076923 0.2596153846153847 0.7283653846153846 0.2596153846153847 0.7283653846153846 0.42307692307692324 0.7860576923076923 0.42307692307692324
0 0.23798076923076927 0.2548076923076923 0.019230769230769267 0.2548076923076923 0.019230769230769277 0.5096153846153846 0.2379807692307693 0.5096153846153846
0 0.8581730769230769 0.3437500000000001 0.7692307692307693 0.3437500000000001 0.7692307692307693 0.5240384615384617 0.8581730769230769 0.5240384615384617
0 0.37740384615384615 0.3557692307692308 0.3076923076923077 0.3557692307692308 0.3076923076923077 0.5192307692307693 0.37740384615384615 0.5192307692307693
0 0.90625 0.45192307692307704 0.8341346153846154 0.45192307692307704 0.8341346153846154 0.625 0.90625 0.625
0 0.3677884615384617 0.5625 0.3245192307692309 0.5625 0.3245192307692309 0.6081730769230769 0.3677884615384617 0.6081730769230769
0 0.5144230769230771 0.6225961538461539 0.4759615384615386 0.6225961538461539 0.4759615384615386 0.6778846153846154 0.5144230769230771 0.6778846153846154
0 0.1129807692307693 0.5913461538461539 0.04326923076923084 0.5913461538461539 0.043269230769230844 0.6802884615384616 0.1129807692307693 0.6802884615384616
0 0.6177884615384616 0.0024038461538462247 0.5384615384615384 0.00240384615384622 0.5384615384615384 0.1442307692307693 0.6177884615384616 0.1442307692307693
0 0.24278846153846162 0.6754807692307693 0.1971153846153847 0.6754807692307693 0.1971153846153847 0.75 0.24278846153846162 0.75
0 0.6466346153846154 0.7283653846153846 0.625 0.7283653846153846 0.625 0.7475961538461539 0.6466346153846154 0.7475961538461539
0 0.16586538461538472 0.8197115384615384 0.1298076923076924 0.8197115384615384 0.1298076923076924 0.875 0.16586538461538475 0.875
0 0.13701923076923078 1.1039484367313882e-17 0.04326923076923077 5.298952496310663e-18 0.043269230769230775 0.15384615384615385 0.1370192307692308 0.15384615384615385