0 0.7163461538461539 0.8942307692307693 0.6586538461538461 0.8942307692307693 0.6586538461538461 0.9447115384615384 0.7163461538461539 0.9447115384615384
0 0.03365384615384619 0.12259615384615384 1.5013698739546877e-17 0.12259615384615384 2.855546623011857e-17 0.34375 0.033653846153846194 0.34375
0 0.2884615384615385 0.05288461538461541 0.14903846153846154 0.052884615384615405 0.14903846153846156 0.31971153846153844 0.28846153846153855 0.31971153846153844
0 0.7019230769230769 0.14182692307692316 0.59375 0.14182692307692316 0.59375 0.3125000000000001 0.7019230769230769 0.3125000000000001
0 0.78125 0.24519230769230776 0.6346153846153846 0.24519230769230776 0.6346153846153846 0.5144230769230771 0.78125 0.5144230769230771
0 0.19230769230769237 0.5456730769230769 0.10096153846153853 0.5456730769230769 0.10096153846153855 0.7043269230769231 0.19230769230769237 0.7043269230769231
0 0.9086538461538461 0.42307692307692324 0.8100961538461539 0.42307692307692324 0.8100961538461539 0.5480769230769232 0.9086538461538461 0.5480769230769232
0 1 0.5144230769230771 0.9759615384615384 0.5144230769230771 0.9759615384615384 0.5961538461538463 1 0.5961538461538463
0 0.9278846153846154 0.5336538461538463 0.7764423076923077 0.5336538461538463 0.7764423076923077 0.7259615384615384 0.9278846153846154 0.7259615384615384
0 0.5793269230769232 0.6947115384615384 0.4927884615384617 0.6947115384615384 0.4927884615384617 0.8245192307692307 0.5793269230769232 0.8245192307692307
0 0.44230769230769246 0.7788461538461539 0.3437500000000001 0.7788461538461539 0.3437500000000001 0.8966346153846154 0.44230769230769246 0.8966346153846154
0 0.49038461538461536 5.4461456212081815e-17 0.39903846153846156 4.8868117465976114e-17 0.39903846153846156 0.1658653846153847 0.49038461538461536 0.1658653846153847