0 0.9447115384615384 0.2740384615384617 0.8870192307692307 0.2740384615384617 0.8870192307692307 0.3389423076923078 0.9447115384615384 0.3389423076923078
0 0.35336538461538475 0.9567307692307693 0.1250000000000001 0.9567307692307693 0.1250000000000001 1 0.35336538461538475 1
0 0.3365384615384617 0.6995192307692307 0.04807692307692316 0.6995192307692307 0.04807692307692317 0.8774038461538461 0.3365384615384617 0.8774038461538461
0 0.3173076923076923 0.2932692307692308 0.13461538461538464 0.2932692307692308 0.13461538461538466 0.4254807692307692 0.3173076923076923 0.4254807692307692
0 0.5168269230769231 0.21394230769230774 0.23317307692307693 0.21394230769230768 0.23317307692307696 0.3798076923076923 0.5168269230769231 0.3798076923076923
0 0.7163461538461539 0.7980769230769231 0.5456730769230771 0.7980769230769231 0.5456730769230771 0.9038461538461539 0.7163461538461539 0.9038461538461539
0 0.5432692307692307 0.0913461538461539 0.41346153846153844 0.09134615384615388 0.41346153846153844 0.19471153846153852 0.5432692307692307 0.19471153846153852
0 0.5889423076923077 6.697287182837087e-17 0.5048076923076923 6.182111245695774e-17 0.5048076923076923 0.02884615384615391 0.5889423076923077 0.028846153846153914
0 0.7211538461538461 0.06730769230769239 0.5240384615384616 0.06730769230769237 0.5240384615384616 0.2283653846153847 0.7211538461538461 0.2283653846153847
0 0.8293269230769231 0.41105769230769246 0.6923076923076923 0.41105769230769246 0.6923076923076923 0.512019230769231 0.8293269230769231 0.512019230769231
0 0.9038461538461539 0.5504807692307694 0.7764423076923077 0.5504807692307694 0.7764423076923077 0.65625 0.9038461538461539 0.65625
0 0.16826923076923084 0.5120192307692307 6.270427120634284e-17 0.5120192307692307 6.888638245203861e-17 0.6129807692307693 0.16826923076923084 0.6129807692307693