0 1 0.35817307692307704 0.8004807692307693 0.35817307692307704 0.8004807692307693 0.528846153846154 1 0.528846153846154
0 0.9206730769230769 0.47836538461538475 0.5985576923076923 0.47836538461538475 0.5985576923076924 0.7043269230769231 0.9206730769230769 0.7043269230769231
0 0.6947115384615384 0.6009615384615385 0.4639423076923078 0.6009615384615384 0.4639423076923078 0.7692307692307693 0.6947115384615384 0.7692307692307693
0 0.6153846153846154 0.49519230769230776 0.5216346153846154 0.4951923076923077 0.5216346153846154 0.5817307692307693 0.6153846153846154 0.5817307692307694
0 0.7091346153846154 0.07932692307692316 0.5048076923076923 0.07932692307692314 0.5048076923076923 0.22355769230769237 0.7091346153846154 0.22355769230769237
0 0.5456730769230769 0.47115384615384615 0.4543269230769231 0.47115384615384615 0.4543269230769231 0.5384615384615384 0.5456730769230769 0.5384615384615384
0 0.37259615384615385 0.19951923076923084 0.32211538461538464 0.19951923076923084 0.32211538461538464 0.24519230769230776 0.37259615384615385 0.24519230769230776
0 0.29326923076923084 0.6610576923076923 0.23317307692307698 0.6610576923076923 0.23317307692307698 0.7139423076923077 0.29326923076923084 0.7139423076923077
0 0.9326923076923077 0.8076923076923077 0.7908653846153846 0.8076923076923077 0.7908653846153846 0.9495192307692307 0.9326923076923077 0.9495192307692307
0 0.17548076923076936 0.8798076923076923 0.11057692307692318 0.8798076923076923 0.11057692307692318 0.9326923076923077 0.17548076923076936 0.9326923076923077
0 0.19471153846153846 0.12019230769230771 0.1346153846153846 0.1201923076923077 0.13461538461538464 0.18509615384615385 0.19471153846153846 0.18509615384615385