0 0.6274038461538461 0.07451923076923084 0.5192307692307693 0.07451923076923084 0.5192307692307693 0.3149038461538462 0.6274038461538461 0.3149038461538463
0 0.40384615384615385 0.1658653846153847 0.2980769230769231 0.1658653846153847 0.29807692307692313 0.34615384615384615 0.40384615384615385 0.34615384615384615
0 0.8870192307692307 0.08894230769230779 0.7572115384615384 0.08894230769230779 0.7572115384615384 0.4447115384615386 0.8870192307692307 0.4447115384615386
0 0.17788461538461542 0.22596153846153846 0.09375000000000003 0.22596153846153846 0.09375000000000003 0.4110576923076923 0.17788461538461545 0.4110576923076923
0 0.9783653846153846 0.17788461538461553 0.8581730769230769 0.17788461538461553 0.8581730769230769 0.4399038461538463 0.9783653846153846 0.4399038461538463
0 0.5024038461538461 0.295673076923077 0.4230769230769231 0.295673076923077 0.4230769230769231 0.4254807692307692 0.5024038461538461 0.4254807692307692
0 0.6177884615384616 0.4471153846153847 0.5384615384615384 0.44711538461538464 0.5384615384615385 0.625 0.6177884615384616 0.625
0 0.08173076923076932 0.5697115384615384 0.004807692307692378 0.5697115384615384 0.0048076923076923895 0.7644230769230769 0.08173076923076933 0.7644230769230769
0 0.3076923076923078 0.6129807692307693 0.22596153846153852 0.6129807692307693 0.22596153846153852 0.7836538461538461 0.3076923076923078 0.7836538461538461
0 0.8317307692307693 0.6442307692307693 0.7980769230769231 0.6442307692307693 0.7980769230769231 0.6850961538461539 0.8317307692307693 0.6850961538461539
0 0.9158653846153846 0.7139423076923077 0.8725961538461539 0.7139423076923077 0.8725961538461539 0.7668269230769231 0.9158653846153846 0.7668269230769231