0 0.9206730769230769 0.9783653846153846 0.8245192307692307 0.9783653846153846 0.8245192307692307 1 0.9206730769230769 1
0 0.3605769230769231 0.07932692307692311 0.24278846153846154 0.07932692307692311 0.24278846153846156 0.2932692307692308 0.3605769230769231 0.29326923076923084
0 0.6105769230769231 0.2908653846153847 0.5480769230769231 0.2908653846153847 0.5480769230769231 0.4038461538461539 0.6105769230769231 0.40384615384615397
0 0.7283653846153846 0.3509615384615386 0.6610576923076923 0.3509615384615386 0.6610576923076923 0.4495192307692309 0.7283653846153846 0.4495192307692309
0 0.4230769230769231 0.31490384615384615 0.2524038461538462 0.31490384615384615 0.2524038461538462 0.5360576923076923 0.4230769230769231 0.5360576923076923
0 0.47836538461538464 0.40865384615384615 0.38461538461538464 0.40865384615384615 0.38461538461538464 0.5456730769230769 0.47836538461538464 0.5456730769230769
0 0.8701923076923077 0.5673076923076924 0.7788461538461539 0.5673076923076924 0.7788461538461539 0.7379807692307693 0.8701923076923077 0.7379807692307693
0 0.22355769230769237 0.5216346153846154 0.1658653846153847 0.5216346153846154 0.1658653846153847 0.6105769230769231 0.22355769230769237 0.6105769230769231
0 0.3365384615384617 0.6394230769230769 0.24278846153846162 0.6394230769230769 0.24278846153846162 0.7427884615384616 0.3365384615384617 0.7427884615384616
0 0.9567307692307693 0.7860576923076923 0.8942307692307693 0.7860576923076923 0.8942307692307693 0.875 0.9567307692307693 0.875
0 0.19230769230769232 1.5896857488931988e-17 0.0673076923076923 8.242814994261032e-18 0.06730769230769232 0.08894230769230771 0.19230769230769232 0.08894230769230772
0 0.43990384615384615 0.4543269230769231 0.3894230769230769 0.4543269230769231 0.3894230769230769 0.5432692307692307 0.43990384615384615 0.5432692307692307