0 0.31971153846153844 0.3798076923076923 0.06250000000000006 0.3798076923076923 0.06250000000000006 0.5288461538461539 0.31971153846153844 0.5288461538461539
0 0.3677884615384617 0.6057692307692307 0.17307692307692316 0.6057692307692307 0.17307692307692316 0.7355769230769231 0.3677884615384617 0.7355769230769231
0 0.4206730769230769 0.11778846153846158 0.05528846153846156 0.11778846153846154 0.055288461538461564 0.28125000000000006 0.4206730769230769 0.28125000000000006
0 0.4495192307692309 0.8221153846153846 0.2524038461538462 0.8221153846153846 0.25240384615384626 0.9375 0.4495192307692309 0.9375
0 0.4110576923076923 0.02163461538461542 0.1346153846153846 0.0216346153846154 0.13461538461538464 0.17788461538461542 0.4110576923076923 0.17788461538461545
0 0.4350961538461539 0.5024038461538461 0.29326923076923084 0.5024038461538461 0.29326923076923084 0.6009615384615384 0.43509615384615397 0.6009615384615384
0 0.625 0.3653846153846155 0.43509615384615385 0.36538461538461536 0.43509615384615385 0.4735576923076924 0.625 0.47355769230769246
0 0.8076923076923077 0.8918269230769231 0.605769230769231 0.8918269230769231 0.605769230769231 0.9903846153846154 0.8076923076923077 0.9903846153846154
0 0.8076923076923077 0.6634615384615384 0.625 0.6634615384615384 0.625 0.7692307692307693 0.8076923076923077 0.7692307692307693
0 0.65625 0.1538461538461539 0.6153846153846154 0.1538461538461539 0.6153846153846154 0.18990384615384623 0.65625 0.18990384615384623
0 0.7355769230769231 0.06009615384615393 0.6754807692307693 0.06009615384615393 0.6754807692307693 0.11298076923076932 0.7355769230769231 0.11298076923076933