0 0.28605769230769246 0.9879807692307693 0.24278846153846168 0.9879807692307693 0.24278846153846168 1 0.28605769230769246 1
0 0.8413461538461539 0.13221153846153857 0.7115384615384616 0.13221153846153857 0.7115384615384616 0.3052884615384616 0.8413461538461539 0.3052884615384617
0 0.26682692307692313 0.31009615384615385 0.16346153846153852 0.31009615384615385 0.16346153846153852 0.4879807692307692 0.26682692307692313 0.4879807692307692
0 0.9855769230769231 0.1514423076923078 0.6923076923076923 0.15144230769230776 0.6923076923076923 0.4687500000000001 0.9855769230769231 0.4687500000000001
0 0.25000000000000006 0.39903846153846156 0.11057692307692311 0.39903846153846156 0.11057692307692313 0.6009615384615384 0.25000000000000006 0.6009615384615384
0 0.7043269230769231 0.3125000000000001 0.5793269230769231 0.3125000000000001 0.5793269230769231 0.5024038461538463 0.7043269230769231 0.5024038461538463
0 0.21153846153846162 0.5192307692307693 0.08413461538461545 0.5192307692307693 0.08413461538461547 0.7139423076923077 0.21153846153846162 0.7139423076923077
0 0.6971153846153846 0.5216346153846155 0.6418269230769231 0.5216346153846155 0.6418269230769231 0.5793269230769232 0.6971153846153846 0.5793269230769232
0 0.5625000000000001 0.6129807692307693 0.5096153846153848 0.6129807692307693 0.5096153846153848 0.6778846153846154 0.5625000000000001 0.6778846153846154
0 0.9903846153846154 0.49038461538461553 0.8942307692307693 0.49038461538461553 0.8942307692307693 0.6009615384615385 0.9903846153846154 0.6009615384615385
0 0.39663461538461536 0.014423076923076964 0.27163461538461536 0.014423076923076957 0.27163461538461536 0.18269230769230774 0.39663461538461536 0.18269230769230776
0 0.8533653846153846 0.605769230769231 0.7860576923076923 0.605769230769231 0.7860576923076923 0.6923076923076923 0.8533653846153846 0.6923076923076923
0 0.4302884615384617 0.75 0.40384615384615397 0.75 0.40384615384615397 0.7764423076923077 0.4302884615384617 0.7764423076923077
0 0.9447115384615384 0.7331730769230769 0.8942307692307693 0.7331730769230769 0.8942307692307693 0.8004807692307693 0.9447115384615384 0.8004807692307693
0 0.8798076923076923 9.964974555561998e-17 0.7475961538461539 9.155412368625647e-17 0.7475961538461539 0.09134615384615395 0.8798076923076923 0.09134615384615395