0 0.17067307692307693 1.486650561464936e-17 0.07211538461538461 8.831587493851106e-18 0.07211538461538461 0.02403846153846155 0.17067307692307693 0.024038461538461557
0 0.84375 0.7283653846153846 0.625 0.7283653846153846 0.625 0.8533653846153846 0.84375 0.8533653846153846
0 0.7307692307692307 0.4399038461538463 0.6129807692307693 0.4399038461538463 0.6129807692307693 0.5096153846153848 0.7307692307692307 0.5096153846153848
0 0.7067307692307693 0.31730769230769246 0.6081730769230769 0.31730769230769246 0.6081730769230769 0.3822115384615386 0.7067307692307693 0.3822115384615386
0 0.6322115384615384 0.5937500000000001 0.4086538461538463 0.59375 0.4086538461538463 0.7620192307692307 0.6322115384615384 0.7620192307692307
0 0.5721153846153847 0.5240384615384616 0.43028846153846156 0.5240384615384616 0.4302884615384616 0.6225961538461539 0.5721153846153848 0.6225961538461539
0 0.5504807692307693 0.09375000000000006 0.37259615384615385 0.09375000000000003 0.37259615384615385 0.19471153846153852 0.5504807692307693 0.19471153846153852
0 0.38461538461538475 0.7403846153846154 0.295673076923077 0.7403846153846154 0.295673076923077 0.7956730769230769 0.38461538461538475 0.7956730769230769
0 0.3076923076923078 0.5889423076923077 0.1971153846153847 0.5889423076923077 0.1971153846153847 0.6899038461538461 0.3076923076923078 0.6899038461538461
0 0.37259615384615385 4.0036529972125004e-17 0.28125 3.4443191226019304e-17 0.28125 0.021634615384615422 0.37259615384615385 0.021634615384615426
0 0.9326923076923077 0.9471153846153846 0.7644230769230769 0.9471153846153846 0.7644230769230769 1 0.9326923076923077 1
0 0.5216346153846154 0.5576923076923077 0.42788461538461536 0.5576923076923077 0.4278846153846155 0.6057692307692307 0.5216346153846155 0.6057692307692307