0 0.08413461538461545 0.5625 0.016826923076923146 0.5625 0.01682692307692315 0.6322115384615384 0.08413461538461545 0.6322115384615384
0 0.9735576923076923 0.04326923076923087 0.75 0.04326923076923085 0.75 0.1250000000000001 0.9735576923076923 0.1250000000000001
0 1 0.1875000000000001 0.71875 0.18750000000000006 0.71875 0.38942307692307704 1 0.38942307692307704
0 0.8317307692307693 0.6298076923076923 0.6418269230769231 0.6298076923076923 0.6418269230769231 0.7740384615384616 0.8317307692307693 0.7740384615384616
0 0.7259615384615384 0.625 0.4254807692307694 0.625 0.4254807692307694 0.8317307692307693 0.7259615384615384 0.8317307692307693
0 0.5408653846153846 0.06250000000000006 0.3605769230769231 0.06250000000000006 0.3605769230769231 0.19471153846153852 0.5408653846153846 0.19471153846153852
0 0.5144230769230771 0.7932692307692307 0.3677884615384617 0.7932692307692307 0.3677884615384617 0.9182692307692307 0.5144230769230771 0.9182692307692307
0 0.39182692307692324 0.9423076923076923 0.30288461538461553 0.9423076923076923 0.30288461538461553 0.9879807692307693 0.39182692307692324 0.9879807692307693
0 0.41586538461538475 0.7163461538461539 0.1850961538461539 0.7163461538461539 0.18509615384615394 0.9182692307692307 0.41586538461538475 0.9182692307692307
0 0.31490384615384615 0.4182692307692308 0.16346153846153852 0.4182692307692308 0.16346153846153852 0.5408653846153846 0.31490384615384615 0.5408653846153846
0 0.264423076923077 0.25961538461538464 0.12259615384615388 0.25961538461538464 0.12259615384615388 0.3894230769230769 0.264423076923077 0.3894230769230769
0 1 0.4615384615384617 0.8245192307692307 0.4615384615384617 0.8245192307692307 0.5985576923076924 1 0.5985576923076924