0 0.625 0.07451923076923084 0.5120192307692307 0.07451923076923084 0.5120192307692307 0.3149038461538462 0.625 0.3149038461538463
0 0.4014423076923077 0.16826923076923084 0.2932692307692308 0.16826923076923084 0.2932692307692308 0.35096153846153844 0.4014423076923077 0.35096153846153844
0 0.8870192307692307 0.07932692307692318 0.75 0.07932692307692318 0.75 0.4375000000000001 0.8870192307692307 0.4375000000000001
0 0.17548076923076927 0.23317307692307693 0.08894230769230772 0.23317307692307693 0.08894230769230772 0.4182692307692308 0.1754807692307693 0.4182692307692308
0 0.9783653846153846 0.17067307692307707 0.8533653846153846 0.17067307692307707 0.8533653846153846 0.43509615384615397 0.9783653846153846 0.43509615384615397
0 0.5 0.295673076923077 0.4182692307692308 0.295673076923077 0.4182692307692308 0.42788461538461536 0.5 0.42788461538461536
0 0.6201923076923077 0.4471153846153847 0.5384615384615384 0.44711538461538464 0.5384615384615385 0.625 0.6201923076923077 0.625
0 0.08653846153846162 0.5793269230769231 0.007211538461538532 0.5793269230769231 0.0072115384615385435 0.7740384615384616 0.08653846153846165 0.7740384615384616
0 0.3125000000000001 0.6153846153846154 0.22596153846153852 0.6153846153846154 0.22596153846153852 0.7884615384615384 0.3125000000000001 0.7884615384615384
0 0.8317307692307693 0.6370192307692307 0.8004807692307693 0.6370192307692307 0.8004807692307693 0.6802884615384616 0.8317307692307693 0.6802884615384616
0 0.9206730769230769 0.7067307692307693 0.8774038461538461 0.7067307692307693 0.8774038461538461 0.7572115384615384 0.9206730769230769 0.7572115384615384