0 0.9230769230769231 0.3076923076923078 0.6634615384615384 0.3076923076923078 0.6634615384615384 0.4639423076923078 0.9230769230769231 0.4639423076923078
0 0.8677884615384616 0.5360576923076924 0.6586538461538461 0.5360576923076924 0.6586538461538461 0.6947115384615384 0.8677884615384616 0.6947115384615384
0 0.8822115384615384 0.03846153846153855 0.4951923076923077 0.03846153846153853 0.4951923076923077 0.2596153846153847 0.8822115384615384 0.25961538461538475
0 0.8317307692307693 0.7740384615384616 0.6298076923076923 0.7740384615384616 0.6298076923076923 0.9014423076923077 0.8317307692307693 0.9014423076923077
0 0.7764423076923077 7.712919744629964e-17 0.4831730769230769 5.91716362088024e-17 0.4831730769230769 0.1538461538461539 0.7764423076923077 0.1538461538461539
0 0.71875 0.4615384615384617 0.5673076923076923 0.4615384615384617 0.5673076923076924 0.5769230769230771 0.71875 0.5769230769230771
0 0.5528846153846154 0.3629807692307692 0.35336538461538464 0.3629807692307692 0.35336538461538464 0.49278846153846156 0.5528846153846154 0.49278846153846156
0 0.5048076923076924 0.9110576923076923 0.2932692307692309 0.9110576923076923 0.2932692307692309 1 0.5048076923076924 1
0 0.43509615384615397 0.6947115384615384 0.24038461538461545 0.6947115384615384 0.24038461538461545 0.8269230769230769 0.43509615384615397 0.8269230769230769
0 0.31971153846153844 0.19230769230769235 0.2692307692307692 0.19230769230769232 0.2692307692307692 0.2355769230769231 0.31971153846153844 0.23557692307692316
0 0.2403846153846154 0.11538461538461542 0.1778846153846154 0.11538461538461542 0.1778846153846154 0.17067307692307693 0.2403846153846154 0.17067307692307693