0 0.9134615384615384 1.0907010554906114e-16 0.8677884615384616 1.062734361760083e-16 0.8677884615384616 0.07692307692307702 0.9134615384615384 0.07692307692307702
0 0.36057692307692324 0.6802884615384616 0.1177884615384616 0.6802884615384616 0.11778846153846162 0.8533653846153846 0.36057692307692324 0.8533653846153846
0 0.39903846153846156 0.4110576923076923 0.2692307692307693 0.4110576923076923 0.2692307692307693 0.5048076923076923 0.39903846153846156 0.5048076923076923
0 0.4182692307692308 0.2860576923076924 0.3028846153846155 0.2860576923076924 0.3028846153846155 0.3798076923076923 0.4182692307692308 0.3798076923076923
0 0.5985576923076924 0.5576923076923077 0.3293269230769231 0.5576923076923077 0.32932692307692313 0.7932692307692307 0.5985576923076924 0.7932692307692307
0 0.5745192307692308 0.5072115384615385 0.4110576923076923 0.5072115384615384 0.4110576923076924 0.6394230769230769 0.574519230769231 0.6394230769230769
0 0.6754807692307693 0.076923076923077 0.47836538461538464 0.076923076923077 0.47836538461538464 0.22115384615384623 0.6754807692307693 0.22115384615384623
0 0.6875 0.7403846153846154 0.5793269230769232 0.7403846153846154 0.5793269230769232 0.8245192307692307 0.6875 0.8245192307692307
0 0.8004807692307693 0.6009615384615385 0.6682692307692307 0.6009615384615385 0.6682692307692307 0.7259615384615384 0.8004807692307693 0.7259615384615384
0 0.7764423076923077 8.87574543132036e-17 0.6730769230769231 8.242814994261032e-17 0.6730769230769231 0.05048076923076932 0.7764423076923077 0.050480769230769336
0 0.1995192307692309 0.8894230769230769 0.08173076923076933 0.8894230769230769 0.08173076923076936 1 0.1995192307692309 1
0 0.5697115384615385 0.545673076923077 0.46634615384615385 0.5456730769230769 0.4663461538461539 0.6225961538461539 0.5697115384615385 0.6225961538461539