0 0.7091346153846154 0.8966346153846154 0.6514423076923077 0.8966346153846154 0.6514423076923077 0.9495192307692307 0.7091346153846154 0.9495192307692307
0 0.038461538461538484 0.11538461538461539 1.4130539990161767e-17 0.11538461538461539 2.767230748073346e-17 0.33653846153846156 0.0384615384615385 0.33653846153846156
0 0.29086538461538464 0.0480769230769231 0.15625 0.048076923076923093 0.15625000000000003 0.3125 0.2908653846153847 0.3125
0 0.7043269230769231 0.14663461538461547 0.5985576923076923 0.14663461538461545 0.5985576923076923 0.3149038461538463 0.7043269230769231 0.3149038461538463
0 0.78125 0.2475961538461539 0.6370192307692307 0.2475961538461539 0.6370192307692307 0.5168269230769232 0.78125 0.5168269230769232
0 0.18990384615384623 0.5384615384615384 0.10096153846153853 0.5384615384615384 0.10096153846153855 0.6995192307692307 0.18990384615384623 0.6995192307692307
0 0.9086538461538461 0.42788461538461553 0.8125 0.42788461538461553 0.8125 0.5528846153846155 0.9086538461538461 0.5528846153846155
0 1 0.5240384615384617 0.9759615384615384 0.5240384615384617 0.9759615384615384 0.605769230769231 1 0.605769230769231
0 0.9230769230769231 0.5408653846153848 0.7740384615384616 0.5408653846153848 0.7740384615384616 0.7307692307692307 0.9230769230769231 0.7307692307692307
0 0.5721153846153848 0.6971153846153846 0.4879807692307694 0.6971153846153846 0.4879807692307694 0.8245192307692307 0.5721153846153848 0.8245192307692307
0 0.43509615384615397 0.7764423076923077 0.3365384615384617 0.7764423076923077 0.3365384615384617 0.8966346153846154 0.43509615384615397 0.8966346153846154
0 0.49759615384615385 5.549180808636444e-17 0.40865384615384615 5.004566246515626e-17 0.40865384615384615 0.16346153846153852 0.49759615384615385 0.16346153846153852