0 0.9927884615384616 0.5793269230769232 0.9230769230769231 0.5793269230769232 0.9230769230769231 0.6466346153846154 0.9927884615384616 0.6466346153846154
0 0.9759615384615384 0.2355769230769232 0.90625 0.2355769230769232 0.90625 0.29086538461538475 0.9759615384615384 0.29086538461538475
0 0.27644230769230776 0.6322115384615384 0.08894230769230776 0.6322115384615384 0.08894230769230778 0.7524038461538461 0.27644230769230776 0.7524038461538461
0 0.3004807692307693 0.13942307692307693 0.016826923076923093 0.13942307692307693 0.016826923076923107 0.34375 0.3004807692307693 0.34375
0 0.27884615384615385 0.012019230769230794 0.13942307692307693 0.012019230769230786 0.13942307692307693 0.09615384615384617 0.27884615384615385 0.09615384615384619
0 0.32211538461538464 0.07692307692307696 0.23076923076923078 0.07692307692307696 0.23076923076923078 0.1586538461538462 0.32211538461538464 0.15865384615384623
0 0.4447115384615386 0.6057692307692307 0.3125000000000001 0.6057692307692307 0.3125000000000001 0.7019230769230769 0.4447115384615386 0.7019230769230769
0 0.4807692307692308 4.371635809456297e-17 0.23317307692307693 2.855546623011857e-17 0.23317307692307693 0.18269230769230774 0.4807692307692308 0.18269230769230776
0 0.5336538461538463 0.9543269230769231 0.49038461538461553 0.9543269230769231 0.49038461538461553 1 0.5336538461538463 1
0 0.5336538461538463 0.5625 0.4567307692307694 0.5625 0.4567307692307694 0.6346153846153846 0.5336538461538463 0.6346153846153846
0 0.6009615384615385 0.5504807692307693 0.46153846153846156 0.5504807692307693 0.4615384615384616 0.65625 0.6009615384615385 0.65625
0 0.5961538461538461 0.358173076923077 0.46875 0.3581730769230769 0.46875 0.44951923076923084 0.5961538461538461 0.4495192307692309
0 0.7331730769230769 0.8509615384615384 0.5817307692307694 0.8509615384615384 0.5817307692307694 0.9615384615384616 0.7331730769230769 0.9615384615384616
0 0.6778846153846154 0.12259615384615391 0.5769230769230769 0.12259615384615391 0.5769230769230769 0.20192307692307698 0.6778846153846154 0.20192307692307698
0 0.7596153846153846 0.8317307692307693 0.6971153846153846 0.8317307692307693 0.6971153846153846 0.8846153846153846 0.7596153846153846 0.8846153846153846
0 0.15625000000000006 0.47596153846153844 5.82884774594173e-17 0.47596153846153844 6.667848557857584e-17 0.6129807692307693 0.15625000000000006 0.6129807692307693
0 0.8149038461538461 0.39663461538461553 0.7355769230769231 0.39663461538461553 0.7355769230769231 0.4759615384615386 0.8149038461538461 0.4759615384615386
0 0.8557692307692307 0.5336538461538463 0.8197115384615384 0.5336538461538463 0.8197115384615384 0.5721153846153848 0.8557692307692307 0.5721153846153848
0 0.24519230769230774 0.16346153846153846 0.01923076923076925 0.16346153846153846 0.01923076923076926 0.3485576923076923 0.24519230769230776 0.3485576923076923