0 0.3870192307692309 0.5889423076923077 0.10576923076923084 0.5889423076923077 0.10576923076923085 0.7884615384615384 0.3870192307692309 0.7884615384615384
0 0.3269230769230769 0.375 0.10817307692307696 0.375 0.10817307692307697 0.5432692307692307 0.3269230769230769 0.5432692307692307
0 0.605769230769231 0.7644230769230769 0.20913461538461545 0.7644230769230769 0.20913461538461547 1 0.605769230769231 1
0 0.29807692307692313 0.16586538461538464 0.08653846153846158 0.1658653846153846 0.08653846153846158 0.3076923076923077 0.29807692307692313 0.3076923076923077
0 0.6298076923076923 0.8533653846153846 0.3365384615384617 0.8533653846153846 0.3365384615384617 1 0.6298076923076923 1
0 0.4350961538461539 0.4567307692307692 0.2788461538461539 0.4567307692307692 0.2788461538461539 0.5817307692307693 0.43509615384615397 0.5817307692307693
0 0.6658653846153846 0.4903846153846155 0.4639423076923077 0.49038461538461536 0.46394230769230776 0.6274038461538461 0.6658653846153846 0.6274038461538461
0 0.5817307692307693 5.843567058431482e-17 0.37259615384615385 4.5629868718230704e-17 0.37259615384615385 0.07932692307692313 0.5817307692307693 0.07932692307692314
0 0.6923076923076923 0.13942307692307698 0.49278846153846156 0.13942307692307698 0.49278846153846156 0.2788461538461539 0.6923076923076923 0.2788461538461539
0 0.8004807692307693 0.7019230769230769 0.7475961538461539 0.7019230769230769 0.7475961538461539 0.75 0.8004807692307693 0.75
0 0.90625 0.7379807692307693 0.8413461538461539 0.7379807692307693 0.8413461538461539 0.8004807692307693 0.90625 0.8004807692307693