0 1 0.043269230769230886 0.9302884615384616 0.043269230769230886 0.9302884615384616 0.1250000000000001 1 0.12500000000000014
0 0.31730769230769246 0.6706730769230769 0.09855769230769237 0.6706730769230769 0.09855769230769239 0.7932692307692307 0.31730769230769246 0.7932692307692307
0 0.39903846153846156 0.4014423076923077 0.28125000000000006 0.4014423076923077 0.28125000000000006 0.4735576923076923 0.39903846153846156 0.4735576923076923
0 0.43028846153846156 0.2860576923076924 0.33413461538461536 0.2860576923076924 0.33413461538461536 0.35096153846153844 0.43028846153846156 0.35096153846153844
0 0.5576923076923078 0.5793269230769231 0.32692307692307704 0.5793269230769231 0.32692307692307704 0.7596153846153846 0.5576923076923078 0.7596153846153846
0 0.5576923076923077 0.5192307692307693 0.4110576923076923 0.5192307692307693 0.4110576923076924 0.6274038461538461 0.5576923076923078 0.6274038461538461
0 0.7067307692307693 0.11298076923076932 0.53125 0.1129807692307693 0.53125 0.20913461538461545 0.7067307692307693 0.20913461538461545
0 0.6418269230769231 0.7692307692307693 0.5528846153846155 0.7692307692307693 0.5528846153846155 0.8269230769230769 0.6418269230769231 0.8269230769230769
0 0.7668269230769231 0.6418269230769231 0.65625 0.6418269230769231 0.65625 0.7403846153846154 0.7668269230769231 0.7403846153846154
0 0.8293269230769231 0.024038461538461637 0.7403846153846154 0.024038461538461633 0.7403846153846154 0.07692307692307702 0.8293269230769231 0.07692307692307702
0 0.13221153846153857 0.8509615384615384 1.0421273242744304e-16 0.8509615384615384 1.1098361617272888e-16 0.9615384615384616 0.13221153846153857 0.9615384615384616
0 0.5528846153846155 0.5625 0.4615384615384617 0.5625 0.4615384615384617 0.6105769230769231 0.5528846153846155 0.6105769230769231