0 1 0.42067307692307704 0.9302884615384616 0.42067307692307704 0.9302884615384616 0.49038461538461553 1 0.49038461538461553
0 0.8774038461538461 0.10336538461538472 0.8004807692307693 0.10336538461538472 0.8004807692307693 0.16586538461538472 0.8774038461538461 0.16586538461538475
0 0.3629807692307694 0.7115384615384616 0.16105769230769237 0.7115384615384616 0.1610576923076924 0.8605769230769231 0.3629807692307694 0.8605769230769231
0 0.24278846153846156 0.25 3.061616997868383e-17 0.25 4.489390309374311e-17 0.4831730769230769 0.24278846153846162 0.4831730769230769
0 0.1514423076923077 0.12500000000000003 0.007211538461538477 0.125 0.007211538461538483 0.22355769230769232 0.15144230769230774 0.22355769230769232
0 0.21394230769230768 0.1658653846153846 0.11538461538461542 0.1658653846153846 0.11538461538461542 0.2548076923076923 0.21394230769230768 0.2548076923076923
0 0.5048076923076924 0.6298076923076923 0.3629807692307694 0.6298076923076923 0.3629807692307694 0.7403846153846154 0.5048076923076924 0.7403846153846154
0 0.3605769230769231 0.0384615384615385 0.09615384615384616 0.03846153846153848 0.09615384615384617 0.26682692307692313 0.3605769230769231 0.26682692307692313
0 0.6923076923076923 0.9206730769230769 0.6394230769230769 0.9206730769230769 0.6394230769230769 0.9735576923076923 0.6923076923076923 0.9735576923076923
0 0.5721153846153847 0.5552884615384616 0.4855769230769231 0.5552884615384616 0.48557692307692313 0.6370192307692307 0.5721153846153848 0.6370192307692307
0 0.6418269230769231 0.5216346153846154 0.4855769230769231 0.5216346153846154 0.48557692307692313 0.65625 0.6418269230769231 0.65625
0 0.5649038461538461 0.3485576923076924 0.43028846153846156 0.3485576923076923 0.43028846153846156 0.44951923076923084 0.5649038461538461 0.4495192307692309
0 0.8605769230769231 0.7692307692307693 0.7019230769230769 0.7692307692307693 0.7019230769230769 0.8942307692307693 0.8605769230769231 0.8942307692307693
0 0.5600961538461539 0.09855769230769237 0.46153846153846156 0.09855769230769237 0.46153846153846156 0.17788461538461545 0.5600961538461539 0.17788461538461545
0 0.8653846153846154 0.7355769230769231 0.7980769230769231 0.7355769230769231 0.7980769230769231 0.7956730769230769 0.8653846153846154 0.7956730769230769
0 0.20192307692307698 0.6033653846153846 0.019230769230769308 0.6033653846153846 0.019230769230769315 0.7620192307692307 0.20192307692307698 0.7620192307692307
0 0.7836538461538461 0.3052884615384616 0.6971153846153846 0.3052884615384616 0.6971153846153846 0.3942307692307694 0.7836538461538461 0.3942307692307694
0 0.8557692307692307 0.4182692307692309 0.8149038461538461 0.4182692307692309 0.8149038461538461 0.4615384615384617 0.8557692307692307 0.4615384615384617
0 0.1947115384615385 0.27884615384615385 3.414880497622427e-17 0.27884615384615385 4.754337934189845e-17 0.49759615384615385 0.19471153846153852 0.49759615384615385