0 0.5576923076923078 0.9302884615384616 0.4927884615384617 0.9302884615384616 0.4927884615384617 0.9879807692307693 0.5576923076923078 0.9879807692307693
0 0.17307692307692307 1.4277733115059286e-17 0.06009615384615385 7.359656244875921e-18 0.060096153846153855 0.1778846153846154 0.17307692307692307 0.1778846153846154
0 0.43509615384615385 4.268600622028034e-17 0.2620192307692308 3.2088101227659013e-17 0.2620192307692308 0.24759615384615388 0.43509615384615385 0.2475961538461539
0 0.7932692307692307 0.21153846153846162 0.6754807692307693 0.21153846153846162 0.6754807692307693 0.3870192307692309 0.7932692307692307 0.3870192307692309
0 0.8293269230769231 0.3149038461538463 0.6442307692307693 0.3149038461538463 0.6442307692307693 0.605769230769231 0.8293269230769231 0.605769230769231
0 0.18028846153846162 0.40625 0.07451923076923082 0.40625 0.07451923076923082 0.5745192307692307 0.18028846153846162 0.5745192307692307
0 0.8990384615384616 0.543269230769231 0.7836538461538461 0.543269230769231 0.7836538461538461 0.6826923076923077 0.8990384615384616 0.6826923076923077
0 0.9711538461538461 0.6875 0.9158653846153846 0.6875 0.9158653846153846 0.7740384615384616 0.9711538461538461 0.7740384615384616
0 0.8677884615384616 0.6442307692307693 0.6947115384615384 0.6442307692307693 0.6947115384615384 0.8509615384615384 0.8677884615384616 0.8509615384615384
0 0.4927884615384617 0.6850961538461539 0.3870192307692309 0.6850961538461539 0.3870192307692309 0.8269230769230769 0.4927884615384617 0.8269230769230769
0 0.3365384615384617 0.7115384615384616 0.21875000000000006 0.7115384615384616 0.2187500000000001 0.8461538461538461 0.3365384615384617 0.8461538461538461
0 0.6586538461538461 0.004807692307692382 0.5408653846153846 0.004807692307692374 0.5408653846153846 0.18028846153846162 0.6586538461538461 0.18028846153846162