0 0.09615384615384624 0.6490384615384616 0.019230769230769308 0.6490384615384616 0.01923076923076931 0.7115384615384616 0.09615384615384626 0.7115384615384616
0 0.0649038461538462 0.3004807692307692 3.6798281224379606e-17 0.3004807692307692 4.003652997212501e-17 0.35336538461538464 0.0649038461538462 0.35336538461538464
0 0.9350961538461539 0.5841346153846155 0.7427884615384616 0.5841346153846155 0.7427884615384616 0.7091346153846154 0.9350961538461539 0.7091346153846154
0 0.9663461538461539 0.09134615384615394 0.6586538461538461 0.09134615384615391 0.6586538461538461 0.2932692307692309 0.9663461538461539 0.2932692307692309
0 0.7932692307692307 8.87574543132036e-17 0.65625 8.036744619404505e-17 0.65625 0.055288461538461633 0.7932692307692307 0.05528846153846164
0 0.7139423076923077 0.045673076923077 0.6225961538461539 0.04567307692307699 0.6225961538461539 0.13221153846153855 0.7139423076923077 0.13221153846153857
0 0.7115384615384616 0.5865384615384617 0.574519230769231 0.5865384615384617 0.574519230769231 0.6850961538461539 0.7115384615384616 0.6850961538461539
0 0.7163461538461539 7.183024494998897e-17 0.4567307692307692 5.593338746105699e-17 0.4567307692307692 0.17067307692307698 0.7163461538461539 0.17067307692307698
0 0.574519230769231 0.9519230769230769 0.5312500000000001 0.9519230769230769 0.5312500000000001 0.9951923076923077 0.574519230769231 0.9951923076923077
0 0.5576923076923078 0.5625 0.47836538461538475 0.5625 0.47836538461538475 0.6346153846153846 0.5576923076923078 0.6346153846153846
0 0.5552884615384616 0.5528846153846154 0.41346153846153844 0.5528846153846154 0.41346153846153855 0.6610576923076923 0.5552884615384617 0.6610576923076923
0 0.5240384615384616 0.3629807692307692 0.3918269230769231 0.3629807692307692 0.3918269230769231 0.45913461538461536 0.5240384615384616 0.45913461538461536
0 0.4807692307692309 0.8629807692307693 0.3197115384615386 0.8629807692307693 0.3197115384615386 0.9831730769230769 0.4807692307692309 0.9831730769230769
0 0.375 0.14663461538461542 0.27884615384615385 0.14663461538461542 0.27884615384615385 0.21875000000000003 0.375 0.21875000000000006
0 0.3557692307692309 0.8605769230769231 0.29567307692307704 0.8605769230769231 0.29567307692307704 0.9110576923076923 0.3557692307692309 0.9110576923076923
0 1 0.4134615384615386 0.84375 0.4134615384615386 0.84375 0.5480769230769232 1 0.5480769230769232
0 0.25721153846153855 0.4326923076923077 0.18028846153846162 0.4326923076923077 0.18028846153846162 0.5144230769230769 0.25721153846153855 0.5144230769230769
0 0.19230769230769237 0.5793269230769231 0.15625000000000006 0.5793269230769231 0.15625000000000006 0.6177884615384616 0.19230769230769237 0.6177884615384616
0 0.9471153846153846 0.11538461538461549 0.71875 0.11538461538461549 0.71875 0.2980769230769232 0.9471153846153846 0.29807692307692324