0 0.9663461538461539 0.7115384615384616 0.8846153846153846 0.7115384615384616 0.8846153846153846 0.7596153846153846 0.9663461538461539 0.7596153846153846
0 1 0.36538461538461553 0.9567307692307693 0.36538461538461553 0.9567307692307693 0.4014423076923078 1 0.4014423076923078
0 0.23557692307692316 0.5576923076923077 0.055288461538461606 0.5576923076923077 0.05528846153846161 0.6514423076923077 0.23557692307692316 0.6514423076923077
0 0.36778846153846156 0.08653846153846155 0.07451923076923078 0.08653846153846154 0.0745192307692308 0.22836538461538464 0.36778846153846156 0.2283653846153847
0 0.39903846153846156 4.07724955966126e-17 0.2668269230769231 3.267687372724909e-17 0.2668269230769231 0.02403846153846158 0.39903846153846156 0.02403846153846159
0 0.42788461538461536 0.0336538461538462 0.34134615384615385 0.033653846153846194 0.34134615384615385 0.11057692307692313 0.42788461538461536 0.11057692307692314
0 0.4062500000000001 0.5769230769230769 0.28125000000000006 0.5769230769230769 0.28125000000000006 0.65625 0.4062500000000001 0.65625
0 0.5817307692307693 5.725812558513466e-17 0.35336538461538464 4.3274778719870414e-17 0.35336538461538464 0.14423076923076927 0.5817307692307693 0.1442307692307693
0 0.4086538461538463 0.9447115384615384 0.3701923076923078 0.9447115384615384 0.3701923076923078 0.9831730769230769 0.4086538461538463 0.9831730769230769
0 0.5048076923076924 0.5625 0.43509615384615397 0.5625 0.43509615384615397 0.625 0.5048076923076924 0.625
0 0.5697115384615385 0.5625000000000001 0.4399038461538463 0.5625 0.4399038461538463 0.6514423076923077 0.5697115384615385 0.6514423076923077
0 0.6153846153846154 0.3798076923076924 0.49278846153846156 0.3798076923076923 0.49278846153846156 0.451923076923077 0.6153846153846154 0.45192307692307704
0 0.6177884615384616 0.8870192307692307 0.47355769230769246 0.8870192307692307 0.47355769230769246 0.9831730769230769 0.6177884615384616 0.9831730769230769
0 0.7548076923076923 0.18028846153846162 0.6682692307692307 0.18028846153846162 0.6682692307692307 0.23557692307692316 0.7548076923076923 0.23557692307692316
0 0.6538461538461539 0.8798076923076923 0.6009615384615385 0.8798076923076923 0.6009615384615385 0.9254807692307693 0.6538461538461539 0.9254807692307693
0 0.15144230769230774 0.375 4.592425496802575e-17 0.375 5.2695138713311594e-17 0.4855769230769231 0.15144230769230776 0.4855769230769231
0 0.8173076923076923 0.4711538461538463 0.7475961538461539 0.4711538461538463 0.7475961538461539 0.543269230769231 0.8173076923076923 0.543269230769231
0 0.8317307692307693 0.6177884615384616 0.7980769230769231 0.6177884615384616 0.7980769230769231 0.65625 0.8317307692307693 0.65625
0 0.3125 0.08894230769230771 0.10336538461538461 0.0889423076923077 0.10336538461538464 0.25000000000000006 0.3125 0.25000000000000006