0 0.6466346153846154 0.9206730769230769 0.591346153846154 0.9206730769230769 0.591346153846154 0.9663461538461539 0.6466346153846154 0.9663461538461539
0 0.06730769230769232 0.04807692307692308 5.887724995900737e-18 0.04807692307692308 1.8987913111779876e-17 0.2620192307692308 0.06730769230769235 0.2620192307692308
0 0.31971153846153844 0.016826923076923107 0.21875 0.016826923076923104 0.21875 0.2764423076923077 0.31971153846153844 0.27644230769230776
0 0.7307692307692307 0.17307692307692316 0.6442307692307693 0.17307692307692316 0.6442307692307693 0.33413461538461553 0.7307692307692307 0.33413461538461553
0 0.7788461538461539 0.28125000000000006 0.6682692307692307 0.28125000000000006 0.6682692307692307 0.543269230769231 0.7788461538461539 0.543269230769231
0 0.16826923076923084 0.49038461538461536 0.09855769230769237 0.49038461538461536 0.09855769230769237 0.6466346153846154 0.16826923076923084 0.6466346153846154
0 0.8990384615384616 0.4807692307692309 0.8149038461538461 0.4807692307692309 0.8149038461538461 0.5985576923076924 0.8990384615384616 0.5985576923076924
0 1 0.5961538461538463 0.9663461538461539 0.5961538461538463 0.9663461538461539 0.6730769230769231 1 0.6730769230769231
0 0.8918269230769231 0.5937500000000001 0.7620192307692307 0.5937500000000001 0.7620192307692307 0.7716346153846154 0.8918269230769231 0.7716346153846154
0 0.528846153846154 0.7019230769230769 0.45913461538461553 0.7019230769230769 0.45913461538461553 0.8221153846153846 0.528846153846154 0.8221153846153846
0 0.3822115384615386 0.7620192307692307 0.29807692307692313 0.7620192307692307 0.2980769230769232 0.8725961538461539 0.3822115384615386 0.8725961538461539
0 0.5456730769230769 6.270427120634284e-17 0.47836538461538464 5.858286370921233e-17 0.47836538461538464 0.15865384615384623 0.5456730769230769 0.15865384615384623