0 0.6899038461538461 0.076923076923077 0.5336538461538461 0.076923076923077 0.5336538461538461 0.3341346153846155 0.6899038461538461 0.33413461538461553
0 0.4543269230769231 0.1370192307692308 0.31009615384615385 0.1370192307692308 0.31009615384615385 0.34134615384615385 0.4543269230769231 0.34134615384615385
0 0.9543269230769231 0.11538461538461549 0.7475961538461539 0.11538461538461549 0.7475961538461539 0.49759615384615397 0.9543269230769231 0.49759615384615397
0 0.22836538461538464 0.17307692307692307 0.09615384615384619 0.17307692307692307 0.09615384615384619 0.37740384615384615 0.2283653846153847 0.37740384615384615
0 1 0.21875000000000014 0.84375 0.21875000000000014 0.84375 0.5048076923076924 1 0.5048076923076924
0 0.53125 0.2860576923076924 0.42788461538461536 0.2860576923076924 0.42788461538461536 0.43028846153846156 0.53125 0.43028846153846156
0 0.6322115384615384 0.44951923076923084 0.5168269230769231 0.4495192307692308 0.5168269230769231 0.6418269230769231 0.6322115384615384 0.6418269230769231
0 0.08894230769230778 0.5 6.123233995736766e-17 0.5 7.403814182345177e-17 0.7091346153846154 0.08894230769230779 0.7091346153846154
0 0.31009615384615397 0.5721153846153846 0.18028846153846162 0.5721153846153846 0.18028846153846162 0.7644230769230769 0.31009615384615397 0.7644230769230769
0 0.8173076923076923 0.6754807692307693 0.7692307692307693 0.6754807692307693 0.7692307692307693 0.7283653846153846 0.8173076923076923 0.7283653846153846
0 0.8894230769230769 0.7548076923076923 0.8341346153846154 0.7548076923076923 0.8341346153846154 0.8173076923076923 0.8894230769230769 0.8173076923076923